/*--------------------------------*- C++ -*----------------------------------*\
| =========                 |                                                 |
| \\      /  F ield         | OpenFOAM: The Open Source CFD Toolbox           |
|  \\    /   O peration     | Version:  2412                                  |
|   \\  /    A nd           | Website:  www.openfoam.com                      |
|    \\/     M anipulation  |                                                 |
\*---------------------------------------------------------------------------*/
FoamFile
{
    version     2.0;
    format      ascii;
    arch        "LSB;label=32;scalar=64";
    class       volScalarField;
    location    "1.2/fluid";
    object      wallHeatFlux;
}
// * * * * * * * * * * * * * * * * * * * * * * * * * * * * * * * * * * * * * //

dimensions      [1 0 -3 0 0 0 0];

internalField   uniform 0;

boundaryField
{
    inlet
    {
        type            calculated;
        value           uniform 0;
    }
    outlet
    {
        type            calculated;
        value           uniform 0;
    }
    walls
    {
        type            calculated;
        value           uniform 0;
    }
    fluid_to_solid
    {
        type            calculated;
        value           nonuniform List<scalar> 
500
(
1847.53
1600.54
1494.48
1431.43
1400.22
1400.22
1431.43
1494.48
1600.54
1847.59
2136.11
1905.26
1715.07
1613.15
1568.52
1568.59
1613.15
1715.13
1905.2
2136.11
2062.01
1901.55
1766.5
1694.8
1663.77
1663.77
1694.8
1766.5
1901.49
2062.01
1821.26
1690.84
1583.85
1529.83
1507.15
1507.15
1529.89
1584.04
1690.91
1821.32
1568.96
1453.99
1361.22
1315.48
1296.19
1296.19
1315.54
1361.4
1454.12
1569.02
1346.69
1244.21
1161.39
1121.21
1104.28
1104.28
1121.27
1161.45
1244.27
1346.69
1159.53
1067.13
991.352
954.823
939.433
939.433
954.823
991.291
1067.13
1159.53
1030.11
950.62
884.176
852.777
839.673
839.55
852.592
883.99
950.435
1029.86
966.876
904.264
850.799
825.581
815.135
815.074
825.457
850.675
904.078
966.629
959.583
915.451
876.821
859.081
852.035
852.035
859.081
876.821
915.389
959.521
1774.46
925.247
749.612
569.636
653.794
681.02
752.031
835.507
922.891
1005.19
1971.62
768.342
497.075
367.395
402.063
435.243
508.3
605.42
712.711
886.362
1894.34
759.163
407.273
298.431
317.843
336.386
394.311
475.058
586.567
876.005
1675.17
650.507
352.635
272.259
279.143
280.074
321.812
379.861
488.578
796.746
1444.34
546.999
321.688
259.235
267.174
258.243
289.004
325.037
417.94
680.648
1241.23
464.267
287.95
241.002
250.367
243.235
266.119
288.446
355.922
559.899
1067.89
403.986
256.755
226.738
235.358
230.707
250.553
267.794
305.935
453.166
946.023
376.139
225.498
203.853
211.668
217.621
233.25
251.421
276.352
369.442
882.641
411.366
218.986
200.318
203.047
216.195
225.932
242.118
273.81
324.292
876.749
582.784
309.842
236.475
246.274
233.932
243.297
269.841
294.958
336.2
772.3
740.753
752.583
755.294
752.029
752.029
755.294
752.706
740.814
772.3
1101.89
1041.01
1042.12
1047.11
1048.34
1048.34
1047.23
1042.24
1041.07
1101.95
1224.87
1164.3
1146.93
1118.52
1078.78
1078.78
1118.58
1146.99
1164.37
1224.93
1072.93
1002.44
955.055
885.921
811.735
811.735
886.044
955.24
1002.56
1072.99
877.418
800.151
735.392
646.603
557.567
557.506
646.726
735.577
800.274
877.541
693.493
615.363
541.67
445.672
356.513
356.513
445.672
541.855
615.425
693.616
534.769
460.829
387.691
296.437
226.687
226.625
296.498
387.752
460.953
534.892
407.038
342.834
279.554
203.827
154.411
154.411
203.889
279.615
342.895
407.161
315.661
267.662
222.928
168.829
125.451
125.451
168.767
222.928
267.662
315.723
281.464
253.86
234.327
199.206
156.752
156.691
199.144
234.327
253.983
281.402
1774.46
925.247
749.674
569.636
653.732
681.02
751.969
835.445
922.891
1005.19
1971.68
768.342
497.137
367.395
402.063
435.243
508.3
605.482
712.773
886.424
1894.4
759.101
407.335
298.555
317.905
336.448
394.373
475.12
586.567
876.067
1675.17
650.507
352.635
272.321
279.205
280.136
321.936
379.923
488.64
796.808
1444.34
546.937
321.626
259.235
267.236
258.305
289.004
325.099
418.064
680.71
1241.23
464.267
287.888
241.002
250.429
243.297
266.181
288.446
355.922
559.961
1068.01
404.048
256.693
226.8
235.483
230.831
250.677
267.732
305.935
453.104
946.209
376.326
225.56
203.977
211.792
217.745
233.374
251.359
276.29
369.442
882.827
411.49
218.986
200.256
203.109
216.257
225.994
242.118
273.748
324.23
876.873
582.784
309.656
236.475
246.274
233.994
243.359
269.841
294.896
336.2
877.118
592.834
362.765
304.105
297.621
282.987
279.529
289.347
308.674
352.515
837.106
391.786
232.602
200.925
202.284
201.79
205.062
217.288
245.63
300.832
807.9
303.611
189.193
156.467
159.369
165.297
174.868
189.873
217.597
259.894
793.266
268.477
199.443
160.79
154.306
152.454
158.999
169.805
184.315
217.906
786.412
231.12
211.978
176.35
161.531
153.195
151.898
153.071
154.615
177.4
786.412
231.12
211.978
176.412
161.592
153.195
151.898
153.071
154.615
177.4
793.266
268.6
199.629
161.037
154.368
152.515
159.061
169.928
184.315
217.844
807.838
303.673
189.44
156.529
159.431
165.235
174.806
189.873
217.535
259.832
836.983
391.724
232.663
200.987
202.222
201.666
204.939
217.288
245.63
300.832
877.057
592.773
362.765
304.167
297.621
282.987
279.468
289.347
308.736
352.576
)
;
    }
}


// ************************************************************************* //
