/*--------------------------------*- C++ -*----------------------------------*\
| =========                 |                                                 |
| \\      /  F ield         | OpenFOAM: The Open Source CFD Toolbox           |
|  \\    /   O peration     | Version:  2412                                  |
|   \\  /    A nd           | Website:  www.openfoam.com                      |
|    \\/     M anipulation  |                                                 |
\*---------------------------------------------------------------------------*/
FoamFile
{
    version     2.0;
    format      ascii;
    arch        "LSB;label=32;scalar=64";
    class       volScalarField;
    location    "1.4/fluid";
    object      wallHeatFlux;
}
// * * * * * * * * * * * * * * * * * * * * * * * * * * * * * * * * * * * * * //

dimensions      [1 0 -3 0 0 0 0];

internalField   uniform 0;

boundaryField
{
    inlet
    {
        type            calculated;
        value           uniform 0;
    }
    outlet
    {
        type            calculated;
        value           uniform 0;
    }
    walls
    {
        type            calculated;
        value           uniform 0;
    }
    fluid_to_solid
    {
        type            calculated;
        value           nonuniform List<scalar> 
500
(
1841.6
1589.85
1481.5
1417.4
1385.69
1385.69
1417.4
1481.5
1589.85
1841.66
2167.45
1928.62
1731.88
1626.44
1580.51
1580.45
1626.44
1731.88
1928.56
2167.39
2130.86
1962.18
1820.21
1744.93
1712.17
1712.17
1744.86
1820.21
1962.25
2130.86
1920.83
1781.64
1667.42
1609.69
1585.34
1585.34
1609.75
1667.54
1781.7
1920.83
1694.12
1569.39
1468.7
1419.01
1398.05
1398.05
1419.07
1468.83
1569.51
1694.18
1491.32
1377.41
1285.38
1240.75
1221.9
1221.9
1240.75
1285.44
1377.47
1491.32
1320.73
1216.09
1130.3
1089.07
1071.7
1071.7
1089.07
1130.24
1216.03
1320.73
1205.58
1113.98
1037.71
1001.67
986.717
986.655
1001.49
1037.52
1113.86
1205.4
1156.2
1083.08
1020.9
991.723
979.671
979.609
991.6
1020.77
1082.89
1155.95
1160.52
1108.6
1063.3
1042.72
1034.5
1034.5
1042.72
1063.36
1108.54
1160.4
1770.68
920.286
744.713
565.481
648.523
674.88
743.969
825.026
911.603
997.312
2000.58
777.892
507.246
378.434
413.35
445.848
518.409
613.545
719.223
890.021
1956.86
784.28
427.801
320.013
341.099
360.263
419.366
499.493
610.692
905.96
1766.27
688.586
381.349
302.028
311.455
311.765
356.914
416.017
528.766
850.64
1559.32
595.869
357.348
294.586
305.935
297.749
331.362
368.945
468.422
750.17
1374.44
520.207
328.82
280.011
292.601
285.593
312.013
336.634
412.42
639.716
1216.73
467.802
300.974
268.228
279.329
274.244
298.121
318.897
365.534
538.503
1107.95
448.825
270.399
245.467
254.646
260.786
280.322
303.144
336.324
455.647
1056.29
499.183
265.747
243.421
246.026
262.15
274.678
295.826
337.316
406.466
1060.82
708.308
374.403
287.702
298.803
283.174
295.392
329.316
362.682
419.738
760.84
720.419
727.937
725.102
715.428
715.428
725.041
727.875
720.419
760.963
1086.3
1017.47
1012.11
1006.32
992.394
992.456
1006.2
1011.99
1017.41
1086.42
1246.25
1180.02
1158.76
1121.85
1064.12
1064.18
1121.73
1158.51
1179.89
1246.32
1131.71
1056.54
1004.35
922.521
826.215
826.276
922.336
1004.04
1056.29
1131.71
955.24
872.797
802.616
699.038
586.958
587.02
698.792
802.184
872.55
955.363
784.562
700.148
619.553
506.672
395.947
395.886
506.364
619.06
699.963
784.624
632.862
551.467
469.332
359.778
272.468
272.406
359.532
468.963
551.344
632.924
505.686
433.225
359.409
266.06
201.794
201.732
265.813
359.101
433.225
505.871
408.579
353.37
298.84
230.137
172.156
172.156
230.014
298.716
353.432
408.825
367.789
337.227
312.58
266.306
209.927
209.927
266.245
312.457
337.412
368.097
1770.68
920.286
744.713
565.543
648.523
674.88
744.031
825.026
911.603
997.188
2000.64
777.954
507.246
378.496
413.35
445.848
518.347
613.483
719.161
889.835
1956.92
784.28
427.801
320.013
341.099
360.201
419.242
499.369
610.568
905.774
1766.21
688.524
381.287
301.966
311.393
311.703
356.852
415.955
528.58
850.329
1559.32
595.807
357.224
294.462
305.811
297.625
331.3
368.821
468.236
749.922
1374.44
520.145
328.696
279.887
292.539
285.531
311.951
336.51
412.172
639.468
1216.86
467.802
300.912
268.166
279.329
274.244
298.121
318.711
365.348
538.255
1108.2
448.887
270.461
245.467
254.646
260.848
280.26
302.958
336.138
455.399
1056.48
499.307
265.747
243.297
245.964
262.088
274.678
295.578
337.068
406.218
1060.94
708.308
374.403
287.578
298.741
283.174
295.33
329.13
362.558
419.49
1059.21
713.797
433.28
362.579
354.305
336.152
332.076
345.105
371.1
430.254
1011.54
470.328
275.207
236.121
237.541
236.8
241.246
257.3
294.596
368.445
976.964
363.876
222.413
182.216
185.674
193.145
205.371
225.068
261.437
319.727
959.798
321.888
234.824
188.576
180.981
179.314
187.588
202.222
222.043
271.008
951.894
279.838
250.385
208.15
190.799
181.413
180.487
182.833
186.415
220.808
951.894
279.962
250.446
208.15
190.799
181.475
180.549
182.957
186.6
220.931
959.798
322.011
234.948
188.576
180.981
179.376
187.773
202.407
222.29
271.132
976.902
364
222.599
182.278
185.735
193.083
205.309
225.13
261.499
319.85
1011.48
470.39
275.454
236.368
237.665
236.8
241.184
257.424
294.781
368.631
1059.09
713.859
433.527
362.765
354.429
336.152
332.2
345.29
371.286
430.439
)
;
    }
}


// ************************************************************************* //
