/*--------------------------------*- C++ -*----------------------------------*\
| =========                 |                                                 |
| \\      /  F ield         | OpenFOAM: The Open Source CFD Toolbox           |
|  \\    /   O peration     | Version:  2412                                  |
|   \\  /    A nd           | Website:  www.openfoam.com                      |
|    \\/     M anipulation  |                                                 |
\*---------------------------------------------------------------------------*/
FoamFile
{
    version     2.0;
    format      ascii;
    arch        "LSB;label=32;scalar=64";
    class       volScalarField;
    location    "0.1/solid";
    object      T;
}
// * * * * * * * * * * * * * * * * * * * * * * * * * * * * * * * * * * * * * //

dimensions      [0 0 0 1 0 0 0];

internalField   nonuniform List<scalar> 
1000
(
340.911
340.917
340.919
340.92
340.92
340.92
340.919
340.919
340.918
340.914
340.915
340.92
340.922
340.922
340.922
340.922
340.922
340.922
340.921
340.917
340.917
340.921
340.922
340.923
340.923
340.923
340.923
340.922
340.921
340.918
340.917
340.921
340.922
340.923
340.923
340.923
340.923
340.923
340.922
340.918
340.917
340.921
340.923
340.923
340.923
340.923
340.923
340.923
340.922
340.917
340.917
340.921
340.923
340.923
340.923
340.923
340.923
340.923
340.922
340.917
340.917
340.921
340.922
340.923
340.923
340.923
340.923
340.923
340.922
340.918
340.917
340.921
340.922
340.923
340.923
340.923
340.923
340.922
340.921
340.918
340.915
340.92
340.922
340.922
340.922
340.922
340.922
340.922
340.921
340.917
340.911
340.917
340.919
340.92
340.92
340.92
340.919
340.919
340.918
340.914
319.873
319.88
319.882
319.883
319.883
319.883
319.883
319.882
319.881
319.878
319.877
319.882
319.884
319.885
319.885
319.885
319.885
319.884
319.883
319.881
319.879
319.883
319.885
319.886
319.886
319.886
319.886
319.885
319.884
319.881
319.88
319.884
319.885
319.886
319.886
319.886
319.886
319.886
319.884
319.881
319.88
319.884
319.886
319.886
319.886
319.886
319.886
319.886
319.884
319.881
319.88
319.884
319.886
319.886
319.886
319.886
319.886
319.886
319.884
319.881
319.88
319.884
319.885
319.886
319.886
319.886
319.886
319.886
319.884
319.881
319.879
319.883
319.885
319.886
319.886
319.886
319.886
319.885
319.884
319.881
319.877
319.882
319.884
319.885
319.885
319.885
319.885
319.884
319.883
319.881
319.873
319.88
319.882
319.883
319.883
319.883
319.883
319.882
319.881
319.878
305.725
305.729
305.731
305.732
305.732
305.732
305.732
305.731
305.731
305.73
305.728
305.731
305.732
305.732
305.733
305.733
305.732
305.732
305.732
305.731
305.729
305.731
305.733
305.733
305.733
305.733
305.733
305.733
305.732
305.731
305.729
305.732
305.733
305.733
305.733
305.733
305.733
305.733
305.732
305.731
305.729
305.732
305.733
305.733
305.733
305.733
305.733
305.733
305.732
305.731
305.729
305.732
305.733
305.733
305.733
305.733
305.733
305.733
305.732
305.731
305.729
305.732
305.733
305.733
305.733
305.733
305.733
305.733
305.732
305.731
305.729
305.731
305.733
305.733
305.733
305.733
305.733
305.733
305.732
305.731
305.728
305.731
305.732
305.732
305.733
305.733
305.732
305.732
305.732
305.731
305.725
305.729
305.731
305.732
305.732
305.732
305.732
305.731
305.731
305.73
298.139
298.14
298.141
298.142
298.142
298.142
298.142
298.142
298.142
298.142
298.14
298.141
298.142
298.142
298.142
298.142
298.142
298.142
298.142
298.142
298.14
298.141
298.142
298.142
298.142
298.142
298.142
298.142
298.142
298.142
298.141
298.142
298.142
298.142
298.142
298.142
298.142
298.142
298.142
298.142
298.141
298.142
298.142
298.142
298.142
298.142
298.142
298.142
298.142
298.141
298.141
298.142
298.142
298.142
298.142
298.142
298.142
298.142
298.142
298.141
298.141
298.142
298.142
298.142
298.142
298.142
298.142
298.142
298.142
298.142
298.14
298.142
298.142
298.142
298.142
298.142
298.142
298.142
298.142
298.142
298.14
298.141
298.142
298.142
298.142
298.142
298.142
298.142
298.142
298.142
298.139
298.141
298.141
298.142
298.142
298.142
298.142
298.142
298.142
298.142
294.793
294.794
294.794
294.794
294.794
294.794
294.794
294.794
294.795
294.795
294.794
294.794
294.795
294.795
294.795
294.795
294.795
294.795
294.795
294.795
294.794
294.794
294.795
294.795
294.795
294.795
294.795
294.795
294.795
294.795
294.794
294.794
294.795
294.795
294.795
294.795
294.795
294.795
294.795
294.795
294.794
294.795
294.795
294.795
294.795
294.795
294.795
294.795
294.795
294.795
294.794
294.795
294.795
294.795
294.795
294.795
294.795
294.795
294.795
294.795
294.794
294.795
294.795
294.795
294.795
294.795
294.795
294.795
294.795
294.795
294.794
294.794
294.795
294.795
294.795
294.795
294.795
294.795
294.795
294.795
294.794
294.794
294.795
294.795
294.795
294.795
294.795
294.795
294.795
294.795
294.793
294.794
294.794
294.794
294.794
294.794
294.794
294.794
294.795
294.795
293.548
293.548
293.549
293.549
293.549
293.549
293.549
293.549
293.549
293.549
293.548
293.549
293.549
293.549
293.549
293.549
293.549
293.549
293.549
293.549
293.548
293.549
293.549
293.549
293.549
293.549
293.549
293.549
293.549
293.549
293.549
293.549
293.549
293.549
293.549
293.549
293.549
293.549
293.549
293.549
293.549
293.549
293.549
293.549
293.549
293.549
293.549
293.549
293.549
293.549
293.549
293.549
293.549
293.549
293.549
293.549
293.549
293.549
293.549
293.549
293.549
293.549
293.549
293.549
293.549
293.549
293.549
293.549
293.549
293.549
293.548
293.549
293.549
293.549
293.549
293.549
293.549
293.549
293.549
293.549
293.548
293.549
293.549
293.549
293.549
293.549
293.549
293.549
293.549
293.549
293.548
293.549
293.549
293.549
293.549
293.549
293.549
293.549
293.549
293.549
293.149
293.149
293.149
293.149
293.149
293.149
293.149
293.149
293.149
293.149
293.149
293.149
293.149
293.149
293.149
293.149
293.149
293.149
293.149
293.149
293.149
293.149
293.149
293.149
293.149
293.149
293.149
293.149
293.149
293.149
293.149
293.149
293.149
293.149
293.149
293.149
293.149
293.149
293.149
293.149
293.149
293.149
293.149
293.149
293.149
293.149
293.149
293.149
293.149
293.149
293.149
293.149
293.149
293.149
293.149
293.149
293.149
293.149
293.149
293.149
293.149
293.149
293.149
293.149
293.149
293.149
293.149
293.149
293.149
293.149
293.149
293.149
293.149
293.149
293.149
293.149
293.149
293.149
293.149
293.149
293.149
293.149
293.149
293.149
293.149
293.149
293.149
293.149
293.149
293.149
293.149
293.149
293.149
293.149
293.149
293.149
293.149
293.149
293.149
293.149
293.036
293.036
293.036
293.036
293.036
293.036
293.036
293.036
293.036
293.036
293.036
293.036
293.036
293.036
293.036
293.036
293.036
293.036
293.036
293.036
293.036
293.036
293.036
293.036
293.036
293.036
293.036
293.036
293.036
293.036
293.036
293.036
293.036
293.036
293.036
293.036
293.036
293.036
293.036
293.036
293.036
293.036
293.036
293.036
293.036
293.036
293.036
293.036
293.036
293.036
293.036
293.036
293.036
293.036
293.036
293.036
293.036
293.036
293.036
293.036
293.036
293.036
293.036
293.036
293.036
293.036
293.036
293.036
293.036
293.036
293.036
293.036
293.036
293.036
293.036
293.036
293.036
293.036
293.036
293.036
293.036
293.036
293.036
293.036
293.036
293.036
293.036
293.036
293.036
293.036
293.036
293.036
293.036
293.036
293.036
293.036
293.036
293.036
293.036
293.036
293.008
293.008
293.008
293.008
293.008
293.008
293.008
293.008
293.008
293.008
293.008
293.008
293.008
293.008
293.008
293.008
293.008
293.008
293.008
293.008
293.008
293.008
293.008
293.008
293.008
293.008
293.008
293.008
293.008
293.008
293.008
293.008
293.008
293.008
293.008
293.008
293.008
293.008
293.008
293.008
293.008
293.008
293.008
293.008
293.008
293.008
293.008
293.008
293.008
293.008
293.008
293.008
293.008
293.008
293.008
293.008
293.008
293.008
293.008
293.008
293.008
293.008
293.008
293.008
293.008
293.008
293.008
293.008
293.008
293.008
293.008
293.008
293.008
293.008
293.008
293.008
293.008
293.008
293.008
293.008
293.008
293.008
293.008
293.008
293.008
293.008
293.008
293.008
293.008
293.008
293.008
293.008
293.008
293.008
293.008
293.008
293.008
293.008
293.008
293.008
293.002
293.002
293.002
293.002
293.002
293.002
293.002
293.002
293.002
293.002
293.002
293.002
293.002
293.002
293.002
293.002
293.002
293.002
293.002
293.002
293.002
293.002
293.002
293.002
293.002
293.002
293.002
293.002
293.002
293.002
293.002
293.002
293.002
293.002
293.002
293.002
293.002
293.002
293.002
293.002
293.002
293.002
293.002
293.002
293.002
293.002
293.002
293.002
293.002
293.002
293.002
293.002
293.002
293.002
293.002
293.002
293.002
293.002
293.002
293.002
293.002
293.002
293.002
293.002
293.002
293.002
293.002
293.002
293.002
293.002
293.002
293.002
293.002
293.002
293.002
293.002
293.002
293.002
293.002
293.002
293.002
293.002
293.002
293.002
293.002
293.002
293.002
293.002
293.002
293.002
293.002
293.002
293.002
293.002
293.002
293.002
293.002
293.002
293.002
293.002
)
;

boundaryField
{
    bodyBottom
    {
        type            fixedValue;
        value           uniform 353;
    }
    solid_to_fluid
    {
        type            compressible::turbulentTemperatureCoupledBaffleMixed;
        refValue        nonuniform List<scalar> 
500
(
310.371
313.255
314.416
315.081
315.42
315.42
315.081
314.416
313.255
310.371
299.258
300.644
301.79
302.416
302.711
302.711
302.416
301.79
300.644
299.258
295.513
296.054
296.501
296.735
296.835
296.835
296.735
296.501
296.054
295.513
294.058
294.292
294.481
294.576
294.614
294.614
294.576
294.481
294.292
294.058
293.388
293.479
293.553
293.588
293.602
293.602
293.588
293.553
293.479
293.388
293.141
293.176
293.205
293.22
293.226
293.226
293.22
293.205
293.176
293.141
293.053
293.069
293.082
293.09
293.093
293.093
293.09
293.082
293.069
293.053
293.02
293.028
293.034
293.038
293.04
293.04
293.038
293.034
293.028
293.02
293.008
293.011
293.015
293.017
293.018
293.018
293.017
293.015
293.011
293.008
293.003
293.005
293.007
293.008
293.008
293.008
293.008
293.007
293.005
293.003
312.178
325.673
327.858
329.44
328.236
326.824
324.81
322.23
319.686
317.055
300.861
312.072
315.151
316.037
315.615
315.319
314.699
313.524
312.047
310.297
296.294
302.002
304.03
304.555
304.535
304.792
304.986
304.983
304.654
303.957
294.373
297.008
297.843
297.928
297.88
298.055
298.36
298.718
298.993
299.083
293.491
294.627
294.864
294.744
294.622
294.603
294.736
295.013
295.388
295.84
293.185
293.606
293.642
293.528
293.436
293.366
293.35
293.411
293.59
294.008
293.069
293.203
293.19
293.137
293.098
293.078
293.073
293.073
293.083
293.132
293.025
293.062
293.047
293.034
293.024
293.021
293.019
293.018
293.017
293.02
293.009
293.019
293.011
293.01
293.009
293.007
293.006
293.005
293.005
293.005
293.003
293.006
293.004
293.003
293.003
293.003
293.002
293.002
293.001
293.001
315.018
314.933
313.963
312.911
312.115
312.115
312.911
313.964
314.934
315.019
307.966
308.116
307.629
306.947
306.183
306.183
306.947
307.629
308.116
307.966
302.814
302.993
302.667
302.1
301.359
301.359
302.1
302.667
302.993
302.814
299.153
299.287
299.011
298.493
297.821
297.821
298.493
299.011
299.287
299.153
296.564
296.639
296.437
296.034
295.497
295.497
296.034
296.437
296.639
296.564
294.808
294.87
294.753
294.495
294.146
294.146
294.495
294.753
294.87
294.808
293.807
293.862
293.797
293.647
293.458
293.458
293.647
293.797
293.862
293.807
293.322
293.366
293.323
293.243
293.159
293.159
293.243
293.323
293.366
293.322
293.12
293.143
293.115
293.076
293.046
293.046
293.076
293.115
293.143
293.12
293.025
293.042
293.032
293.018
293.009
293.009
293.018
293.032
293.042
293.025
312.178
325.673
327.858
329.44
328.236
326.823
324.81
322.23
319.686
317.055
300.861
312.072
315.151
316.037
315.615
315.319
314.699
313.524
312.047
310.297
296.294
302.002
304.03
304.555
304.535
304.792
304.986
304.983
304.654
303.957
294.373
297.008
297.843
297.928
297.88
298.055
298.36
298.718
298.993
299.083
293.491
294.627
294.864
294.744
294.622
294.603
294.736
295.013
295.388
295.84
293.185
293.606
293.642
293.528
293.436
293.366
293.35
293.411
293.59
294.008
293.069
293.203
293.19
293.137
293.098
293.078
293.073
293.073
293.083
293.132
293.025
293.062
293.047
293.034
293.024
293.021
293.019
293.018
293.017
293.02
293.009
293.019
293.011
293.01
293.009
293.007
293.006
293.005
293.005
293.005
293.003
293.006
293.004
293.003
293.003
293.003
293.002
293.002
293.001
293.001
293.002
293.002
293.001
293.001
293.001
293.001
293
293
293
293
293.003
293.002
293.001
293
293
293
293
293
293
293
293.004
293.001
293
293
293
293
293
292.999
292.999
292.999
293.004
293.001
293
292.999
292.999
292.999
292.999
292.999
292.999
292.999
293.004
293
292.999
292.999
292.999
292.999
292.999
292.999
292.998
292.998
293.004
293
292.999
292.999
292.999
292.999
292.999
292.999
292.998
292.998
293.004
293.001
293
292.999
292.999
292.999
292.999
292.999
292.999
292.999
293.004
293.001
293
293
293
293
293
292.999
292.999
292.999
293.003
293.002
293.001
293
293
293
293
293
293
293
293.002
293.002
293.001
293.001
293.001
293.001
293
293
293
293
)
;
        refGradient     uniform 0;
        valueFraction   nonuniform List<scalar> 
500
(
0.000301416
0.000301416
0.000301416
0.000301416
0.000301416
0.000301416
0.000301416
0.000301416
0.000301416
0.000301416
0.000301416
0.000301416
0.000301416
0.000301416
0.000301416
0.000301416
0.000301416
0.000301416
0.000301416
0.000301416
0.000301416
0.000301416
0.000301416
0.000301416
0.000301416
0.000301416
0.000301416
0.000301416
0.000301416
0.000301416
0.000301416
0.000301416
0.000301416
0.000301416
0.000301416
0.000301416
0.000301416
0.000301416
0.000301416
0.000301416
0.000301416
0.000301416
0.000301416
0.000301416
0.000301416
0.000301416
0.000301416
0.000301416
0.000301416
0.000301416
0.000301416
0.000301416
0.000301416
0.000301416
0.000301416
0.000301416
0.000301416
0.000301416
0.000301416
0.000301416
0.000301416
0.000301416
0.000301416
0.000301416
0.000301416
0.000301416
0.000301416
0.000301416
0.000301416
0.000301416
0.000301416
0.000301416
0.000301416
0.000301416
0.000301416
0.000301416
0.000301416
0.000301416
0.000301416
0.000301416
0.000301416
0.000301416
0.000301416
0.000301416
0.000301416
0.000301416
0.000301416
0.000301416
0.000301416
0.000301416
0.000301416
0.000301416
0.000301416
0.000301416
0.000301416
0.000301416
0.000301416
0.000301416
0.000301416
0.000301416
0.000302436
0.000302436
0.000302436
0.000302436
0.000302436
0.000302436
0.000302436
0.000302436
0.000302436
0.000302436
0.000302436
0.000302436
0.000302436
0.000302436
0.000302436
0.000302436
0.000302436
0.000302436
0.000302436
0.000302436
0.000302436
0.000302436
0.000302436
0.000302436
0.000302436
0.000302436
0.000302436
0.000302436
0.000302436
0.000302436
0.000302436
0.000302436
0.000302436
0.000302436
0.000302436
0.000302436
0.000302436
0.000302436
0.000302436
0.000302436
0.000302436
0.000302436
0.000302436
0.000302436
0.000302436
0.000302436
0.000302436
0.000302436
0.000302436
0.000302436
0.000302436
0.000302436
0.000302436
0.000302436
0.000302436
0.000302436
0.000302436
0.000302436
0.000302436
0.000302436
0.000302436
0.000302436
0.000302436
0.000302436
0.000302436
0.000302436
0.000302436
0.000302436
0.000302436
0.000302436
0.000302436
0.000302436
0.000302436
0.000302436
0.000302436
0.000302436
0.000302436
0.000302436
0.000302436
0.000302436
0.000302436
0.000302436
0.000302436
0.000302436
0.000302436
0.000302436
0.000302436
0.000302436
0.000302436
0.000302436
0.000302436
0.000302436
0.000302436
0.000302436
0.000302436
0.000302436
0.000302436
0.000302436
0.000302436
0.000302436
0.000300478
0.000300478
0.000300478
0.000300478
0.000300478
0.000300478
0.000300478
0.000300478
0.000300478
0.000300478
0.000300478
0.000300478
0.000300478
0.000300478
0.000300478
0.000300478
0.000300478
0.000300478
0.000300478
0.000300478
0.000300478
0.000300478
0.000300478
0.000300478
0.000300478
0.000300478
0.000300478
0.000300478
0.000300478
0.000300478
0.000300478
0.000300478
0.000300478
0.000300478
0.000300478
0.000300478
0.000300478
0.000300478
0.000300478
0.000300478
0.000300478
0.000300478
0.000300478
0.000300478
0.000300478
0.000300478
0.000300478
0.000300478
0.000300478
0.000300478
0.000300478
0.000300478
0.000300478
0.000300478
0.000300478
0.000300478
0.000300478
0.000300478
0.000300478
0.000300478
0.000300478
0.000300478
0.000300478
0.000300478
0.000300478
0.000300478
0.000300478
0.000300478
0.000300478
0.000300478
0.000300478
0.000300478
0.000300478
0.000300478
0.000300478
0.000300478
0.000300478
0.000300478
0.000300478
0.000300478
0.000300478
0.000300478
0.000300478
0.000300478
0.000300478
0.000300478
0.000300478
0.000300478
0.000300478
0.000300478
0.000300478
0.000300478
0.000300478
0.000300478
0.000300478
0.000300478
0.000300478
0.000300478
0.000300478
0.000300478
0.000302436
0.000302436
0.000302436
0.000302436
0.000302436
0.000302436
0.000302436
0.000302436
0.000302436
0.000302436
0.000302436
0.000302436
0.000302436
0.000302436
0.000302436
0.000302436
0.000302436
0.000302436
0.000302436
0.000302436
0.000302436
0.000302436
0.000302436
0.000302436
0.000302436
0.000302436
0.000302436
0.000302436
0.000302436
0.000302436
0.000302436
0.000302436
0.000302436
0.000302436
0.000302436
0.000302436
0.000302436
0.000302436
0.000302436
0.000302436
0.000302436
0.000302436
0.000302436
0.000302436
0.000302436
0.000302436
0.000302436
0.000302436
0.000302436
0.000302436
0.000302436
0.000302436
0.000302436
0.000302436
0.000302436
0.000302436
0.000302436
0.000302436
0.000302436
0.000302436
0.000302436
0.000302436
0.000302436
0.000302436
0.000302436
0.000302436
0.000302436
0.000302436
0.000302436
0.000302436
0.000302436
0.000302436
0.000302436
0.000302436
0.000302436
0.000302436
0.000302436
0.000302436
0.000302436
0.000302436
0.000302436
0.000302436
0.000302436
0.000302436
0.000302436
0.000302436
0.000302436
0.000302436
0.000302436
0.000302436
0.000302436
0.000302436
0.000302436
0.000302436
0.000302436
0.000302436
0.000302436
0.000302436
0.000302436
0.000302436
0.000301115
0.000301115
0.000301115
0.000301115
0.000301115
0.000301115
0.000301115
0.000301115
0.000301115
0.000301115
0.000301115
0.000301115
0.000301115
0.000301115
0.000301115
0.000301115
0.000301115
0.000301115
0.000301115
0.000301115
0.000301115
0.000301115
0.000301115
0.000301115
0.000301115
0.000301115
0.000301115
0.000301115
0.000301115
0.000301115
0.000301115
0.000301115
0.000301115
0.000301115
0.000301115
0.000301115
0.000301115
0.000301115
0.000301115
0.000301115
0.000301115
0.000301115
0.000301115
0.000301115
0.000301115
0.000301115
0.000301115
0.000301115
0.000301115
0.000301115
0.000301115
0.000301115
0.000301115
0.000301115
0.000301115
0.000301115
0.000301115
0.000301115
0.000301115
0.000301115
0.000301115
0.000301115
0.000301115
0.000301115
0.000301115
0.000301115
0.000301115
0.000301115
0.000301115
0.000301115
0.000301115
0.000301115
0.000301115
0.000301115
0.000301115
0.000301115
0.000301115
0.000301115
0.000301115
0.000301115
0.000301115
0.000301115
0.000301115
0.000301115
0.000301115
0.000301115
0.000301115
0.000301115
0.000301115
0.000301115
0.000301115
0.000301115
0.000301115
0.000301115
0.000301115
0.000301115
0.000301115
0.000301115
0.000301115
0.000301115
)
;
        source          uniform 0;
        Tnbr            T;
        kappaMethod     solidThermo;
        value           nonuniform List<scalar> 
500
(
340.889
340.894
340.896
340.897
340.897
340.897
340.897
340.896
340.894
340.889
319.838
319.843
319.845
319.846
319.846
319.846
319.846
319.845
319.843
319.838
305.695
305.698
305.699
305.699
305.699
305.699
305.699
305.699
305.698
305.695
298.12
298.121
298.122
298.122
298.122
298.122
298.122
298.122
298.121
298.12
294.784
294.785
294.785
294.785
294.785
294.785
294.785
294.785
294.785
294.784
293.545
293.545
293.545
293.545
293.545
293.545
293.545
293.545
293.545
293.545
293.147
293.147
293.148
293.148
293.148
293.148
293.148
293.148
293.147
293.147
293.036
293.036
293.036
293.036
293.036
293.036
293.036
293.036
293.036
293.036
293.008
293.008
293.008
293.008
293.008
293.008
293.008
293.008
293.008
293.008
293.002
293.002
293.002
293.002
293.002
293.002
293.002
293.002
293.002
293.002
340.889
340.9
340.903
340.904
340.903
340.903
340.902
340.9
340.898
340.894
319.838
319.849
319.852
319.854
319.854
319.853
319.853
319.852
319.85
319.847
305.695
305.701
305.703
305.704
305.704
305.704
305.704
305.704
305.703
305.702
298.12
298.123
298.124
298.124
298.124
298.124
298.124
298.124
298.124
298.124
294.784
294.785
294.786
294.786
294.786
294.786
294.786
294.786
294.786
294.787
293.545
293.545
293.545
293.545
293.545
293.545
293.545
293.545
293.545
293.546
293.147
293.148
293.148
293.148
293.148
293.148
293.148
293.148
293.148
293.148
293.036
293.036
293.036
293.036
293.036
293.036
293.036
293.036
293.036
293.036
293.008
293.008
293.008
293.008
293.008
293.008
293.008
293.008
293.008
293.008
293.002
293.002
293.002
293.002
293.002
293.002
293.002
293.002
293.002
293.002
340.893
340.896
340.897
340.896
340.896
340.896
340.896
340.897
340.896
340.893
319.846
319.849
319.849
319.849
319.848
319.848
319.849
319.849
319.849
319.846
305.702
305.703
305.703
305.702
305.702
305.702
305.702
305.703
305.703
305.702
298.124
298.125
298.124
298.124
298.124
298.124
298.124
298.124
298.125
298.124
294.787
294.787
294.787
294.786
294.786
294.786
294.786
294.787
294.787
294.787
293.546
293.546
293.546
293.546
293.545
293.545
293.546
293.546
293.546
293.546
293.148
293.148
293.148
293.148
293.148
293.148
293.148
293.148
293.148
293.148
293.036
293.036
293.036
293.036
293.036
293.036
293.036
293.036
293.036
293.036
293.008
293.008
293.008
293.008
293.008
293.008
293.008
293.008
293.008
293.008
293.002
293.002
293.002
293.002
293.002
293.002
293.002
293.002
293.002
293.002
340.889
340.9
340.903
340.904
340.903
340.903
340.902
340.9
340.898
340.894
319.838
319.849
319.852
319.854
319.854
319.853
319.853
319.852
319.85
319.847
305.695
305.701
305.703
305.704
305.704
305.704
305.704
305.704
305.703
305.702
298.12
298.123
298.124
298.124
298.124
298.124
298.124
298.124
298.124
298.124
294.784
294.785
294.786
294.786
294.786
294.786
294.786
294.786
294.786
294.787
293.545
293.545
293.545
293.545
293.545
293.545
293.545
293.545
293.545
293.546
293.147
293.148
293.148
293.148
293.148
293.148
293.148
293.148
293.148
293.148
293.036
293.036
293.036
293.036
293.036
293.036
293.036
293.036
293.036
293.036
293.008
293.008
293.008
293.008
293.008
293.008
293.008
293.008
293.008
293.008
293.002
293.002
293.002
293.002
293.002
293.002
293.002
293.002
293.002
293.002
293.002
293.002
293.002
293.002
293.002
293.002
293.002
293.002
293.002
293.002
293.002
293.002
293.002
293.002
293.002
293.002
293.002
293.002
293.002
293.002
293.002
293.002
293.002
293.002
293.002
293.002
293.002
293.002
293.002
293.002
293.002
293.002
293.002
293.002
293.002
293.002
293.002
293.002
293.002
293.002
293.002
293.002
293.002
293.002
293.002
293.002
293.002
293.002
293.002
293.002
293.002
293.002
293.002
293.002
293.002
293.002
293.002
293.002
293.002
293.002
293.002
293.002
293.002
293.002
293.002
293.002
293.002
293.002
293.002
293.002
293.002
293.002
293.002
293.002
293.002
293.002
293.002
293.002
293.002
293.002
293.002
293.002
293.002
293.002
293.002
293.002
293.002
293.002
293.002
293.002
293.002
293.002
293.002
293.002
293.002
293.002
293.002
293.002
293.002
293.002
)
;
    }
}


// ************************************************************************* //
