/*--------------------------------*- C++ -*----------------------------------*\
| =========                 |                                                 |
| \\      /  F ield         | OpenFOAM: The Open Source CFD Toolbox           |
|  \\    /   O peration     | Version:  2412                                  |
|   \\  /    A nd           | Website:  www.openfoam.com                      |
|    \\/     M anipulation  |                                                 |
\*---------------------------------------------------------------------------*/
FoamFile
{
    version     2.0;
    format      ascii;
    arch        "LSB;label=32;scalar=64";
    class       volScalarField;
    location    "0.1/solid";
    object      wallHeatFlux;
}
// * * * * * * * * * * * * * * * * * * * * * * * * * * * * * * * * * * * * * //

dimensions      [1 0 -3 0 0 0 0];

internalField   uniform 0;

boundaryField
{
    bodyBottom
    {
        type            calculated;
        value           nonuniform List<scalar> 
100
(
2.47824e+06
2.47742e+06
2.47702e+06
2.47702e+06
2.47702e+06
2.47702e+06
2.47702e+06
2.47702e+06
2.47742e+06
2.47824e+06
2.47702e+06
2.4764e+06
2.4762e+06
2.4762e+06
2.4762e+06
2.4762e+06
2.4762e+06
2.4762e+06
2.4764e+06
2.47702e+06
2.47661e+06
2.47599e+06
2.47599e+06
2.47599e+06
2.47579e+06
2.47579e+06
2.47599e+06
2.47599e+06
2.47599e+06
2.47661e+06
2.4764e+06
2.47599e+06
2.47578e+06
2.47579e+06
2.47579e+06
2.47579e+06
2.47579e+06
2.47578e+06
2.47599e+06
2.4764e+06
2.4764e+06
2.47599e+06
2.47579e+06
2.47578e+06
2.47579e+06
2.47579e+06
2.47578e+06
2.47579e+06
2.47599e+06
2.4764e+06
2.4764e+06
2.47599e+06
2.47578e+06
2.47578e+06
2.47579e+06
2.47578e+06
2.47579e+06
2.47578e+06
2.47599e+06
2.4764e+06
2.47661e+06
2.47599e+06
2.47578e+06
2.47578e+06
2.47579e+06
2.47578e+06
2.47579e+06
2.47578e+06
2.47599e+06
2.47661e+06
2.47661e+06
2.47599e+06
2.47599e+06
2.47578e+06
2.47579e+06
2.47579e+06
2.47578e+06
2.47599e+06
2.47599e+06
2.47661e+06
2.47681e+06
2.4762e+06
2.4762e+06
2.47599e+06
2.47599e+06
2.47599e+06
2.47599e+06
2.4762e+06
2.4762e+06
2.47681e+06
2.47763e+06
2.47702e+06
2.47681e+06
2.47681e+06
2.47702e+06
2.47702e+06
2.47681e+06
2.47681e+06
2.47702e+06
2.47763e+06
)
;
    }
    solid_to_fluid
    {
        type            calculated;
        value           nonuniform List<scalar> 
500
(
-4510
-4305
-4305
-4100
-4100
-4100
-4100
-4305
-4305
-4510
-7175
-6970
-6970
-6970
-6970
-6970
-6970
-6970
-6970
-7175
-6150
-6150
-6150
-6150
-6150
-6150
-6150
-6150
-6150
-6150
-3895
-3895
-3690
-3895
-3895
-3895
-3895
-3690
-3895
-3895
-1845
-1845
-1845
-1845
-1845
-1845
-1845
-1845
-1845
-1845
-615
-615
-615
-820
-820
-820
-820
-615
-615
-615
-410
-410
-205
-205
-205
-205
-205
-205
-410
-410
0
0
0
0
0
0
0
0
0
0
0
0
0
0
0
0
0
0
0
0
0
0
0
0
0
0
0
0
0
0
-4510
-3485
-3280
-3280
-3485
-3485
-3485
-3895
-4100
-4100
-7175
-6355
-6150
-5945
-5945
-6150
-6150
-6150
-6355
-6355
-6150
-5740
-5740
-5740
-5740
-5740
-5740
-5535
-5740
-5740
-3895
-3690
-3485
-3690
-3690
-3690
-3690
-3690
-3690
-3690
-1845
-1845
-1640
-1640
-1640
-1640
-1640
-1640
-1845
-1640
-615
-820
-820
-820
-820
-820
-820
-820
-820
-615
-410
-205
-205
-205
-205
-205
-205
-205
-205
-205
0
0
0
0
0
0
0
0
0
0
0
0
0
0
0
0
0
0
0
0
0
0
0
0
0
0
0
0
0
0
-4305
-4305
-4305
-4510
-4305
-4305
-4510
-4305
-4305
-4305
-6560
-6560
-6560
-6560
-6765
-6765
-6560
-6560
-6560
-6560
-5740
-5740
-5740
-5945
-5945
-5945
-5945
-5740
-5740
-5740
-3690
-3485
-3690
-3690
-3485
-3485
-3690
-3690
-3485
-3690
-1640
-1640
-1640
-1845
-1845
-1845
-1845
-1640
-1640
-1640
-615
-615
-615
-615
-820
-820
-615
-615
-615
-615
-205
-205
-205
-205
-205
-205
-205
-205
-205
-205
0
0
0
0
0
0
0
0
0
0
0
0
0
0
0
0
0
0
0
0
0
0
0
0
0
0
0
0
0
0
-4510
-3485
-3280
-3280
-3485
-3485
-3485
-3895
-4100
-4100
-7175
-6355
-6150
-5945
-5945
-6150
-6150
-6150
-6355
-6355
-6150
-5740
-5740
-5740
-5740
-5740
-5740
-5535
-5740
-5740
-3895
-3485
-3485
-3690
-3690
-3690
-3690
-3690
-3690
-3690
-1845
-1845
-1640
-1640
-1640
-1640
-1640
-1640
-1845
-1640
-615
-615
-820
-820
-820
-820
-820
-820
-820
-615
-410
-205
-205
-205
-205
-205
-205
-205
-205
-205
0
0
0
0
0
0
0
0
0
0
0
0
0
0
0
0
0
0
0
0
0
0
0
0
0
0
0
0
0
0
0
0
0
0
0
0
0
0
0
0
0
0
0
0
0
0
0
0
0
0
0
0
0
0
0
0
0
0
0
0
0
0
0
0
0
0
0
0
0
0
0
0
0
0
0
0
0
0
0
0
0
0
0
0
0
0
0
0
0
0
0
0
0
0
0
0
0
0
0
0
0
0
0
0
0
0
0
0
0
0
0
0
0
0
0
0
0
0
0
0
0
0
0
0
0
0
0
0
0
0
)
;
    }
}


// ************************************************************************* //
