/*--------------------------------*- C++ -*----------------------------------*\
| =========                 |                                                 |
| \\      /  F ield         | OpenFOAM: The Open Source CFD Toolbox           |
|  \\    /   O peration     | Version:  2412                                  |
|   \\  /    A nd           | Website:  www.openfoam.com                      |
|    \\/     M anipulation  |                                                 |
\*---------------------------------------------------------------------------*/
FoamFile
{
    version     2.0;
    format      ascii;
    arch        "LSB;label=32;scalar=64";
    class       volScalarField;
    location    "4.5/fluid";
    object      wallHeatFlux;
}
// * * * * * * * * * * * * * * * * * * * * * * * * * * * * * * * * * * * * * //

dimensions      [1 0 -3 0 0 0 0];

internalField   uniform 0;

boundaryField
{
    inlet
    {
        type            calculated;
        value           uniform 0;
    }
    outlet
    {
        type            calculated;
        value           uniform 0;
    }
    walls
    {
        type            calculated;
        value           uniform 0;
    }
    fluid_to_solid
    {
        type            calculated;
        value           nonuniform List<scalar> 
500
(
1805.31
1518.09
1393.67
1321.47
1285.5
1285.75
1321.97
1394.22
1518.71
1805.44
2391.08
2095.32
1851.55
1721.07
1663.46
1663.65
1721.5
1851.98
2095.63
2391.08
2617.61
2390.64
2198.85
2096.74
2051.62
2051.81
2096.87
2198.91
2390.58
2617.36
2628.11
2425.63
2258.93
2174.07
2137.72
2137.72
2174.07
2258.81
2425.44
2627.68
2589.92
2393.92
2235.38
2156.76
2123.07
2122.95
2156.51
2235.01
2393.49
2589.42
2534.53
2336.5
2176.29
2098.1
2064.42
2064.23
2097.73
2175.8
2335.94
2533.85
2493.06
2297
2136.92
2060.09
2027.21
2026.9
2059.53
2136.3
2296.32
2492.26
2491.21
2308.99
2158.49
2088.03
2058.48
2058.05
2087.22
2157.56
2308.07
2490.28
2550.42
2398.68
2271.17
2212.2
2187.79
2187.05
2210.9
2269.56
2397.13
2549.06
2645.36
2535.09
2440.52
2398.25
2381.31
2380.51
2396.58
2438.48
2533.17
2643.69
1751.7
893.99
718.665
543.774
622.909
647.53
708.99
778.513
850.764
909.061
2209.52
854.547
580.303
450.685
483.989
514.068
580.613
661.857
744.217
853.616
2400.66
965.559
556.674
440.204
463.585
481.818
541.232
613.793
701.362
934.054
2413.56
955.016
551.651
458.685
471.895
469.663
523.991
582.598
679.47
1023.92
2382.55
933.992
568.209
483.245
500.486
489.322
536.332
578.132
674.198
1039.3
2335.1
914.394
572.551
491.989
509.106
495.338
537.821
573.915
665.268
1016.41
2299.2
924.813
566.969
489.508
500.982
489.819
530.254
571.868
652.182
973.187
2293.99
979.327
541.79
456.019
454.84
454.84
492.609
552.767
638.104
904.719
2334.73
1163.64
577.45
472.888
435.181
443.181
475.864
523.556
634.383
848.531
2419.51
1648.56
909.929
645.298
611.064
575.528
549.046
579.621
695.532
898.145
632.431
565.577
584.37
616.411
653.011
689.303
705.323
680.923
634.834
636.991
864.91
763.181
781.543
838.168
919.687
1008.66
1063.01
1024.25
943.533
953.822
1157.71
1052.9
1069.66
1138.12
1225.49
1323.03
1409.35
1391.24
1309.66
1303.31
1286.18
1161.96
1149.08
1187.6
1251.18
1339.6
1454.21
1476.88
1430.43
1442.26
1241.08
1094.37
1057.28
1081.37
1141.26
1235.9
1362.46
1409.91
1385.51
1416.32
1161.47
1003.86
957.211
979.948
1045.08
1146.87
1272.32
1327.34
1311.07
1352.36
1070.52
911.985
866.266
894.486
966.824
1072.8
1190.92
1242.06
1226.72
1271.52
979.393
829.912
793.928
831.267
908.966
1013.04
1117.29
1152.29
1126.59
1162.02
905.638
780.064
764.598
815.247
895.903
991.1
1072.37
1077.06
1020.18
1018.03
908.966
826.092
842.173
911.307
994.366
1077.36
1131.46
1097.51
987.588
912.293
1751.82
894.796
720.216
546.937
626.506
649.763
708.432
776.218
854.237
938.891
2210.01
858.082
589.296
462.531
501.354
531.681
597.792
678.291
762.078
877.741
2401.71
977.404
578.752
470.221
501.478
521.51
581.729
651.5
734.604
954.582
2414.92
973.993
585.016
503.463
525.293
523.06
576.954
630.848
721.58
1036.63
2384.04
957.621
607.963
536.332
560.147
543.154
591.9
629.731
718.665
1040.54
2336.72
939.387
615.715
547.371
569.946
548.798
592.272
623.716
705.393
1005.56
2300.75
949.372
614.351
550.782
569.574
554.379
593.451
629.111
694.912
959.047
2295.47
1000.41
597.296
536.394
546.379
549.48
583.094
629.297
693.796
913.588
2336.16
1164.7
614.165
554.565
545.201
570.566
595.559
641.763
742.542
904.037
2420.81
1640.94
854.795
672.028
685.051
641.453
673.888
761.272
844.376
1008.6
2404.06
1619.88
976.284
810.431
781.102
734.482
731.827
773.136
853.901
1005.06
2299.83
1084.22
614.076
521.455
518.306
513.798
529.791
579.868
690.642
890.024
2225.55
838.959
462.239
379.498
395.429
418.769
458.781
524.666
642.294
816.297
2189.43
748.129
468.661
361.591
367.457
395.305
438.837
504.845
596.601
774.433
2173.81
717.07
524.48
429.513
405.741
415.311
442.912
487.432
545.721
776.1
2171.34
706.017
569.371
482.801
452.36
448.593
455.818
474.589
521.27
795.18
2185.36
760.91
576.595
492.495
464.462
463.351
466.006
482.184
524.11
805.059
2219.75
823.337
533.619
450.446
456.497
457.361
468.599
505.462
554.798
787.894
2293.1
1003.7
528.679
445.259
452.545
460.387
486.382
544.672
622.967
789.437
2397.64
1562.45
781.472
688.543
680.268
646.369
641.8
681.565
780.299
937.939
)
;
    }
}


// ************************************************************************* //
