/*--------------------------------*- C++ -*----------------------------------*\
| =========                 |                                                 |
| \\      /  F ield         | OpenFOAM: The Open Source CFD Toolbox           |
|  \\    /   O peration     | Version:  2412                                  |
|   \\  /    A nd           | Website:  www.openfoam.com                      |
|    \\/     M anipulation  |                                                 |
\*---------------------------------------------------------------------------*/
FoamFile
{
    version     2.0;
    format      ascii;
    arch        "LSB;label=32;scalar=64";
    class       volScalarField;
    location    "1.7/solid";
    object      T;
}
// * * * * * * * * * * * * * * * * * * * * * * * * * * * * * * * * * * * * * //

dimensions      [0 0 0 1 0 0 0];

internalField   nonuniform List<scalar> 
1000
(
350.49
350.499
350.503
350.506
350.507
350.507
350.507
350.506
350.504
350.501
350.496
350.502
350.506
350.508
350.509
350.509
350.509
350.508
350.507
350.504
350.498
350.504
350.507
350.508
350.509
350.51
350.51
350.509
350.508
350.505
350.5
350.505
350.507
350.509
350.509
350.51
350.51
350.51
350.509
350.506
350.5
350.505
350.508
350.509
350.51
350.51
350.51
350.51
350.509
350.506
350.5
350.505
350.508
350.509
350.51
350.51
350.51
350.51
350.509
350.506
350.499
350.505
350.507
350.509
350.51
350.51
350.51
350.51
350.509
350.506
350.498
350.504
350.507
350.508
350.509
350.51
350.51
350.509
350.508
350.505
350.496
350.502
350.506
350.508
350.509
350.509
350.509
350.508
350.507
350.504
350.49
350.499
350.503
350.506
350.507
350.507
350.507
350.506
350.504
350.501
345.551
345.568
345.578
345.584
345.587
345.588
345.588
345.586
345.582
345.575
345.561
345.573
345.582
345.587
345.589
345.59
345.59
345.589
345.586
345.58
345.566
345.577
345.583
345.588
345.59
345.591
345.591
345.59
345.588
345.582
345.569
345.579
345.585
345.589
345.591
345.592
345.592
345.592
345.589
345.584
345.57
345.58
345.585
345.589
345.591
345.592
345.593
345.592
345.589
345.584
345.569
345.579
345.585
345.589
345.591
345.592
345.593
345.592
345.589
345.584
345.568
345.578
345.585
345.589
345.591
345.592
345.592
345.591
345.589
345.584
345.566
345.577
345.584
345.588
345.59
345.591
345.592
345.59
345.587
345.582
345.56
345.573
345.581
345.586
345.589
345.59
345.59
345.589
345.586
345.58
345.55
345.567
345.577
345.583
345.586
345.587
345.588
345.586
345.582
345.575
340.808
340.828
340.841
340.849
340.853
340.854
340.855
340.853
340.847
340.839
340.818
340.834
340.844
340.851
340.855
340.857
340.857
340.855
340.851
340.844
340.825
340.838
340.846
340.852
340.856
340.857
340.858
340.856
340.853
340.847
340.828
340.841
340.848
340.853
340.856
340.858
340.859
340.859
340.855
340.849
340.829
340.841
340.849
340.854
340.856
340.858
340.86
340.859
340.856
340.849
340.829
340.841
340.848
340.853
340.856
340.858
340.86
340.859
340.856
340.849
340.828
340.84
340.848
340.853
340.856
340.858
340.859
340.858
340.855
340.849
340.825
340.838
340.846
340.852
340.855
340.857
340.858
340.856
340.853
340.846
340.819
340.834
340.843
340.85
340.854
340.856
340.857
340.855
340.851
340.844
340.808
340.827
340.84
340.847
340.851
340.854
340.854
340.852
340.847
340.839
336.374
336.394
336.408
336.416
336.42
336.423
336.424
336.422
336.417
336.408
336.384
336.399
336.411
336.418
336.423
336.425
336.426
336.425
336.42
336.413
336.39
336.403
336.412
336.419
336.423
336.426
336.427
336.425
336.422
336.416
336.394
336.406
336.414
336.42
336.424
336.426
336.428
336.427
336.425
336.419
336.395
336.407
336.415
336.421
336.424
336.426
336.428
336.428
336.425
336.419
336.395
336.407
336.415
336.421
336.424
336.426
336.428
336.428
336.425
336.419
336.395
336.407
336.415
336.421
336.424
336.426
336.428
336.427
336.425
336.419
336.392
336.405
336.414
336.42
336.423
336.425
336.426
336.425
336.422
336.416
336.385
336.401
336.411
336.418
336.422
336.425
336.426
336.424
336.42
336.413
336.375
336.394
336.407
336.415
336.419
336.422
336.424
336.422
336.417
336.408
332.354
332.372
332.386
332.394
332.399
332.402
332.404
332.402
332.398
332.39
332.363
332.377
332.389
332.397
332.401
332.404
332.406
332.405
332.401
332.394
332.368
332.381
332.39
332.397
332.402
332.404
332.406
332.405
332.403
332.398
332.372
332.384
332.392
332.398
332.402
332.405
332.407
332.407
332.405
332.401
332.373
332.384
332.393
332.399
332.402
332.405
332.407
332.407
332.405
332.401
332.373
332.385
332.393
332.399
332.402
332.405
332.407
332.407
332.405
332.401
332.373
332.385
332.394
332.4
332.403
332.405
332.407
332.407
332.405
332.4
332.371
332.383
332.393
332.399
332.402
332.404
332.406
332.405
332.403
332.397
332.365
332.379
332.39
332.397
332.401
332.403
332.405
332.404
332.401
332.394
332.355
332.373
332.386
332.394
332.398
332.401
332.403
332.402
332.398
332.39
328.847
328.863
328.875
328.883
328.889
328.893
328.895
328.893
328.89
328.884
328.855
328.868
328.878
328.886
328.891
328.895
328.897
328.895
328.893
328.889
328.86
328.871
328.879
328.887
328.892
328.895
328.897
328.896
328.896
328.892
328.863
328.873
328.88
328.888
328.892
328.895
328.897
328.898
328.898
328.894
328.863
328.873
328.881
328.888
328.891
328.895
328.897
328.898
328.897
328.894
328.863
328.874
328.882
328.888
328.891
328.895
328.898
328.898
328.897
328.894
328.863
328.874
328.883
328.889
328.892
328.895
328.898
328.898
328.896
328.892
328.861
328.873
328.882
328.888
328.892
328.894
328.896
328.896
328.894
328.89
328.856
328.869
328.88
328.887
328.89
328.893
328.895
328.896
328.894
328.889
328.847
328.864
328.876
328.884
328.888
328.891
328.894
328.894
328.891
328.885
325.935
325.95
325.961
325.969
325.975
325.979
325.982
325.98
325.978
325.974
325.943
325.955
325.964
325.971
325.977
325.981
325.983
325.982
325.981
325.979
325.948
325.958
325.965
325.973
325.978
325.982
325.984
325.984
325.984
325.982
325.949
325.958
325.966
325.974
325.978
325.982
325.984
325.985
325.986
325.984
325.949
325.958
325.966
325.973
325.977
325.98
325.983
325.984
325.985
325.983
325.948
325.958
325.966
325.972
325.976
325.98
325.984
325.985
325.985
325.983
325.949
325.959
325.967
325.973
325.977
325.981
325.985
325.986
325.984
325.981
325.947
325.958
325.966
325.972
325.976
325.98
325.983
325.983
325.982
325.98
325.942
325.955
325.964
325.971
325.975
325.979
325.982
325.983
325.982
325.979
325.934
325.95
325.961
325.968
325.973
325.977
325.981
325.982
325.98
325.975
323.686
323.701
323.711
323.719
323.725
323.73
323.733
323.732
323.73
323.728
323.694
323.705
323.713
323.721
323.727
323.732
323.735
323.733
323.734
323.732
323.698
323.708
323.714
323.723
323.729
323.732
323.735
323.734
323.736
323.735
323.699
323.708
323.715
323.724
323.729
323.732
323.735
323.736
323.738
323.737
323.698
323.707
323.715
323.723
323.727
323.731
323.734
323.735
323.737
323.736
323.697
323.706
323.714
323.722
323.726
323.731
323.735
323.736
323.737
323.735
323.697
323.707
323.715
323.723
323.727
323.731
323.735
323.737
323.736
323.734
323.695
323.705
323.714
323.722
323.726
323.73
323.734
323.734
323.734
323.732
323.69
323.702
323.712
323.72
323.725
323.729
323.733
323.735
323.735
323.732
323.682
323.698
323.709
323.717
323.723
323.728
323.732
323.734
323.733
323.729
322.153
322.167
322.178
322.187
322.194
322.198
322.202
322.201
322.2
322.199
322.16
322.172
322.181
322.19
322.196
322.201
322.204
322.203
322.203
322.202
322.164
322.174
322.182
322.192
322.198
322.202
322.205
322.204
322.205
322.205
322.166
322.175
322.184
322.193
322.198
322.201
322.204
322.205
322.207
322.207
322.165
322.174
322.184
322.192
322.196
322.2
322.203
322.205
322.207
322.206
322.164
322.174
322.184
322.192
322.196
322.2
322.204
322.206
322.206
322.205
322.164
322.175
322.186
322.193
322.197
322.201
322.205
322.205
322.206
322.204
322.162
322.174
322.185
322.193
322.196
322.199
322.202
322.203
322.205
322.203
322.157
322.17
322.182
322.19
322.195
322.198
322.202
322.205
322.205
322.203
322.149
322.165
322.178
322.188
322.193
322.197
322.202
322.204
322.203
322.2
321.372
321.387
321.4
321.409
321.416
321.422
321.425
321.425
321.424
321.422
321.379
321.393
321.403
321.413
321.42
321.424
321.428
321.428
321.427
321.426
321.384
321.396
321.406
321.416
321.422
321.426
321.429
321.428
321.429
321.429
321.385
321.397
321.408
321.417
321.422
321.426
321.428
321.429
321.431
321.431
321.384
321.397
321.407
321.416
321.42
321.424
321.427
321.429
321.431
321.43
321.384
321.398
321.408
321.416
321.42
321.424
321.428
321.43
321.431
321.429
321.385
321.399
321.41
321.418
321.422
321.425
321.429
321.43
321.43
321.428
321.383
321.398
321.409
321.417
321.421
321.423
321.426
321.428
321.429
321.427
321.378
321.393
321.406
321.415
321.419
321.422
321.426
321.429
321.429
321.427
321.37
321.387
321.402
321.412
321.417
321.421
321.425
321.428
321.427
321.424
)
;

boundaryField
{
    bodyBottom
    {
        type            fixedValue;
        value           uniform 353;
    }
    solid_to_fluid
    {
        type            compressible::turbulentTemperatureCoupledBaffleMixed;
        refValue        nonuniform List<scalar> 
500
(
320.805
324.986
326.789
327.851
328.376
328.376
327.851
326.789
324.986
320.804
309.819
313.862
317.188
318.97
319.744
319.744
318.969
317.188
313.862
309.819
304.887
307.798
310.247
311.548
312.113
312.113
311.548
310.247
307.798
304.887
303.202
305.648
307.655
308.672
309.101
309.101
308.673
307.656
305.649
303.202
302.299
304.534
306.337
307.227
307.603
307.603
307.228
306.337
304.534
302.3
301.647
303.742
305.433
306.254
306.601
306.601
306.254
305.433
303.742
301.647
301.125
303.09
304.696
305.467
305.79
305.791
305.467
304.696
303.089
301.125
300.416
302.166
303.619
304.301
304.582
304.582
304.3
303.618
302.166
300.416
299.373
300.789
301.988
302.546
302.774
302.774
302.546
301.987
300.788
299.373
298.262
299.279
300.158
300.556
300.711
300.711
300.555
300.158
299.278
298.262
322.002
335.75
338.588
341.459
340.138
339.702
338.598
337.313
335.945
334.647
312.678
332.817
337.186
339.252
338.685
338.157
336.981
335.476
333.838
331.3
307.943
327.65
333.532
335.279
334.916
334.601
333.622
332.331
330.593
325.956
305.985
324.497
329.702
330.999
330.817
330.82
330.041
329.07
327.277
321.957
304.788
321.749
325.932
326.988
326.766
326.904
326.308
325.674
324.041
319.229
303.865
319.303
322.767
323.625
323.385
323.515
323.031
322.596
321.295
317.265
303.145
317.052
320.216
320.833
320.625
320.73
320.281
319.89
319.036
315.83
302.354
314.904
318.419
318.928
318.771
318.674
318.299
317.846
317.179
314.845
301.391
312.22
316.907
317.383
317.368
317.069
316.813
316.38
315.521
314.087
300.309
307.262
313.965
315.698
315.504
315.842
315.617
314.919
314.201
312.986
338.517
339.073
338.827
338.703
338.745
338.743
338.698
338.82
339.065
338.51
328.357
329.389
329.234
329
329.003
328.997
328.991
329.222
329.375
328.343
320.312
321.323
321.367
321.566
322.184
322.179
321.558
321.356
321.31
320.299
317.04
318.229
318.823
319.832
321.211
321.207
319.822
318.81
318.217
317.028
315.528
316.896
317.831
319.274
321.019
321.016
319.262
317.816
316.882
315.516
314.534
315.989
317.162
318.856
320.719
320.715
318.841
317.144
315.974
314.523
313.937
315.392
316.664
318.404
320.051
320.045
318.389
316.644
315.377
313.926
313.717
315.057
316.246
317.824
319.098
319.092
317.81
316.227
315.042
313.708
313.826
314.869
315.755
316.981
318.151
318.145
316.967
315.738
314.857
313.82
313.768
314.322
314.69
315.515
316.612
316.604
315.503
314.676
314.314
313.766
322.002
335.75
338.587
341.459
340.138
339.702
338.599
337.314
335.947
334.649
312.677
332.817
337.186
339.252
338.685
338.158
336.982
335.478
333.84
331.305
307.942
327.65
333.532
335.28
334.917
334.601
333.622
332.332
330.595
325.963
305.984
324.497
329.701
330.999
330.817
330.82
330.042
329.071
327.279
321.963
304.787
321.748
325.931
326.987
326.765
326.903
326.307
325.675
324.043
319.235
303.865
319.302
322.765
323.624
323.384
323.514
323.03
322.595
321.295
317.269
303.145
317.052
320.215
320.833
320.625
320.729
320.28
319.888
319.035
315.832
302.354
314.905
318.419
318.927
318.77
318.673
318.297
317.844
317.177
314.846
301.391
312.221
316.906
317.382
317.367
317.067
316.811
316.377
315.518
314.086
300.309
307.262
313.964
315.696
315.503
315.84
315.614
314.915
314.197
312.983
300.291
307.233
312.92
314.31
314.484
314.863
314.95
314.668
314.094
312.81
301.235
312.091
316.055
316.861
316.84
316.858
316.762
316.407
315.602
314.04
301.915
314.184
317.072
317.907
317.847
317.695
317.437
317.012
316.233
314.985
302.248
314.99
316.795
317.716
317.869
317.897
317.731
317.406
316.974
315.848
302.399
315.727
316.461
317.293
317.629
317.804
317.814
317.751
317.65
316.794
302.399
315.729
316.46
317.292
317.629
317.804
317.814
317.751
317.649
316.791
302.248
314.989
316.793
317.713
317.867
317.895
317.729
317.405
316.972
315.843
301.915
314.185
317.072
317.907
317.847
317.694
317.437
317.012
316.233
314.983
301.235
312.093
316.058
316.863
316.841
316.858
316.763
316.409
315.604
314.041
300.291
307.234
312.924
314.312
314.485
314.864
314.952
314.671
314.097
312.812
)
;
        refGradient     uniform 0;
        valueFraction   nonuniform List<scalar> 
500
(
0.000301416
0.000301416
0.000301416
0.000301416
0.000301416
0.000301416
0.000301416
0.000301416
0.000301416
0.000301416
0.000301416
0.000301416
0.000301416
0.000301416
0.000301416
0.000301416
0.000301416
0.000301416
0.000301416
0.000301416
0.000301416
0.000301416
0.000301416
0.000301416
0.000301416
0.000301416
0.000301416
0.000301416
0.000301416
0.000301416
0.000301416
0.000301416
0.000301416
0.000301416
0.000301416
0.000301416
0.000301416
0.000301416
0.000301416
0.000301416
0.000301416
0.000301416
0.000301416
0.000301416
0.000301416
0.000301416
0.000301416
0.000301416
0.000301416
0.000301416
0.000301416
0.000301416
0.000301416
0.000301416
0.000301416
0.000301416
0.000301416
0.000301416
0.000301416
0.000301416
0.000301416
0.000301416
0.000301416
0.000301416
0.000301416
0.000301416
0.000301416
0.000301416
0.000301416
0.000301416
0.000301416
0.000301416
0.000301416
0.000301416
0.000301416
0.000301416
0.000301416
0.000301416
0.000301416
0.000301416
0.000301416
0.000301416
0.000301416
0.000301416
0.000301416
0.000301416
0.000301416
0.000301416
0.000301416
0.000301416
0.000301416
0.000301416
0.000301416
0.000301416
0.000301416
0.000301416
0.000301416
0.000301416
0.000301416
0.000301416
0.000302436
0.000302436
0.000302436
0.000302436
0.000302436
0.000302436
0.000302436
0.000302436
0.000302436
0.000302436
0.000302436
0.000302436
0.000302436
0.000302436
0.000302436
0.000302436
0.000302436
0.000302436
0.000302436
0.000302436
0.000302436
0.000302436
0.000302436
0.000302436
0.000302436
0.000302436
0.000302436
0.000302436
0.000302436
0.000302436
0.000302436
0.000302436
0.000302436
0.000302436
0.000302436
0.000302436
0.000302436
0.000302436
0.000302436
0.000302436
0.000302436
0.000302436
0.000302436
0.000302436
0.000302436
0.000302436
0.000302436
0.000302436
0.000302436
0.000302436
0.000302436
0.000302436
0.000302436
0.000302436
0.000302436
0.000302436
0.000302436
0.000302436
0.000302436
0.000302436
0.000302436
0.000302436
0.000302436
0.000302436
0.000302436
0.000302436
0.000302436
0.000302436
0.000302436
0.000302436
0.000302436
0.000302436
0.000302436
0.000302436
0.000302436
0.000302436
0.000302436
0.000302436
0.000302436
0.000302436
0.000302436
0.000302436
0.000302436
0.000302436
0.000302436
0.000302436
0.000302436
0.000302436
0.000302436
0.000302436
0.000302436
0.000302436
0.000302436
0.000302436
0.000302436
0.000302436
0.000302436
0.000302436
0.000302436
0.000302436
0.000300478
0.000300478
0.000300478
0.000300478
0.000300478
0.000300478
0.000300478
0.000300478
0.000300478
0.000300478
0.000300478
0.000300478
0.000300478
0.000300478
0.000300478
0.000300478
0.000300478
0.000300478
0.000300478
0.000300478
0.000300478
0.000300478
0.000300478
0.000300478
0.000300478
0.000300478
0.000300478
0.000300478
0.000300478
0.000300478
0.000300478
0.000300478
0.000300478
0.000300478
0.000300478
0.000300478
0.000300478
0.000300478
0.000300478
0.000300478
0.000300478
0.000300478
0.000300478
0.000300478
0.000300478
0.000300478
0.000300478
0.000300478
0.000300478
0.000300478
0.000300478
0.000300478
0.000300478
0.000300478
0.000300478
0.000300478
0.000300478
0.000300478
0.000300478
0.000300478
0.000300478
0.000300478
0.000300478
0.000300478
0.000300478
0.000300478
0.000300478
0.000300478
0.000300478
0.000300478
0.000300478
0.000300478
0.000300478
0.000300478
0.000300478
0.000300478
0.000300478
0.000300478
0.000300478
0.000300478
0.000300478
0.000300478
0.000300478
0.000300478
0.000300478
0.000300478
0.000300478
0.000300478
0.000300478
0.000300478
0.000300478
0.000300478
0.000300478
0.000300478
0.000300478
0.000300478
0.000300478
0.000300478
0.000300478
0.000300478
0.000302436
0.000302436
0.000302436
0.000302436
0.000302436
0.000302436
0.000302436
0.000302436
0.000302436
0.000302436
0.000302436
0.000302436
0.000302436
0.000302436
0.000302436
0.000302436
0.000302436
0.000302436
0.000302436
0.000302436
0.000302436
0.000302436
0.000302436
0.000302436
0.000302436
0.000302436
0.000302436
0.000302436
0.000302436
0.000302436
0.000302436
0.000302436
0.000302436
0.000302436
0.000302436
0.000302436
0.000302436
0.000302436
0.000302436
0.000302436
0.000302436
0.000302436
0.000302436
0.000302436
0.000302436
0.000302436
0.000302436
0.000302436
0.000302436
0.000302436
0.000302436
0.000302436
0.000302436
0.000302436
0.000302436
0.000302436
0.000302436
0.000302436
0.000302436
0.000302436
0.000302436
0.000302436
0.000302436
0.000302436
0.000302436
0.000302436
0.000302436
0.000302436
0.000302436
0.000302436
0.000302436
0.000302436
0.000302436
0.000302436
0.000302436
0.000302436
0.000302436
0.000302436
0.000302436
0.000302436
0.000302436
0.000302436
0.000302436
0.000302436
0.000302436
0.000302436
0.000302436
0.000302436
0.000302436
0.000302436
0.000302436
0.000302436
0.000302436
0.000302436
0.000302436
0.000302436
0.000302436
0.000302436
0.000302436
0.000302436
0.000301115
0.000301115
0.000301115
0.000301115
0.000301115
0.000301115
0.000301115
0.000301115
0.000301115
0.000301115
0.000301115
0.000301115
0.000301115
0.000301115
0.000301115
0.000301115
0.000301115
0.000301115
0.000301115
0.000301115
0.000301115
0.000301115
0.000301115
0.000301115
0.000301115
0.000301115
0.000301115
0.000301115
0.000301115
0.000301115
0.000301115
0.000301115
0.000301115
0.000301115
0.000301115
0.000301115
0.000301115
0.000301115
0.000301115
0.000301115
0.000301115
0.000301115
0.000301115
0.000301115
0.000301115
0.000301115
0.000301115
0.000301115
0.000301115
0.000301115
0.000301115
0.000301115
0.000301115
0.000301115
0.000301115
0.000301115
0.000301115
0.000301115
0.000301115
0.000301115
0.000301115
0.000301115
0.000301115
0.000301115
0.000301115
0.000301115
0.000301115
0.000301115
0.000301115
0.000301115
0.000301115
0.000301115
0.000301115
0.000301115
0.000301115
0.000301115
0.000301115
0.000301115
0.000301115
0.000301115
0.000301115
0.000301115
0.000301115
0.000301115
0.000301115
0.000301115
0.000301115
0.000301115
0.000301115
0.000301115
0.000301115
0.000301115
0.000301115
0.000301115
0.000301115
0.000301115
0.000301115
0.000301115
0.000301115
0.000301115
)
;
        source          uniform 0;
        Tnbr            T;
        kappaMethod     solidThermo;
        value           nonuniform List<scalar> 
500
(
350.481
350.488
350.491
350.492
350.493
350.493
350.492
350.491
350.488
350.48
345.539
345.55
345.557
345.56
345.561
345.561
345.56
345.556
345.55
345.539
340.796
340.807
340.814
340.818
340.82
340.819
340.818
340.815
340.808
340.796
336.362
336.373
336.379
336.384
336.385
336.385
336.384
336.381
336.374
336.363
332.343
332.352
332.358
332.362
332.363
332.363
332.363
332.36
332.354
332.344
328.836
328.845
328.851
328.853
328.853
328.854
328.854
328.851
328.846
328.836
325.925
325.933
325.938
325.94
325.94
325.939
325.94
325.937
325.932
325.923
323.676
323.684
323.688
323.69
323.689
323.688
323.688
323.686
323.681
323.672
322.143
322.151
322.155
322.157
322.155
322.154
322.155
322.153
322.148
322.139
321.361
321.369
321.374
321.376
321.375
321.375
321.375
321.373
321.368
321.359
350.481
350.494
350.499
350.503
350.503
350.503
350.503
350.502
350.5
350.496
345.539
345.563
345.574
345.581
345.583
345.584
345.584
345.582
345.578
345.57
340.797
340.822
340.836
340.844
340.848
340.851
340.851
340.848
340.843
340.833
336.364
336.389
336.404
336.412
336.416
336.419
336.42
336.418
336.412
336.402
332.344
332.368
332.382
332.39
332.394
332.398
332.399
332.398
332.393
332.384
328.837
328.858
328.872
328.88
328.884
328.887
328.89
328.89
328.886
328.879
325.924
325.944
325.956
325.964
325.968
325.973
325.977
325.977
325.975
325.969
323.673
323.692
323.704
323.713
323.718
323.723
323.728
323.729
323.728
323.723
322.14
322.159
322.173
322.183
322.188
322.192
322.197
322.199
322.198
322.194
321.36
321.379
321.396
321.406
321.411
321.416
321.42
321.422
321.421
321.418
350.497
350.5
350.502
350.502
350.502
350.502
350.502
350.501
350.5
350.497
345.569
345.574
345.576
345.578
345.578
345.578
345.578
345.576
345.574
345.569
340.831
340.836
340.839
340.842
340.843
340.842
340.842
340.839
340.836
340.831
336.4
336.405
336.409
336.412
336.413
336.413
336.412
336.409
336.405
336.401
332.383
332.388
332.391
332.394
332.395
332.395
332.394
332.391
332.387
332.383
328.877
328.882
328.886
328.889
328.889
328.889
328.887
328.884
328.882
328.878
325.968
325.973
325.976
325.979
325.979
325.978
325.976
325.974
325.973
325.969
323.722
323.726
323.73
323.732
323.731
323.73
323.729
323.727
323.726
323.723
322.193
322.197
322.2
322.202
322.201
322.201
322.199
322.198
322.197
322.194
321.417
321.421
321.424
321.425
321.425
321.424
321.423
321.422
321.421
321.418
350.481
350.494
350.5
350.503
350.503
350.504
350.503
350.502
350.5
350.496
345.54
345.563
345.575
345.581
345.584
345.585
345.584
345.582
345.578
345.57
340.797
340.822
340.837
340.846
340.849
340.851
340.851
340.849
340.843
340.833
336.363
336.388
336.404
336.413
336.417
336.42
336.42
336.418
336.412
336.402
332.343
332.367
332.381
332.39
332.395
332.398
332.4
332.398
332.393
332.384
328.837
328.858
328.87
328.879
328.885
328.888
328.89
328.888
328.885
328.878
325.925
325.945
325.956
325.965
325.97
325.974
325.977
325.975
325.973
325.968
323.676
323.695
323.706
323.714
323.721
323.725
323.728
323.727
323.725
323.722
322.143
322.161
322.173
322.182
322.189
322.194
322.197
322.196
322.195
322.193
321.362
321.379
321.394
321.404
321.411
321.417
321.42
321.419
321.418
321.416
321.362
321.379
321.394
321.404
321.411
321.416
321.42
321.419
321.418
321.416
321.37
321.387
321.398
321.408
321.415
321.42
321.423
321.423
321.422
321.421
321.374
321.39
321.401
321.411
321.417
321.421
321.424
321.424
321.424
321.424
321.376
321.392
321.403
321.412
321.417
321.421
321.424
321.424
321.427
321.426
321.375
321.392
321.402
321.411
321.416
321.42
321.423
321.424
321.426
321.425
321.375
321.393
321.404
321.412
321.416
321.42
321.424
321.425
321.426
321.424
321.376
321.394
321.405
321.413
321.417
321.421
321.424
321.425
321.425
321.423
321.374
321.392
321.405
321.413
321.416
321.419
321.422
321.423
321.424
321.422
321.369
321.387
321.401
321.41
321.414
321.417
321.422
321.424
321.424
321.421
321.36
321.379
321.396
321.406
321.411
321.415
321.42
321.422
321.421
321.418
)
;
    }
}


// ************************************************************************* //
