/*--------------------------------*- C++ -*----------------------------------*\
| =========                 |                                                 |
| \\      /  F ield         | OpenFOAM: The Open Source CFD Toolbox           |
|  \\    /   O peration     | Version:  2412                                  |
|   \\  /    A nd           | Website:  www.openfoam.com                      |
|    \\/     M anipulation  |                                                 |
\*---------------------------------------------------------------------------*/
FoamFile
{
    version     2.0;
    format      ascii;
    arch        "LSB;label=32;scalar=64";
    class       volScalarField;
    location    "1.7/solid";
    object      wallHeatFlux;
}
// * * * * * * * * * * * * * * * * * * * * * * * * * * * * * * * * * * * * * //

dimensions      [1 0 -3 0 0 0 0];

internalField   uniform 0;

boundaryField
{
    bodyBottom
    {
        type            calculated;
        value           nonuniform List<scalar> 
100
(
514550
513320
512910
512500
512500
512500
512705
512910
513320
514550
512705
512090
511680
511475
511475
511475
511475
511680
512090
512705
511885
511270
511065
511065
510860
510860
511065
511065
511270
511885
511270
510860
510860
510655
510655
510655
510655
510860
510860
511270
511065
510655
510655
510655
510450
510450
510450
510655
510655
511065
511065
510655
510450
510450
510450
510450
510450
510450
510655
511065
511065
510655
510450
510450
510450
510450
510450
510450
510655
511065
511270
510860
510655
510450
510450
510450
510450
510655
510860
511270
511680
511065
510860
510655
510655
510655
510655
510860
511065
511680
512295
511680
511475
511270
511270
511270
511270
511475
511680
512295
)
;
    }
    solid_to_fluid
    {
        type            calculated;
        value           nonuniform List<scalar> 
500
(
-1845
-1640
-1435
-1640
-1435
-1435
-1435
-1435
-1640
-2050
-2460
-2255
-1845
-1845
-1845
-1640
-1640
-2050
-2050
-2255
-2460
-2255
-2255
-2050
-1845
-2050
-2050
-2050
-2255
-2460
-2460
-2255
-2255
-2050
-2050
-2050
-2255
-2255
-2255
-2460
-2255
-2255
-2050
-2050
-2050
-2050
-2050
-2255
-2255
-2255
-2255
-2050
-1845
-2050
-2050
-1845
-1845
-2050
-2050
-2255
-2050
-2050
-2050
-1845
-1845
-1845
-1845
-2050
-2050
-2255
-2050
-2050
-2050
-1845
-1845
-1845
-1845
-1845
-1845
-2050
-2050
-1845
-1845
-1845
-2050
-2050
-1845
-1845
-1845
-2050
-2255
-2050
-2050
-1845
-1845
-1845
-2050
-2050
-2050
-2255
-1845
-1025
-820
-615
-820
-820
-820
-820
-820
-1025
-2255
-820
-615
-410
-615
-615
-820
-820
-820
-1025
-2255
-1025
-820
-615
-615
-615
-615
-820
-820
-1230
-2255
-1025
-615
-615
-615
-615
-820
-820
-1025
-1230
-2255
-1025
-820
-820
-820
-615
-820
-820
-1025
-1230
-2050
-1230
-820
-820
-820
-820
-820
-820
-1025
-1230
-2050
-1230
-1025
-820
-1025
-820
-820
-1025
-1025
-1230
-1845
-1230
-1025
-820
-1025
-1025
-820
-1025
-1025
-1230
-1845
-1230
-1025
-1025
-1025
-1025
-1025
-1025
-1025
-1230
-2050
-1640
-1230
-1230
-1230
-1025
-1025
-1230
-1230
-1230
-820
-820
-615
-820
-820
-820
-820
-820
-820
-820
-1230
-1230
-1230
-1230
-1230
-1230
-1230
-1230
-1230
-1230
-1640
-1640
-1640
-1435
-1230
-1435
-1435
-1435
-1640
-1640
-1640
-1640
-1435
-1435
-1230
-1230
-1435
-1435
-1640
-1435
-1435
-1230
-1435
-1435
-1230
-1230
-1230
-1230
-1435
-1435
-1435
-1435
-1230
-1025
-1025
-1025
-1025
-1230
-1435
-1435
-1230
-1230
-1230
-1025
-820
-1025
-1025
-1230
-1230
-1230
-1230
-1230
-1025
-1025
-1025
-1025
-1025
-1025
-1230
-1230
-1230
-1025
-1025
-1025
-1025
-820
-1025
-1025
-1230
-1230
-1025
-1025
-1025
-1230
-1025
-1025
-1025
-1025
-1230
-1230
-1845
-1025
-615
-615
-820
-615
-820
-820
-820
-1025
-2255
-1025
-615
-615
-615
-615
-820
-820
-820
-1025
-2255
-1230
-820
-615
-820
-615
-820
-820
-820
-1230
-2255
-1230
-820
-615
-615
-615
-820
-820
-1025
-1230
-2255
-1025
-1025
-820
-820
-820
-820
-820
-1025
-1230
-2050
-1025
-1025
-820
-820
-1025
-1025
-1025
-1025
-1230
-2050
-1025
-1025
-820
-1025
-1025
-1025
-1025
-1025
-1230
-2050
-1230
-1025
-1025
-820
-1025
-1025
-1025
-1025
-1230
-2050
-1230
-1025
-1025
-1025
-820
-1025
-1025
-1025
-1230
-2050
-1640
-1230
-1025
-1025
-1025
-1025
-1230
-1230
-1230
-2050
-1640
-1230
-1025
-1025
-1230
-1025
-1230
-1230
-1230
-1845
-1230
-1025
-1025
-1025
-820
-1025
-1025
-1025
-1025
-2050
-1230
-1025
-1025
-1025
-1025
-1025
-820
-1025
-1025
-1845
-1025
-1025
-1025
-1025
-1025
-820
-1025
-820
-1025
-1845
-1025
-1025
-1025
-820
-820
-820
-1025
-1025
-1025
-1845
-1025
-820
-820
-820
-820
-820
-1025
-1025
-1025
-1845
-1025
-1025
-1025
-1025
-820
-1025
-1025
-1025
-1025
-1845
-1230
-820
-820
-1025
-820
-820
-1025
-1025
-1025
-1845
-1230
-1025
-1025
-1025
-1025
-820
-1025
-1025
-1230
-2050
-1640
-1230
-1230
-1230
-1230
-1025
-1230
-1230
-1230
)
;
    }
}


// ************************************************************************* //
