/*--------------------------------*- C++ -*----------------------------------*\
| =========                 |                                                 |
| \\      /  F ield         | OpenFOAM: The Open Source CFD Toolbox           |
|  \\    /   O peration     | Version:  2412                                  |
|   \\  /    A nd           | Website:  www.openfoam.com                      |
|    \\/     M anipulation  |                                                 |
\*---------------------------------------------------------------------------*/
FoamFile
{
    version     2.0;
    format      ascii;
    arch        "LSB;label=32;scalar=64";
    class       faceList;
    location    "constant/solid/polyMesh";
    object      faces;
}
// * * * * * * * * * * * * * * * * * * * * * * * * * * * * * * * * * * * * * //


239
(
4(19 49 62 24)
4(48 61 62 49)
4(23 24 62 61)
4(20 50 63 25)
4(49 62 63 50)
4(24 25 63 62)
4(21 51 64 26)
4(50 63 64 51)
4(25 26 64 63)
4(22 52 65 27)
4(51 64 65 52)
4(26 27 65 64)
4(52 65 4 1)
4(27 3 4 65)
4(49 54 67 62)
4(53 66 67 54)
4(61 62 67 66)
4(50 55 68 63)
4(54 67 68 55)
4(62 63 68 67)
4(51 56 69 64)
4(63 64 69 68)
4(52 57 70 65)
4(64 65 70 69)
4(65 4 5 70)
4(54 59 72 67)
4(66 67 72 71)
4(67 68 73 72)
4(24 62 75 29)
4(61 74 75 62)
4(28 29 75 74)
4(25 63 76 30)
4(62 75 76 63)
4(29 30 76 75)
4(26 64 77 31)
4(63 76 77 64)
4(30 31 77 76)
4(27 65 78 32)
4(64 77 78 65)
4(31 32 78 77)
4(65 78 7 4)
4(32 6 7 78)
4(62 67 80 75)
4(66 79 80 67)
4(74 75 80 79)
4(63 68 81 76)
4(67 80 81 68)
4(75 76 81 80)
4(64 69 82 77)
4(76 77 82 81)
4(65 70 83 78)
4(77 78 83 82)
4(78 7 8 83)
4(67 72 85 80)
4(79 80 85 84)
4(80 81 86 85)
4(29 75 88 34)
4(74 87 88 75)
4(33 34 88 87)
4(30 76 89 35)
4(75 88 89 76)
4(34 35 89 88)
4(31 77 90 36)
4(76 89 90 77)
4(35 36 90 89)
4(32 78 91 37)
4(77 90 91 78)
4(36 37 91 90)
4(78 91 10 7)
4(37 9 10 91)
4(75 80 93 88)
4(79 92 93 80)
4(87 88 93 92)
4(76 81 94 89)
4(80 93 94 81)
4(88 89 94 93)
4(77 82 95 90)
4(89 90 95 94)
4(78 83 96 91)
4(90 91 96 95)
4(91 10 11 96)
4(80 85 98 93)
4(92 93 98 97)
4(93 94 99 98)
4(34 88 102 39)
4(87 101 102 88)
4(38 39 102 101)
4(35 89 103 40)
4(88 102 103 89)
4(39 40 103 102)
4(36 90 104 41)
4(89 103 104 90)
4(40 41 104 103)
4(37 91 105 42)
4(90 104 105 91)
4(41 42 105 104)
4(91 105 13 10)
4(42 12 13 105)
4(88 93 107 102)
4(92 106 107 93)
4(101 102 107 106)
4(89 94 108 103)
4(93 107 108 94)
4(102 103 108 107)
4(90 95 109 104)
4(94 108 109 95)
4(103 104 109 108)
4(91 96 110 105)
4(104 105 110 109)
4(105 13 14 110)
4(93 98 112 107)
4(106 107 112 111)
4(94 99 113 108)
4(107 108 113 112)
4(108 109 114 113)
4(39 102 116 44)
4(101 115 116 102)
4(40 103 117 45)
4(102 116 117 103)
4(41 104 118 46)
4(103 117 118 104)
4(42 105 119 47)
4(104 118 119 105)
4(105 119 16 13)
4(102 107 121 116)
4(106 120 121 107)
4(103 108 122 117)
4(107 121 122 108)
4(104 109 123 118)
4(108 122 123 109)
4(105 110 124 119)
4(107 112 126 121)
4(108 113 127 122)
4(18 48 49 19)
4(48 53 54 49)
4(53 58 59 54)
4(19 49 50 20)
4(49 54 55 50)
4(54 59 60 55)
4(20 50 51 21)
4(50 55 56 51)
4(21 51 52 22)
4(51 56 57 52)
4(22 52 1 0)
4(52 57 2 1)
4(0 1 4 3)
4(1 2 5 4)
4(3 4 7 6)
4(4 5 8 7)
4(6 7 10 9)
4(7 8 11 10)
4(9 10 13 12)
4(10 11 14 13)
4(12 13 16 15)
4(13 14 17 16)
4(18 19 24 23)
4(19 20 25 24)
4(20 21 26 25)
4(21 22 27 26)
4(22 0 3 27)
4(23 24 29 28)
4(24 25 30 29)
4(25 26 31 30)
4(26 27 32 31)
4(27 3 6 32)
4(28 29 34 33)
4(29 30 35 34)
4(30 31 36 35)
4(31 32 37 36)
4(32 6 9 37)
4(33 34 39 38)
4(34 35 40 39)
4(35 36 41 40)
4(36 37 42 41)
4(37 9 12 42)
4(38 39 44 43)
4(39 40 45 44)
4(40 41 46 45)
4(41 42 47 46)
4(42 12 15 47)
4(55 68 69 56)
4(56 69 70 57)
4(57 70 5 2)
4(58 71 72 59)
4(55 60 73 68)
4(59 72 73 60)
4(68 81 82 69)
4(69 82 83 70)
4(70 83 8 5)
4(71 84 85 72)
4(68 73 86 81)
4(72 85 86 73)
4(81 94 95 82)
4(82 95 96 83)
4(83 96 11 8)
4(84 97 98 85)
4(81 86 99 94)
4(85 98 99 86)
4(94 99 100 95)
4(95 109 110 96)
4(96 110 14 11)
4(97 111 112 98)
4(98 112 113 99)
4(95 100 114 109)
4(99 113 114 100)
4(109 123 124 110)
4(110 124 17 14)
4(111 125 126 112)
4(112 126 127 113)
4(109 114 128 123)
4(113 127 128 114)
4(43 44 116 115)
4(44 45 117 116)
4(45 46 118 117)
4(115 116 121 120)
4(116 117 122 121)
4(117 118 123 122)
4(120 121 126 125)
4(121 122 127 126)
4(46 47 119 118)
4(47 15 16 119)
4(118 119 124 123)
4(119 16 17 124)
4(122 123 128 127)
4(18 23 61 48)
4(48 61 66 53)
4(53 66 71 58)
4(23 28 74 61)
4(61 74 79 66)
4(66 79 84 71)
4(28 33 87 74)
4(74 87 92 79)
4(79 92 97 84)
4(33 38 101 87)
4(87 101 106 92)
4(92 106 111 97)
4(38 43 115 101)
4(101 115 120 106)
4(106 120 125 111)
)


// ************************************************************************* //
