/*--------------------------------*- C++ -*----------------------------------*\
| =========                 |                                                 |
| \\      /  F ield         | OpenFOAM: The Open Source CFD Toolbox           |
|  \\    /   O peration     | Version:  2412                                  |
|   \\  /    A nd           | Website:  www.openfoam.com                      |
|    \\/     M anipulation  |                                                 |
\*---------------------------------------------------------------------------*/
FoamFile
{
    version     2.0;
    format      ascii;
    arch        "LSB;label=32;scalar=64";
    class       labelList;
    location    "constant/solid/polyMesh";
    object      faceProcAddressing;
}
// * * * * * * * * * * * * * * * * * * * * * * * * * * * * * * * * * * * * * //


239
(
16
17
18
19
20
21
22
23
24
25
26
27
28
29
45
46
47
48
49
50
51
53
54
56
58
74
76
79
296
297
298
299
300
301
302
303
304
305
306
307
308
309
325
326
327
328
329
330
331
333
334
336
338
354
356
359
576
577
578
579
580
581
582
583
584
585
586
587
588
589
605
606
607
608
609
610
611
613
614
616
618
634
636
639
856
857
858
859
860
861
862
863
864
865
866
867
868
869
885
886
887
888
889
890
891
892
893
894
896
898
914
916
917
919
922
1136
1137
1139
1140
1142
1143
1145
1146
1148
1165
1166
1168
1169
1171
1172
1174
1194
1197
2751
2752
2753
2761
2762
2763
2771
2772
2781
2782
2791
2792
3001
3002
3011
3012
3021
3022
3031
3032
3041
3042
3106
3107
3108
3109
3110
3116
3117
3118
3119
3120
3126
3127
3128
3129
3130
3136
3137
3138
3139
3140
3146
3147
3148
3149
3150
52
55
57
75
77
78
332
335
337
355
357
358
612
615
617
635
637
638
-642
895
897
915
918
920
921
1175
1177
1195
1198
1200
1201
1138
1141
1144
1167
1170
1173
1196
1199
1147
1149
1176
1178
1202
-13
-42
-71
-293
-322
-351
-573
-602
-631
-853
-882
-911
-1133
-1162
-1191
)


// ************************************************************************* //
