/*--------------------------------*- C++ -*----------------------------------*\
| =========                 |                                                 |
| \\      /  F ield         | OpenFOAM: The Open Source CFD Toolbox           |
|  \\    /   O peration     | Version:  2412                                  |
|   \\  /    A nd           | Website:  www.openfoam.com                      |
|    \\/     M anipulation  |                                                 |
\*---------------------------------------------------------------------------*/
FoamFile
{
    version     2.0;
    format      ascii;
    arch        "LSB;label=32;scalar=64";
    class       volScalarField;
    location    "2.7/fluid";
    object      wallHeatFlux;
}
// * * * * * * * * * * * * * * * * * * * * * * * * * * * * * * * * * * * * * //

dimensions      [1 0 -3 0 0 0 0];

internalField   uniform 0;

boundaryField
{
    inlet
    {
        type            calculated;
        value           uniform 0;
    }
    outlet
    {
        type            calculated;
        value           uniform 0;
    }
    walls
    {
        type            calculated;
        value           uniform 0;
    }
    fluid_to_solid
    {
        type            calculated;
        value           nonuniform List<scalar> 
500
(
1818.42
1545.04
1426.8
1357.88
1323.64
1323.58
1357.76
1426.73
1544.97
1818.17
2304.42
2030.61
1805.13
1684.48
1631.63
1631.57
1684.29
1805
2030.48
2304.3
2430.08
2225.61
2053.17
1961.5
1921.45
1921.39
1961.44
2053.17
2225.61
2430.02
2355.78
2177.84
2031.6
1957.3
1925.78
1925.72
1957.3
2031.6
2177.84
2355.78
2244.96
2076.59
1940.61
1873.37
1844.81
1844.75
1873.3
1940.61
2076.59
2244.9
2132.53
1967.25
1833.81
1768.72
1741.09
1741.03
1768.72
1833.75
1967.31
2132.53
2041.05
1880.66
1749.62
1686.83
1660.25
1660.19
1686.76
1749.62
1880.6
2040.93
1995.13
1848.33
1726.88
1669.95
1646.34
1646.28
1669.89
1726.75
1848.21
1995
2012.06
1890.98
1789
1741.71
1722.37
1722.3
1741.65
1788.87
1890.92
2011.88
2071.71
1984.06
1908.66
1874.85
1861.68
1861.68
1874.85
1908.66
1984.06
2071.65
1757.65
902.921
727.782
552.705
634.011
663.345
732.185
811.072
893.122
962.21
2128.21
824.654
554.441
427.863
464.701
499.865
574.969
667.81
764.248
901.122
2229.67
898.021
514.192
404.73
431.46
453.848
519.649
602.877
706.82
981.064
2164.49
856.841
497.199
413.908
430.095
431.149
487.028
552.209
660.678
1009.16
2065.76
809.584
500.858
429.165
447.894
438.406
483.989
528.89
633.39
969.838
1965.23
767.783
495.214
431.584
450.995
440.018
479.089
512.765
602.939
905.029
1882.12
753.767
484.671
432.452
448.887
439.646
476.547
509.788
576.52
833.461
1836.66
778.14
462.655
414.715
425.506
432.018
463.709
503.214
561.573
763.194
1841.5
900.44
471.895
423.707
418.994
442.065
465.88
506.874
585.574
717.177
1895.09
1278.38
668.12
513.013
525.231
490.439
507.928
571.868
639.964
754.015
697.683
675.686
703.536
727.074
737.426
739.151
729.169
706.556
680.061
703.352
1035.65
983.214
1020.55
1067.01
1092.27
1095.54
1069.85
1025.11
991.039
1045.75
1323.46
1272.5
1301.34
1325.74
1315.39
1317.91
1326.97
1304.48
1279.65
1333.38
1336.21
1268.74
1259.56
1226.48
1155.43
1157.1
1226.66
1260.86
1274.41
1344.84
1231.71
1147.3
1114.03
1047.17
943.286
944.395
1047.42
1115.01
1152.47
1239.48
1115.01
1019.81
967.378
875.878
752.768
753.507
877.233
969.411
1025.54
1122.65
993.996
893.808
830.097
727.074
600.144
601.253
730.278
834.225
900.894
1002.01
872.119
776.059
713.765
614.932
502.975
505.316
619.677
720.481
784.685
880.869
757.451
681.909
640.873
561.634
461.692
466.005
567.672
649.252
691.645
766.57
700.702
667.861
666.567
616.103
530.394
536.433
623.928
675.316
677.103
709.082
1757.96
903.107
728.092
552.891
634.321
663.345
731.937
810.576
892.316
960.163
2128.46
824.84
554.627
427.676
464.391
499.121
573.791
666.136
761.768
895.789
2229.86
898.021
513.882
404.048
430.529
452.484
517.665
600.211
702.789
972.071
2164.62
856.717
496.641
412.978
428.731
429.599
484.857
549.294
655.593
999.731
2065.88
809.398
500.238
428.297
446.592
436.607
481.818
526.099
628.553
961.342
1965.35
767.659
494.718
430.839
449.941
438.468
477.167
510.285
598.598
897.463
1882.31
753.705
484.175
431.584
447.77
438.282
474.748
507.494
572.923
826.577
1836.91
778.265
462.096
413.598
424.079
430.281
461.662
501.044
558.411
756.806
1841.69
901.06
471.709
422.529
417.319
440.08
463.337
503.028
581.419
711.967
1895.27
1279.18
670.787
513.199
524.239
489.508
504.703
568.395
636.987
748.558
1883.54
1256.86
730.839
617.348
600.368
564.863
555.169
581.843
638.774
760.91
1801.1
824.88
458.843
385.117
387.093
385.92
395.923
431.242
509.599
653.223
1742.32
643.591
375.299
298.177
303.055
317.751
342.573
383.697
459.275
579.497
1713.79
576.286
403.271
324.049
312.008
311.823
327.754
358.442
399.442
520.343
1701.2
525.715
433.28
362.518
334.917
322.999
323.617
330.78
343.438
448.408
1701.26
526.518
433.403
362.394
334.855
323.432
324.543
332.632
346.71
454.089
1713.85
576.286
402.283
322.258
310.403
310.279
327.075
359.121
402.283
526.827
1742.38
644.27
374.991
298.609
303.673
318.307
343.252
384.87
461.437
585.301
1801.23
826.733
461.498
387.587
389.254
387.587
397.466
433.033
511.884
658.101
1883.6
1258.28
736.026
619.88
601.911
565.974
556.959
583.943
641.306
764.553
)
;
    }
}


// ************************************************************************* //
