/*--------------------------------*- C++ -*----------------------------------*\
| =========                 |                                                 |
| \\      /  F ield         | OpenFOAM: The Open Source CFD Toolbox           |
|  \\    /   O peration     | Version:  2412                                  |
|   \\  /    A nd           | Website:  www.openfoam.com                      |
|    \\/     M anipulation  |                                                 |
\*---------------------------------------------------------------------------*/
FoamFile
{
    version     2.0;
    format      ascii;
    arch        "LSB;label=32;scalar=64";
    class       volScalarField;
    location    "4.2/fluid";
    object      wallHeatFlux;
}
// * * * * * * * * * * * * * * * * * * * * * * * * * * * * * * * * * * * * * //

dimensions      [1 0 -3 0 0 0 0];

internalField   uniform 0;

boundaryField
{
    inlet
    {
        type            calculated;
        value           uniform 0;
    }
    outlet
    {
        type            calculated;
        value           uniform 0;
    }
    walls
    {
        type            calculated;
        value           uniform 0;
    }
    fluid_to_solid
    {
        type            calculated;
        value           nonuniform List<scalar> 
500
(
1807.85
1521.86
1398.05
1326.05
1289.83
1288.84
1324.5
1396.45
1520.25
1805.38
2382.55
2089.2
1847.47
1717.85
1660.12
1659.07
1715.63
1845.24
2087.16
2380.44
2597.52
2373.09
2183.58
2082.46
2037.53
2036.36
2081.1
2182.29
2371.98
2596.41
2598.51
2398.74
2234.45
2150.76
2114.61
2113.86
2149.9
2233.71
2398.18
2597.83
2552.27
2359.24
2203.3
2126.04
2092.79
2092.17
2125.55
2202.93
2359
2551.78
2490.53
2296.08
2138.96
2062.25
2029.25
2028.75
2061.94
2138.71
2295.89
2490.22
2443.55
2251.39
2094.52
2019.36
1987.22
1986.78
2019.11
2094.46
2251.33
2443.3
2436.75
2258.31
2111.08
2042.23
2013.49
2013.3
2042.29
2111.27
2258.5
2436.63
2490.96
2342.37
2217.64
2160.22
2136.73
2136.86
2160.84
2218.57
2343.17
2491.33
2581.76
2473.65
2381.19
2340.08
2324.26
2324.69
2341.2
2382.67
2475.01
2582.56
1750.46
895.044
720.154
545.759
626.134
654.042
719.844
795.071
876.129
952.783
2199.22
854.919
584.892
458.561
498.005
533.789
607.839
698.137
792.467
925.681
2381.49
968.722
571.186
463.709
495.772
520.393
589.047
671.283
771.815
1042.59
2386.33
961.156
576.148
496.082
518.719
519.649
580.055
645.298
753.829
1114.71
2348.07
940.876
598.102
527.091
552.829
541.48
592.893
637.918
745.333
1102.12
2294.92
919.418
605.606
538.875
564.612
550.038
595.683
631.096
728.03
1057.84
2253.74
926.302
604.8
547.185
569.326
556.736
600.769
638.042
715.006
1005.06
2244.06
973.621
588.861
535.712
550.596
557.728
595.993
643.003
713.642
955.45
2280.84
1128.23
600.583
553.077
550.286
579.869
611.374
668.369
763.938
932.317
2362.14
1592.38
809.522
665.206
671.904
635.995
686.416
769.644
845.43
1005.13
629.658
636.868
696.512
744.943
761.025
739.336
704.338
668.107
642.043
681.971
942.239
936.508
1046.92
1144.71
1169.05
1107
1028.38
956.534
925.417
1006.38
1270.72
1281.75
1404.05
1491.36
1491.24
1421.92
1350.51
1286.43
1260.43
1342.01
1344.22
1340.47
1437.51
1488.9
1448.85
1375.4
1328.39
1301.65
1315.39
1421.12
1277.43
1249.89
1325.86
1358.52
1301.15
1223.39
1179.65
1168.74
1209.78
1342.5
1204.11
1157.4
1214.52
1234.49
1168
1084.94
1038.67
1035.16
1094.92
1245.7
1116.49
1056.29
1097.82
1110.39
1043.35
958.567
909.767
909.089
979.825
1140.52
1001.76
941.376
977.791
991.408
932.934
852.772
805.265
804.711
877.233
1037.07
865.095
831.021
882.717
909.335
868.484
799.658
756.034
750.611
810.687
951.296
784.439
809.394
898.06
946.059
925.725
871.133
830.466
813.214
844.392
939.774
1754.18
896.967
722.696
547.805
629.793
657.081
723.627
800.033
876.625
927.108
2202.32
854.671
581.543
451.739
486.842
519.773
590.722
678.726
763.752
860.562
2383.29
960.97
554.813
438.22
463.275
483.307
544.705
622.537
710.045
918.797
2387.45
946.83
548.24
454.592
468.174
466.996
520.393
580.613
668.865
964.319
2348.81
922.084
563.062
478.593
494.098
479.772
524.921
565.046
643.995
954.024
2295.54
899.448
566.721
486.966
502.408
485.167
524.797
556.984
629.669
926.922
2254.48
907.882
562.132
487.152
498.501
484.981
521.882
557.418
620.367
886.238
2244.81
959.109
540.301
461.724
462.283
461.228
493.54
541.79
608.893
825.212
2281.64
1135.24
571.062
476.857
444.98
455.585
480.082
518.595
616.149
789.056
2363.01
1609.93
884.749
634.879
608.893
571.682
542.038
584.458
696.773
863.787
2342.19
1528.37
782.213
682.244
674.156
640.442
620.497
641.553
727.505
877.242
2240.06
982.027
510.896
419.572
426.117
435.009
456.188
510.217
587.401
714.723
2168.25
796.6
496.2
408.581
412.039
419.201
438.837
477.306
521.455
678.354
2134.35
733.803
545.845
461.745
434.515
431.921
434.021
447.049
471.44
672.118
2120.4
679.713
547.759
460.449
425.623
415.867
417.534
429.637
457.299
669.03
2122.5
694.409
509.846
413.582
382.03
385.055
405.432
443.592
493.669
681.503
2138
729.604
456.126
349.551
352.947
376.472
413.891
468.97
555.539
715.773
2173.31
820.99
450.446
375.237
389.995
409.754
444.888
505.524
615.804
784.559
2245.99
1069.65
620.806
524.542
518.12
510.155
524.048
571.717
681.75
877.489
2347.87
1591.97
982.644
808.456
768.073
720.528
723.368
764.677
847.418
1006.85
)
;
    }
}


// ************************************************************************* //
