/*--------------------------------*- C++ -*----------------------------------*\
| =========                 |                                                 |
| \\      /  F ield         | OpenFOAM: The Open Source CFD Toolbox           |
|  \\    /   O peration     | Version:  2412                                  |
|   \\  /    A nd           | Website:  www.openfoam.com                      |
|    \\/     M anipulation  |                                                 |
\*---------------------------------------------------------------------------*/
FoamFile
{
    version     2.0;
    format      ascii;
    arch        "LSB;label=32;scalar=64";
    class       volScalarField;
    location    "4.3/solid";
    object      T;
}
// * * * * * * * * * * * * * * * * * * * * * * * * * * * * * * * * * * * * * //

dimensions      [0 0 0 1 0 0 0];

internalField   nonuniform List<scalar> 
1000
(
352.317
352.327
352.332
352.335
352.337
352.337
352.337
352.336
352.334
352.331
352.324
352.331
352.335
352.337
352.339
352.339
352.339
352.339
352.337
352.334
352.327
352.333
352.336
352.338
352.339
352.34
352.34
352.34
352.338
352.335
352.328
352.334
352.337
352.339
352.34
352.341
352.341
352.34
352.339
352.336
352.329
352.334
352.337
352.339
352.34
352.341
352.341
352.34
352.339
352.336
352.329
352.334
352.337
352.339
352.34
352.341
352.341
352.34
352.339
352.336
352.328
352.334
352.337
352.339
352.34
352.341
352.341
352.34
352.339
352.336
352.327
352.333
352.336
352.338
352.339
352.34
352.34
352.34
352.338
352.336
352.324
352.331
352.335
352.337
352.339
352.339
352.339
352.339
352.337
352.335
352.317
352.327
352.332
352.335
352.336
352.337
352.337
352.336
352.334
352.332
350.986
351.006
351.018
351.026
351.03
351.032
351.032
351.03
351.026
351.019
350.998
351.013
351.023
351.029
351.033
351.035
351.036
351.034
351.03
351.024
351.005
351.017
351.026
351.032
351.035
351.037
351.038
351.036
351.033
351.026
351.008
351.02
351.028
351.033
351.036
351.038
351.039
351.038
351.034
351.028
351.01
351.021
351.029
351.034
351.037
351.039
351.039
351.038
351.035
351.029
351.01
351.021
351.029
351.034
351.037
351.039
351.039
351.038
351.035
351.029
351.008
351.02
351.028
351.033
351.036
351.038
351.039
351.038
351.035
351.029
351.004
351.017
351.026
351.032
351.035
351.037
351.037
351.036
351.033
351.028
350.998
351.012
351.022
351.029
351.033
351.035
351.035
351.034
351.031
351.025
350.986
351.006
351.018
351.026
351.03
351.032
351.032
351.03
351.026
351.02
349.716
349.74
349.757
349.768
349.774
349.777
349.778
349.775
349.77
349.759
349.729
349.748
349.762
349.772
349.778
349.781
349.782
349.78
349.775
349.766
349.737
349.754
349.766
349.775
349.78
349.784
349.784
349.782
349.778
349.769
349.742
349.758
349.769
349.777
349.782
349.785
349.786
349.784
349.78
349.771
349.745
349.759
349.77
349.778
349.783
349.786
349.787
349.785
349.781
349.773
349.745
349.759
349.77
349.778
349.783
349.786
349.787
349.785
349.781
349.773
349.742
349.757
349.769
349.777
349.782
349.785
349.786
349.784
349.78
349.773
349.738
349.754
349.766
349.774
349.78
349.783
349.784
349.782
349.778
349.771
349.729
349.748
349.762
349.771
349.777
349.781
349.781
349.779
349.775
349.768
349.715
349.739
349.756
349.767
349.773
349.777
349.777
349.775
349.77
349.762
348.532
348.558
348.577
348.591
348.599
348.603
348.604
348.602
348.595
348.584
348.546
348.567
348.583
348.595
348.603
348.607
348.609
348.606
348.601
348.591
348.555
348.573
348.587
348.598
348.605
348.61
348.611
348.609
348.604
348.595
348.561
348.578
348.591
348.601
348.607
348.612
348.613
348.612
348.607
348.598
348.563
348.58
348.592
348.602
348.608
348.612
348.614
348.613
348.608
348.599
348.563
348.58
348.592
348.602
348.608
348.612
348.614
348.613
348.608
348.6
348.561
348.578
348.591
348.601
348.607
348.611
348.613
348.612
348.607
348.599
348.555
348.574
348.588
348.598
348.605
348.609
348.611
348.609
348.605
348.597
348.546
348.567
348.583
348.595
348.602
348.606
348.608
348.606
348.601
348.593
348.532
348.558
348.577
348.59
348.598
348.602
348.604
348.601
348.596
348.586
347.461
347.487
347.508
347.523
347.532
347.538
347.54
347.538
347.531
347.52
347.475
347.496
347.514
347.527
347.536
347.542
347.544
347.542
347.537
347.527
347.484
347.503
347.519
347.531
347.539
347.545
347.547
347.545
347.54
347.531
347.49
347.508
347.522
347.534
347.541
347.547
347.549
347.548
347.543
347.535
347.493
347.51
347.524
347.535
347.543
347.547
347.55
347.549
347.544
347.536
347.493
347.51
347.524
347.535
347.543
347.547
347.55
347.549
347.544
347.537
347.49
347.508
347.523
347.534
347.542
347.546
347.549
347.548
347.543
347.536
347.485
347.504
347.519
347.531
347.539
347.544
347.546
347.545
347.541
347.533
347.475
347.497
347.514
347.527
347.536
347.541
347.543
347.541
347.537
347.529
347.461
347.488
347.508
347.522
347.531
347.537
347.539
347.537
347.531
347.522
346.526
346.553
346.574
346.59
346.601
346.607
346.61
346.608
346.602
346.592
346.54
346.562
346.58
346.595
346.605
346.611
346.614
346.613
346.608
346.599
346.55
346.569
346.585
346.599
346.608
346.614
346.617
346.616
346.612
346.604
346.556
346.574
346.589
346.602
346.611
346.616
346.619
346.619
346.615
346.607
346.558
346.576
346.591
346.603
346.611
346.617
346.62
346.619
346.616
346.609
346.558
346.576
346.591
346.603
346.611
346.617
346.62
346.62
346.616
346.609
346.556
346.574
346.589
346.602
346.61
346.616
346.619
346.619
346.615
346.608
346.55
346.569
346.586
346.599
346.608
346.614
346.616
346.616
346.612
346.605
346.54
346.562
346.581
346.595
346.604
346.61
346.613
346.612
346.608
346.601
346.526
346.553
346.574
346.59
346.6
346.606
346.609
346.607
346.602
346.594
345.749
345.776
345.798
345.815
345.826
345.834
345.837
345.836
345.831
345.821
345.763
345.785
345.804
345.819
345.831
345.838
345.841
345.841
345.836
345.828
345.773
345.792
345.809
345.824
345.834
345.841
345.845
345.844
345.841
345.833
345.778
345.797
345.813
345.827
345.837
345.843
345.847
345.847
345.843
345.836
345.781
345.799
345.815
345.828
345.838
345.844
345.848
345.848
345.844
345.838
345.781
345.799
345.815
345.828
345.837
345.844
345.848
345.848
345.845
345.838
345.778
345.797
345.813
345.826
345.836
345.843
345.847
345.847
345.843
345.837
345.772
345.792
345.809
345.823
345.833
345.84
345.844
345.843
345.84
345.834
345.763
345.785
345.804
345.819
345.83
345.837
345.84
345.84
345.836
345.83
345.748
345.775
345.798
345.814
345.825
345.832
345.836
345.835
345.831
345.823
345.145
345.173
345.196
345.214
345.227
345.235
345.24
345.239
345.234
345.226
345.16
345.183
345.203
345.219
345.232
345.24
345.244
345.243
345.24
345.232
345.169
345.19
345.208
345.224
345.236
345.243
345.247
345.247
345.244
345.237
345.175
345.195
345.212
345.227
345.238
345.245
345.249
345.25
345.247
345.24
345.178
345.197
345.214
345.228
345.239
345.246
345.25
345.251
345.248
345.242
345.177
345.196
345.214
345.228
345.239
345.246
345.25
345.251
345.248
345.242
345.175
345.194
345.212
345.227
345.237
345.245
345.249
345.249
345.247
345.241
345.169
345.189
345.208
345.223
345.235
345.242
345.246
345.246
345.243
345.238
345.159
345.182
345.202
345.219
345.23
345.238
345.242
345.243
345.24
345.234
345.144
345.172
345.195
345.213
345.226
345.234
345.238
345.238
345.234
345.227
344.729
344.758
344.784
344.803
344.817
344.826
344.831
344.831
344.826
344.819
344.744
344.768
344.791
344.809
344.822
344.831
344.836
344.836
344.832
344.825
344.754
344.776
344.797
344.814
344.826
344.835
344.839
344.839
344.836
344.829
344.76
344.782
344.801
344.817
344.829
344.837
344.841
344.842
344.839
344.833
344.763
344.784
344.803
344.819
344.83
344.838
344.842
344.843
344.84
344.834
344.762
344.784
344.803
344.819
344.83
344.838
344.842
344.843
344.84
344.835
344.76
344.782
344.802
344.817
344.829
344.837
344.841
344.841
344.839
344.833
344.753
344.776
344.797
344.814
344.826
344.834
344.838
344.838
344.836
344.83
344.743
344.768
344.791
344.809
344.821
344.829
344.834
344.834
344.832
344.826
344.727
344.757
344.783
344.803
344.816
344.825
344.829
344.829
344.826
344.819
344.507
344.54
344.569
344.591
344.606
344.616
344.621
344.621
344.616
344.609
344.524
344.553
344.578
344.598
344.612
344.622
344.627
344.626
344.623
344.615
344.534
344.562
344.585
344.604
344.617
344.626
344.63
344.63
344.627
344.619
344.541
344.568
344.59
344.607
344.62
344.628
344.633
344.633
344.63
344.623
344.544
344.57
344.592
344.609
344.621
344.629
344.633
344.634
344.631
344.624
344.544
344.571
344.592
344.609
344.621
344.629
344.634
344.634
344.631
344.625
344.541
344.568
344.591
344.608
344.62
344.628
344.632
344.633
344.63
344.623
344.534
344.562
344.586
344.604
344.617
344.625
344.629
344.629
344.626
344.62
344.523
344.553
344.579
344.598
344.611
344.62
344.625
344.625
344.622
344.616
344.507
344.539
344.569
344.591
344.605
344.614
344.619
344.619
344.615
344.608
)
;

boundaryField
{
    bodyBottom
    {
        type            fixedValue;
        value           uniform 353;
    }
    solid_to_fluid
    {
        type            compressible::turbulentTemperatureCoupledBaffleMixed;
        refValue        nonuniform List<scalar> 
500
(
323.108
327.727
329.737
330.904
331.484
331.471
330.884
329.716
327.706
323.051
312.409
317.175
321.105
323.21
324.133
324.116
323.172
321.065
317.134
312.36
307.584
311.24
314.329
315.976
316.701
316.679
315.948
314.302
311.214
307.551
306.328
309.586
312.268
313.635
314.222
314.204
313.615
312.248
309.566
306.301
305.958
309.109
311.657
312.922
313.465
313.449
312.905
311.641
309.092
305.934
305.986
309.164
311.734
312.991
313.532
313.517
312.975
311.718
309.148
305.963
305.938
309.08
311.647
312.881
313.409
313.394
312.864
311.631
309.064
305.915
305.415
308.336
310.748
311.879
312.352
312.337
311.863
310.732
308.32
305.393
304.092
306.526
308.572
309.518
309.907
309.895
309.503
308.556
306.51
304.07
302.375
304.15
305.671
306.35
306.618
306.608
306.339
305.658
304.137
302.357
324.002
337.834
340.636
343.476
342.156
341.806
340.847
339.722
338.495
337.35
315.387
337.144
341.543
343.672
343.098
342.644
341.616
340.296
338.976
337.355
311.146
334.096
340.639
342.51
342.081
341.79
340.889
339.751
338.426
335.226
309.848
333.077
339.473
340.944
340.687
340.738
339.914
339.023
337.629
333.079
309.358
332.349
338.085
339.372
339.094
339.401
338.679
338.078
336.798
332.105
309.251
331.751
337.057
338.281
338.019
338.39
337.77
337.298
336.179
331.847
309.107
330.829
336.347
337.507
337.309
337.573
337.026
336.525
335.656
331.967
308.635
329.407
336.077
337.241
337.195
337.216
336.761
336.084
335.16
332.237
307.603
326.22
335.251
336.56
336.925
336.661
336.354
335.773
334.184
331.808
306.052
318.329
330.368
334.073
334.201
334.906
335.055
333.755
331.866
329.64
340.236
340.505
340.241
340.323
340.97
341.678
342.4
343.06
343.521
342.574
332.194
333.02
332.873
333.128
334.515
335.994
337.466
338.609
339.128
337.688
325.279
326.256
326.443
326.938
328.358
329.803
331.336
332.722
333.308
331.813
322.681
324.032
324.776
325.985
327.589
328.784
329.848
330.72
330.831
329.034
322.511
324.044
325.161
327.087
328.91
330.144
330.987
331.469
331.095
328.87
322.805
324.306
325.578
327.915
329.931
331.31
332.138
332.449
331.816
329.361
323.474
324.801
326.039
328.428
330.559
332.105
333.047
333.382
332.712
330.236
324.588
325.587
326.525
328.652
330.744
332.392
333.503
334.019
333.546
331.286
326.21
326.55
326.778
328.35
330.2
331.839
333.122
333.955
333.932
332.201
327.624
326.677
325.791
326.639
328.096
329.628
331.053
332.274
332.9
331.984
324.096
337.932
340.773
343.554
342.27
341.762
340.66
339.425
338.137
336.886
315.478
337.276
341.66
343.676
343.073
342.462
341.22
339.72
338.115
335.564
311.214
334.207
340.692
342.471
341.987
341.562
340.391
338.968
337.121
331.877
309.907
333.191
339.553
340.937
340.604
340.521
339.459
338.257
336.122
329.206
309.412
332.48
338.224
339.495
339.119
339.201
338.291
337.388
335.217
328.26
309.302
331.9
337.237
338.449
338.086
338.228
337.424
336.679
334.677
328.096
309.158
330.989
336.514
337.632
337.352
337.483
336.713
335.94
334.32
328.369
308.685
329.56
336.187
337.333
337.202
337.076
336.389
335.486
334.032
329.003
307.652
326.443
335.423
336.685
336.973
336.597
336.049
335.089
333.161
329.681
306.099
318.578
330.954
334.391
334.397
335.194
335.135
333.792
331.994
329.129
306.218
319.135
330.252
332.407
332.842
333.591
333.86
333.195
331.58
328.502
307.901
327.916
335.562
337.168
337.097
337.086
336.791
335.876
333.958
330.352
309.093
331.319
336.71
338.398
338.372
338.103
337.587
336.666
334.901
330.626
309.665
332.444
335.82
337.4
337.767
337.818
337.559
336.903
335.554
330.988
309.911
333.227
335.281
336.656
337.2
337.375
337.323
337.049
336.176
331.82
309.899
333.222
335.561
336.924
337.36
337.397
337.283
337.032
336.482
332.753
309.654
332.676
336.397
337.945
338.048
337.921
337.468
336.761
335.949
333.231
309.078
331.429
337.033
338.689
338.616
338.248
337.648
336.688
335.183
333.048
307.885
327.958
335.745
337.277
337.23
337.166
336.913
336.127
334.448
331.754
306.203
319.232
330.753
332.66
332.853
333.512
333.852
333.396
332.242
329.888
)
;
        refGradient     uniform 0;
        valueFraction   nonuniform List<scalar> 
500
(
0.000301416
0.000301416
0.000301416
0.000301416
0.000301416
0.000301416
0.000301416
0.000301416
0.000301416
0.000301416
0.000301416
0.000301416
0.000301416
0.000301416
0.000301416
0.000301416
0.000301416
0.000301416
0.000301416
0.000301416
0.000301416
0.000301416
0.000301416
0.000301416
0.000301416
0.000301416
0.000301416
0.000301416
0.000301416
0.000301416
0.000301416
0.000301416
0.000301416
0.000301416
0.000301416
0.000301416
0.000301416
0.000301416
0.000301416
0.000301416
0.000301416
0.000301416
0.000301416
0.000301416
0.000301416
0.000301416
0.000301416
0.000301416
0.000301416
0.000301416
0.000301416
0.000301416
0.000301416
0.000301416
0.000301416
0.000301416
0.000301416
0.000301416
0.000301416
0.000301416
0.000301416
0.000301416
0.000301416
0.000301416
0.000301416
0.000301416
0.000301416
0.000301416
0.000301416
0.000301416
0.000301416
0.000301416
0.000301416
0.000301416
0.000301416
0.000301416
0.000301416
0.000301416
0.000301416
0.000301416
0.000301416
0.000301416
0.000301416
0.000301416
0.000301416
0.000301416
0.000301416
0.000301416
0.000301416
0.000301416
0.000301416
0.000301416
0.000301416
0.000301416
0.000301416
0.000301416
0.000301416
0.000301416
0.000301416
0.000301416
0.000302436
0.000302436
0.000302436
0.000302436
0.000302436
0.000302436
0.000302436
0.000302436
0.000302436
0.000302436
0.000302436
0.000302436
0.000302436
0.000302436
0.000302436
0.000302436
0.000302436
0.000302436
0.000302436
0.000302436
0.000302436
0.000302436
0.000302436
0.000302436
0.000302436
0.000302436
0.000302436
0.000302436
0.000302436
0.000302436
0.000302436
0.000302436
0.000302436
0.000302436
0.000302436
0.000302436
0.000302436
0.000302436
0.000302436
0.000302436
0.000302436
0.000302436
0.000302436
0.000302436
0.000302436
0.000302436
0.000302436
0.000302436
0.000302436
0.000302436
0.000302436
0.000302436
0.000302436
0.000302436
0.000302436
0.000302436
0.000302436
0.000302436
0.000302436
0.000302436
0.000302436
0.000302436
0.000302436
0.000302436
0.000302436
0.000302436
0.000302436
0.000302436
0.000302436
0.000302436
0.000302436
0.000302436
0.000302436
0.000302436
0.000302436
0.000302436
0.000302436
0.000302436
0.000302436
0.000302436
0.000302436
0.000302436
0.000302436
0.000302436
0.000302436
0.000302436
0.000302436
0.000302436
0.000302436
0.000302436
0.000302436
0.000302436
0.000302436
0.000302436
0.000302436
0.000302436
0.000302436
0.000302436
0.000302436
0.000302436
0.000300478
0.000300478
0.000300478
0.000300478
0.000300478
0.000300478
0.000300478
0.000300478
0.000300478
0.000300478
0.000300478
0.000300478
0.000300478
0.000300478
0.000300478
0.000300478
0.000300478
0.000300478
0.000300478
0.000300478
0.000300478
0.000300478
0.000300478
0.000300478
0.000300478
0.000300478
0.000300478
0.000300478
0.000300478
0.000300478
0.000300478
0.000300478
0.000300478
0.000300478
0.000300478
0.000300478
0.000300478
0.000300478
0.000300478
0.000300478
0.000300478
0.000300478
0.000300478
0.000300478
0.000300478
0.000300478
0.000300478
0.000300478
0.000300478
0.000300478
0.000300478
0.000300478
0.000300478
0.000300478
0.000300478
0.000300478
0.000300478
0.000300478
0.000300478
0.000300478
0.000300478
0.000300478
0.000300478
0.000300478
0.000300478
0.000300478
0.000300478
0.000300478
0.000300478
0.000300478
0.000300478
0.000300478
0.000300478
0.000300478
0.000300478
0.000300478
0.000300478
0.000300478
0.000300478
0.000300478
0.000300478
0.000300478
0.000300478
0.000300478
0.000300478
0.000300478
0.000300478
0.000300478
0.000300478
0.000300478
0.000300478
0.000300478
0.000300478
0.000300478
0.000300478
0.000300478
0.000300478
0.000300478
0.000300478
0.000300478
0.000302436
0.000302436
0.000302436
0.000302436
0.000302436
0.000302436
0.000302436
0.000302436
0.000302436
0.000302436
0.000302436
0.000302436
0.000302436
0.000302436
0.000302436
0.000302436
0.000302436
0.000302436
0.000302436
0.000302436
0.000302436
0.000302436
0.000302436
0.000302436
0.000302436
0.000302436
0.000302436
0.000302436
0.000302436
0.000302436
0.000302436
0.000302436
0.000302436
0.000302436
0.000302436
0.000302436
0.000302436
0.000302436
0.000302436
0.000302436
0.000302436
0.000302436
0.000302436
0.000302436
0.000302436
0.000302436
0.000302436
0.000302436
0.000302436
0.000302436
0.000302436
0.000302436
0.000302436
0.000302436
0.000302436
0.000302436
0.000302436
0.000302436
0.000302436
0.000302436
0.000302436
0.000302436
0.000302436
0.000302436
0.000302436
0.000302436
0.000302436
0.000302436
0.000302436
0.000302436
0.000302436
0.000302436
0.000302436
0.000302436
0.000302436
0.000302436
0.000302436
0.000302436
0.000302436
0.000302436
0.000302436
0.000302436
0.000302436
0.000302436
0.000302436
0.000302436
0.000302436
0.000302436
0.000302436
0.000302436
0.000302436
0.000302436
0.000302436
0.000302436
0.000302436
0.000302436
0.000302436
0.000302436
0.000302436
0.000302436
0.000301115
0.000301115
0.000301115
0.000301115
0.000301115
0.000301115
0.000301115
0.000301115
0.000301115
0.000301115
0.000301115
0.000301115
0.000301115
0.000301115
0.000301115
0.000301115
0.000301115
0.000301115
0.000301115
0.000301115
0.000301115
0.000301115
0.000301115
0.000301115
0.000301115
0.000301115
0.000301115
0.000301115
0.000301115
0.000301115
0.000301115
0.000301115
0.000301115
0.000301115
0.000301115
0.000301115
0.000301115
0.000301115
0.000301115
0.000301115
0.000301115
0.000301115
0.000301115
0.000301115
0.000301115
0.000301115
0.000301115
0.000301115
0.000301115
0.000301115
0.000301115
0.000301115
0.000301115
0.000301115
0.000301115
0.000301115
0.000301115
0.000301115
0.000301115
0.000301115
0.000301115
0.000301115
0.000301115
0.000301115
0.000301115
0.000301115
0.000301115
0.000301115
0.000301115
0.000301115
0.000301115
0.000301115
0.000301115
0.000301115
0.000301115
0.000301115
0.000301115
0.000301115
0.000301115
0.000301115
0.000301115
0.000301115
0.000301115
0.000301115
0.000301115
0.000301115
0.000301115
0.000301115
0.000301115
0.000301115
0.000301115
0.000301115
0.000301115
0.000301115
0.000301115
0.000301115
0.000301115
0.000301115
0.000301115
0.000301115
)
;
        source          uniform 0;
        Tnbr            T;
        kappaMethod     solidThermo;
        value           nonuniform List<scalar> 
500
(
352.308
352.316
352.32
352.322
352.322
352.322
352.322
352.32
352.316
352.308
350.974
350.987
350.995
351
351.002
351.002
351
350.995
350.987
350.974
349.702
349.717
349.726
349.732
349.734
349.734
349.732
349.727
349.717
349.702
348.519
348.534
348.544
348.55
348.552
348.552
348.55
348.544
348.534
348.519
347.448
347.463
347.473
347.479
347.482
347.482
347.479
347.473
347.463
347.448
346.513
346.528
346.539
346.545
346.548
346.548
346.545
346.539
346.528
346.513
345.736
345.751
345.762
345.768
345.77
345.77
345.768
345.761
345.751
345.735
345.132
345.148
345.158
345.165
345.167
345.167
345.164
345.157
345.147
345.131
344.715
344.731
344.742
344.749
344.751
344.751
344.748
344.741
344.73
344.714
344.494
344.511
344.522
344.529
344.532
344.532
344.529
344.522
344.51
344.493
352.309
352.322
352.328
352.332
352.333
352.334
352.333
352.332
352.33
352.327
350.975
351.001
351.015
351.023
351.027
351.029
351.029
351.026
351.022
351.016
349.703
349.734
349.753
349.764
349.771
349.774
349.774
349.772
349.766
349.757
348.52
348.553
348.574
348.587
348.595
348.6
348.601
348.598
348.592
348.581
347.449
347.482
347.505
347.519
347.528
347.534
347.535
347.533
347.527
347.517
346.514
346.548
346.571
346.586
346.596
346.603
346.605
346.604
346.599
346.589
345.736
345.77
345.794
345.81
345.822
345.829
345.832
345.832
345.827
345.818
345.132
345.166
345.192
345.21
345.222
345.231
345.235
345.234
345.23
345.223
344.715
344.75
344.779
344.799
344.813
344.821
344.826
344.826
344.822
344.814
344.494
344.53
344.564
344.587
344.601
344.61
344.615
344.615
344.61
344.603
352.327
352.33
352.332
352.332
352.333
352.333
352.333
352.333
352.332
352.329
351.013
351.018
351.021
351.022
351.024
351.025
351.025
351.024
351.021
351.016
349.752
349.758
349.762
349.764
349.766
349.767
349.767
349.766
349.762
349.756
348.576
348.583
348.587
348.591
348.593
348.594
348.593
348.591
348.587
348.58
347.512
347.519
347.524
347.528
347.53
347.531
347.53
347.528
347.523
347.516
346.584
346.592
346.597
346.601
346.603
346.604
346.603
346.6
346.596
346.588
345.814
345.821
345.826
345.83
345.833
345.834
345.833
345.83
345.825
345.818
345.219
345.226
345.231
345.234
345.237
345.238
345.237
345.234
345.23
345.222
344.812
344.819
344.823
344.827
344.829
344.83
344.829
344.826
344.822
344.815
344.603
344.609
344.613
344.616
344.618
344.619
344.618
344.616
344.611
344.604
352.309
352.322
352.328
352.332
352.333
352.334
352.333
352.332
352.33
352.326
350.975
351.001
351.015
351.023
351.027
351.029
351.029
351.027
351.022
351.014
349.704
349.735
349.754
349.765
349.771
349.775
349.775
349.772
349.765
349.754
348.52
348.553
348.574
348.588
348.596
348.6
348.601
348.598
348.591
348.578
347.449
347.482
347.505
347.52
347.529
347.535
347.536
347.534
347.527
347.514
346.514
346.548
346.571
346.587
346.597
346.604
346.606
346.604
346.598
346.586
345.737
345.771
345.794
345.811
345.823
345.83
345.834
345.832
345.827
345.815
345.133
345.167
345.193
345.211
345.224
345.232
345.236
345.235
345.23
345.22
344.716
344.751
344.78
344.8
344.814
344.823
344.828
344.827
344.822
344.813
344.495
344.531
344.564
344.587
344.602
344.612
344.617
344.617
344.612
344.603
344.495
344.531
344.564
344.587
344.602
344.612
344.617
344.616
344.612
344.603
344.512
344.547
344.575
344.595
344.609
344.619
344.623
344.623
344.618
344.61
344.523
344.557
344.582
344.601
344.614
344.623
344.627
344.627
344.623
344.614
344.53
344.563
344.586
344.604
344.617
344.625
344.63
344.63
344.626
344.618
344.533
344.566
344.588
344.606
344.618
344.626
344.63
344.631
344.628
344.619
344.533
344.566
344.589
344.606
344.618
344.626
344.631
344.631
344.628
344.62
344.53
344.564
344.587
344.605
344.617
344.625
344.629
344.629
344.626
344.619
344.523
344.557
344.583
344.602
344.614
344.622
344.626
344.626
344.623
344.616
344.511
344.547
344.575
344.595
344.608
344.617
344.621
344.622
344.618
344.611
344.494
344.531
344.564
344.586
344.6
344.61
344.615
344.615
344.61
344.603
)
;
    }
}


// ************************************************************************* //
