/*--------------------------------*- C++ -*----------------------------------*\
| =========                 |                                                 |
| \\      /  F ield         | OpenFOAM: The Open Source CFD Toolbox           |
|  \\    /   O peration     | Version:  2412                                  |
|   \\  /    A nd           | Website:  www.openfoam.com                      |
|    \\/     M anipulation  |                                                 |
\*---------------------------------------------------------------------------*/
FoamFile
{
    version     2.0;
    format      ascii;
    arch        "LSB;label=32;scalar=64";
    class       volScalarField;
    location    "4.3/solid";
    object      wallHeatFlux;
}
// * * * * * * * * * * * * * * * * * * * * * * * * * * * * * * * * * * * * * //

dimensions      [1 0 -3 0 0 0 0];

internalField   uniform 0;

boundaryField
{
    bodyBottom
    {
        type            calculated;
        value           nonuniform List<scalar> 
100
(
140015
138580
137965
137760
137555
137555
137760
137965
138580
140015
137965
137145
136735
136530
136530
136530
136530
136735
137145
137965
136940
136325
136120
135915
135915
135915
135915
136120
136325
136940
136325
135915
135710
135505
135505
135505
135505
135710
135915
136325
135915
135505
135505
135300
135300
135300
135300
135505
135505
136120
135915
135505
135300
135095
135095
135095
135095
135300
135505
135915
135915
135505
135300
135095
135095
135095
135095
135300
135505
135915
136120
135505
135300
135300
135300
135300
135300
135300
135505
136120
136530
135915
135710
135505
135505
135505
135505
135710
135915
136530
137145
136530
136325
136120
136120
136120
136120
136120
136325
136940
)
;
    }
    solid_to_fluid
    {
        type            calculated;
        value           nonuniform List<scalar> 
500
(
-1845
-1640
-1435
-1230
-1435
-1435
-1230
-1435
-1640
-1845
-2460
-2255
-2050
-1640
-1640
-1640
-1640
-1845
-2255
-2460
-2870
-2460
-2255
-2050
-2255
-2255
-2050
-2255
-2460
-2665
-2665
-2460
-2255
-2255
-2255
-2255
-2255
-2255
-2460
-2665
-2665
-2460
-2255
-2255
-2255
-2255
-2255
-2460
-2460
-2665
-2665
-2460
-2255
-2255
-2050
-2050
-2255
-2255
-2460
-2665
-2665
-2460
-2255
-2050
-2255
-2255
-2050
-2255
-2460
-2665
-2665
-2460
-2255
-2050
-2255
-2050
-2255
-2460
-2460
-2665
-2870
-2665
-2460
-2255
-2460
-2255
-2460
-2460
-2665
-2665
-2665
-2665
-2460
-2460
-2460
-2460
-2460
-2460
-2665
-2870
-1640
-1025
-820
-615
-615
-615
-820
-820
-820
-1025
-2255
-1025
-615
-615
-615
-615
-615
-820
-820
-820
-2460
-1025
-615
-615
-410
-615
-615
-615
-820
-1025
-2460
-1025
-615
-615
-615
-410
-615
-615
-820
-1025
-2460
-1230
-615
-615
-615
-615
-820
-820
-820
-1025
-2460
-1025
-615
-820
-820
-615
-820
-615
-615
-1025
-2460
-1025
-820
-820
-615
-615
-820
-615
-820
-1025
-2460
-1230
-615
-615
-820
-615
-615
-820
-820
-820
-2460
-1435
-820
-820
-615
-820
-615
-615
-820
-1025
-2665
-1845
-1025
-820
-820
-820
-820
-820
-1025
-1025
-820
-820
-615
-820
-615
-615
-615
-615
-615
-615
-1230
-1230
-1025
-1230
-1025
-820
-820
-820
-820
-820
-1435
-1640
-1435
-1435
-1435
-1230
-1230
-1025
-1230
-1230
-1640
-1640
-1640
-1435
-1230
-1230
-1230
-1230
-1230
-1230
-1640
-1640
-1435
-1435
-1230
-1230
-1230
-1025
-1230
-1230
-1640
-1435
-1435
-1230
-1230
-1025
-1025
-1025
-1025
-1230
-1435
-1435
-1435
-1230
-1025
-820
-820
-820
-1025
-1025
-1435
-1230
-1230
-1230
-1025
-820
-820
-820
-820
-1025
-1435
-1230
-1230
-1230
-1025
-1025
-820
-820
-820
-820
-1230
-1230
-1230
-1435
-1230
-1230
-1025
-820
-1025
-820
-1640
-1025
-820
-615
-820
-615
-820
-820
-820
-1025
-2255
-1025
-615
-615
-615
-615
-615
-615
-820
-1025
-2460
-1025
-615
-615
-615
-410
-615
-615
-1025
-1025
-2460
-1025
-615
-615
-615
-615
-615
-820
-820
-1230
-2460
-1025
-615
-615
-615
-615
-820
-820
-820
-1230
-2460
-1025
-615
-615
-820
-615
-820
-820
-820
-1230
-2460
-1025
-820
-820
-615
-820
-615
-820
-820
-1230
-2460
-1230
-615
-615
-615
-615
-820
-820
-820
-1230
-2665
-1435
-820
-615
-615
-615
-615
-820
-820
-1230
-2460
-1845
-1025
-820
-820
-820
-820
-820
-820
-1230
-2460
-1845
-1025
-820
-820
-820
-820
-1025
-820
-1230
-2460
-1230
-615
-615
-615
-615
-820
-615
-1025
-1025
-2255
-1025
-615
-615
-615
-615
-615
-615
-820
-1025
-2255
-1025
-820
-615
-615
-615
-615
-615
-820
-1025
-2255
-820
-820
-615
-615
-615
-615
-615
-615
-1025
-2255
-1025
-615
-615
-615
-615
-615
-615
-615
-1025
-2255
-820
-820
-615
-615
-615
-615
-820
-820
-820
-2255
-1025
-615
-410
-615
-615
-615
-615
-615
-820
-2460
-1230
-820
-615
-615
-615
-820
-615
-820
-1025
-2665
-1640
-1025
-1025
-1025
-820
-820
-820
-1025
-1025
)
;
    }
}


// ************************************************************************* //
