/*--------------------------------*- C++ -*----------------------------------*\
| =========                 |                                                 |
| \\      /  F ield         | OpenFOAM: The Open Source CFD Toolbox           |
|  \\    /   O peration     | Version:  2412                                  |
|   \\  /    A nd           | Website:  www.openfoam.com                      |
|    \\/     M anipulation  |                                                 |
\*---------------------------------------------------------------------------*/
FoamFile
{
    version     2.0;
    format      ascii;
    arch        "LSB;label=32;scalar=64";
    class       volScalarField;
    location    "0.3/fluid";
    object      wallHeatFlux;
}
// * * * * * * * * * * * * * * * * * * * * * * * * * * * * * * * * * * * * * //

dimensions      [1 0 -3 0 0 0 0];

internalField   uniform 0;

boundaryField
{
    inlet
    {
        type            calculated;
        value           uniform 0;
    }
    outlet
    {
        type            calculated;
        value           uniform 0;
    }
    walls
    {
        type            calculated;
        value           uniform 0;
    }
    fluid_to_solid
    {
        type            calculated;
        value           nonuniform List<scalar> 
500
(
1901.61
1700.24
1616.05
1563.76
1536.69
1536.75
1563.76
1616.12
1700.24
1901.61
1796.41
1641.58
1513.58
1443.98
1410.35
1410.23
1443.73
1513.39
1641.33
1795.98
1379.76
1292.05
1218.62
1179.87
1163
1162.81
1179.68
1218.56
1291.99
1379.33
930.347
872.803
825.89
802.65
792.761
792.699
802.65
826.199
873.05
930.285
578.037
538.232
506.091
490.515
483.778
483.84
490.639
506.462
538.602
578.222
341.061
316.338
296.374
286.731
282.714
282.714
286.917
296.621
316.585
341.185
183.263
166.637
152.668
145.807
142.778
142.778
145.869
152.792
166.699
183.325
93.0842
82.2058
72.749
67.9279
65.8883
65.8264
67.9279
72.6872
82.144
93.0223
47.7164
41.0411
34.9838
31.7698
30.3482
30.2863
31.708
34.922
40.9175
47.531
30.4718
26.4542
22.7457
20.7678
19.9025
19.9025
20.7678
22.7457
26.4542
30.3482
1812.6
988.258
821.801
639.964
754.45
812.995
923.821
1076.2
1265.91
1556.34
1661.77
688.276
421.661
286.709
327.331
382.155
481.756
621.607
789.8
1063.98
1274.97
533.479
245.84
141.463
148.037
172.1
227.916
319.331
447.522
690.695
860.686
340.107
148.533
68.9641
60.0335
61.2738
86.0811
132.222
221.777
421.041
534.534
194.613
87.8796
37.769
26.2336
17.6131
25.7995
47.8779
103.322
236.475
315.176
107.043
43.2886
16.4348
8.68253
3.1009
5.27153
14.5122
43.1025
118.392
167.821
47.1337
13.9541
0.930271
-2.48072
-2.54274
-2.10861
2.17063
14.2021
48.4981
83.6623
15.9386
-1.24036
-9.17867
-10.171
-8.49647
-7.75226
-5.51961
-0.186054
10.7911
41.6761
6.01575
-3.72108
-10.6051
-11.8454
-11.7834
-11.5354
-10.357
-8.2484
-5.76768
26.6678
11.1012
2.91485
-3.96916
-6.63593
-9.30271
-10.7291
-11.1632
-10.9152
-10.7291
1537.39
1424.45
1310.7
1240.65
1111.25
1111.25
1240.65
1310.64
1424.45
1537.45
1223.09
1062.88
848.15
713.21
561.449
561.511
713.21
848.212
1062.88
1223.09
840.51
674.515
437.908
303.03
206.846
206.785
303.03
437.908
674.515
840.51
525.157
371.239
168.213
70.3044
0.739397
0.801014
70.3044
168.213
371.239
525.157
299.271
167.104
29.6375
-44.7335
-96.4297
-96.4913
-44.7335
29.6375
167.042
299.333
149.297
46.2123
-33.7042
-85.6468
-122.986
-122.986
-85.7701
-33.8274
46.2123
149.297
57.1184
-10.4748
-53.4831
-86.5095
-112.327
-112.327
-86.6327
-53.6063
-10.4748
57.1801
7.02427
-27.4809
-50.2174
-70.4276
-87.9883
-87.9883
-70.4892
-50.279
-27.4809
7.08589
-12.3849
-24.5233
-37.7709
-51.2033
-63.773
-63.773
-51.2033
-37.8325
-24.5233
-12.3233
-11.7071
-15.2809
-24.5233
-36.9699
-49.8477
-49.9093
-37.0315
-24.5233
-15.2809
-11.6455
1812.6
988.258
821.801
639.964
754.45
812.995
923.821
1076.14
1265.91
1556.28
1662.21
688.462
421.909
286.895
327.455
382.155
481.756
621.607
789.738
1063.92
1275.22
533.665
246.15
141.835
148.347
172.224
227.978
319.331
447.522
690.633
860.624
340.045
148.533
69.1501
60.2815
61.3979
86.1431
132.284
221.715
420.979
534.41
194.489
87.7555
37.707
26.2957
17.7372
25.7995
47.8779
103.26
236.413
315.052
106.981
43.1025
16.3107
8.68253
3.22494
5.27153
14.4502
43.0405
118.392
167.759
47.0717
13.83
0.868253
-2.4187
-2.4187
-1.98458
2.10861
14.0781
48.4981
83.7244
16.0007
-1.24036
-9.11665
-9.98491
-8.37244
-7.69024
-5.58162
-0.248072
10.7291
41.8002
6.13979
-3.65906
-10.6051
-11.8454
-11.7214
-11.5354
-10.357
-8.31042
-5.8297
26.7918
11.1632
2.91485
-4.03117
-6.57391
-9.24069
-10.7291
-11.1632
-10.9152
-10.7911
30.1326
23.0317
17.1657
12.9052
10.3735
7.90364
5.74249
4.26055
3.39609
2.28464
27.4775
17.7214
14.0166
12.4729
11.3615
10.1883
9.13858
8.39761
7.78014
5.55724
25.1928
14.8811
12.5347
11.9789
11.5467
10.991
10.3735
9.63256
8.21237
2.90212
23.9579
13.9549
13.0287
11.8555
11.485
11.0527
10.3735
9.01509
5.61899
-4.81628
23.4022
13.5844
13.9549
12.1024
11.0527
10.1883
8.82984
6.05122
-0.246989
-16.7335
23.4022
13.5844
13.9549
12.1024
11.0527
10.1883
8.7681
6.05122
-0.246989
-16.7952
23.9579
14.0166
13.0904
11.8555
11.485
10.991
10.3735
9.07683
5.61899
-4.87803
25.1928
14.9428
12.5964
11.9789
11.5467
10.9292
10.3118
9.63256
8.15063
2.90212
27.4157
17.6597
14.0784
12.4729
11.3615
10.1265
9.07683
8.45936
7.78014
5.55724
30.0091
22.9699
17.2275
12.9669
10.4353
7.90364
5.74249
4.26055
3.45784
2.34639
)
;
    }
}


// ************************************************************************* //
