/*--------------------------------*- C++ -*----------------------------------*\
| =========                 |                                                 |
| \\      /  F ield         | OpenFOAM: The Open Source CFD Toolbox           |
|  \\    /   O peration     | Version:  2412                                  |
|   \\  /    A nd           | Website:  www.openfoam.com                      |
|    \\/     M anipulation  |                                                 |
\*---------------------------------------------------------------------------*/
FoamFile
{
    version     2.0;
    format      ascii;
    arch        "LSB;label=32;scalar=64";
    class       faceList;
    location    "constant/solid/polyMesh";
    object      faces;
}
// * * * * * * * * * * * * * * * * * * * * * * * * * * * * * * * * * * * * * //


242
(
4(37 42 61 56)
4(41 60 61 42)
4(55 56 61 60)
4(38 43 62 57)
4(42 61 62 43)
4(56 57 62 61)
4(39 44 63 58)
4(43 62 63 44)
4(57 58 63 62)
4(40 45 64 59)
4(44 63 64 45)
4(58 59 64 63)
4(45 64 4 1)
4(59 3 4 64)
4(42 47 66 61)
4(46 65 66 47)
4(60 61 66 65)
4(43 48 67 62)
4(47 66 67 48)
4(61 62 67 66)
4(44 49 68 63)
4(48 67 68 49)
4(62 63 68 67)
4(45 50 69 64)
4(63 64 69 68)
4(64 4 5 69)
4(47 52 71 66)
4(65 66 71 70)
4(48 53 72 67)
4(66 67 72 71)
4(67 68 73 72)
4(56 61 80 75)
4(60 79 80 61)
4(74 75 80 79)
4(57 62 81 76)
4(61 80 81 62)
4(75 76 81 80)
4(58 63 82 77)
4(62 81 82 63)
4(76 77 82 81)
4(59 64 83 78)
4(63 82 83 64)
4(77 78 83 82)
4(64 83 7 4)
4(78 6 7 83)
4(61 66 85 80)
4(65 84 85 66)
4(79 80 85 84)
4(62 67 86 81)
4(66 85 86 67)
4(80 81 86 85)
4(63 68 87 82)
4(67 86 87 68)
4(81 82 87 86)
4(64 69 88 83)
4(82 83 88 87)
4(83 7 8 88)
4(66 71 90 85)
4(84 85 90 89)
4(67 72 91 86)
4(85 86 91 90)
4(86 87 92 91)
4(75 80 99 94)
4(79 98 99 80)
4(93 94 99 98)
4(76 81 100 95)
4(80 99 100 81)
4(94 95 100 99)
4(77 82 101 96)
4(81 100 101 82)
4(95 96 101 100)
4(78 83 102 97)
4(82 101 102 83)
4(96 97 102 101)
4(83 102 10 7)
4(97 9 10 102)
4(80 85 104 99)
4(84 103 104 85)
4(98 99 104 103)
4(81 86 105 100)
4(85 104 105 86)
4(99 100 105 104)
4(82 87 106 101)
4(86 105 106 87)
4(100 101 106 105)
4(83 88 107 102)
4(101 102 107 106)
4(102 10 11 107)
4(85 90 109 104)
4(103 104 109 108)
4(86 91 110 105)
4(104 105 110 109)
4(94 99 118 113)
4(98 117 118 99)
4(112 113 118 117)
4(95 100 119 114)
4(99 118 119 100)
4(113 114 119 118)
4(96 101 120 115)
4(100 119 120 101)
4(114 115 120 119)
4(97 102 121 116)
4(101 120 121 102)
4(115 116 121 120)
4(102 121 13 10)
4(116 12 13 121)
4(99 104 123 118)
4(103 122 123 104)
4(117 118 123 122)
4(100 105 124 119)
4(104 123 124 105)
4(118 119 124 123)
4(101 106 125 120)
4(119 120 125 124)
4(102 107 126 121)
4(120 121 126 125)
4(121 13 14 126)
4(104 109 128 123)
4(122 123 128 127)
4(123 124 129 128)
4(113 118 24 19)
4(117 23 24 118)
4(114 119 25 20)
4(118 24 25 119)
4(115 120 26 21)
4(119 25 26 120)
4(116 121 27 22)
4(120 26 27 121)
4(121 27 16 13)
4(118 123 29 24)
4(122 28 29 123)
4(119 124 30 25)
4(123 29 30 124)
4(120 125 31 26)
4(121 126 32 27)
4(123 128 34 29)
4(0 1 4 3)
4(1 2 5 4)
4(3 4 7 6)
4(4 5 8 7)
4(6 7 10 9)
4(7 8 11 10)
4(9 10 13 12)
4(10 11 14 13)
4(12 13 16 15)
4(13 14 17 16)
4(18 19 24 23)
4(19 20 25 24)
4(20 21 26 25)
4(21 22 27 26)
4(22 15 16 27)
4(23 24 29 28)
4(24 25 30 29)
4(25 26 31 30)
4(26 27 32 31)
4(27 16 17 32)
4(28 29 34 33)
4(29 30 35 34)
4(36 41 42 37)
4(37 42 43 38)
4(38 43 44 39)
4(39 44 45 40)
4(40 45 1 0)
4(41 46 47 42)
4(42 47 48 43)
4(43 48 49 44)
4(44 49 50 45)
4(45 50 2 1)
4(48 53 54 49)
4(46 51 52 47)
4(47 52 53 48)
4(36 37 56 55)
4(37 38 57 56)
4(55 56 75 74)
4(56 57 76 75)
4(74 75 94 93)
4(75 76 95 94)
4(93 94 113 112)
4(94 95 114 113)
4(112 113 19 18)
4(113 114 20 19)
4(38 39 58 57)
4(39 40 59 58)
4(40 0 3 59)
4(57 58 77 76)
4(58 59 78 77)
4(59 3 6 78)
4(76 77 96 95)
4(77 78 97 96)
4(78 6 9 97)
4(95 96 115 114)
4(96 97 116 115)
4(97 9 12 116)
4(114 115 21 20)
4(115 116 22 21)
4(116 12 15 22)
4(49 68 69 50)
4(50 69 5 2)
4(51 70 71 52)
4(52 71 72 53)
4(49 54 73 68)
4(53 72 73 54)
4(68 87 88 69)
4(69 88 8 5)
4(70 89 90 71)
4(71 90 91 72)
4(68 73 92 87)
4(72 91 92 73)
4(87 106 107 88)
4(88 107 11 8)
4(89 108 109 90)
4(90 109 110 91)
4(87 92 111 106)
4(91 110 111 92)
4(105 106 111 110)
4(105 124 125 106)
4(106 125 126 107)
4(107 126 14 11)
4(108 127 128 109)
4(105 110 129 124)
4(109 128 129 110)
4(124 30 31 125)
4(125 31 32 126)
4(126 32 17 14)
4(127 33 34 128)
4(124 129 35 30)
4(128 34 35 129)
4(36 55 60 41)
4(41 60 65 46)
4(46 65 70 51)
4(55 74 79 60)
4(60 79 84 65)
4(65 84 89 70)
4(74 93 98 79)
4(79 98 103 84)
4(84 103 108 89)
4(93 112 117 98)
4(98 117 122 103)
4(103 122 127 108)
4(112 18 23 117)
4(117 23 28 122)
4(122 28 33 127)
)


// ************************************************************************* //
