/*--------------------------------*- C++ -*----------------------------------*\
| =========                 |                                                 |
| \\      /  F ield         | OpenFOAM: The Open Source CFD Toolbox           |
|  \\    /   O peration     | Version:  2412                                  |
|   \\  /    A nd           | Website:  www.openfoam.com                      |
|    \\/     M anipulation  |                                                 |
\*---------------------------------------------------------------------------*/
FoamFile
{
    version     2.0;
    format      ascii;
    arch        "LSB;label=32;scalar=64";
    class       labelList;
    location    "constant/solid/polyMesh";
    object      faceProcAddressing;
}
// * * * * * * * * * * * * * * * * * * * * * * * * * * * * * * * * * * * * * //


242
(
1561
1562
1563
1564
1565
1566
1567
1568
1569
1570
1571
1572
1573
1574
1590
1591
1592
1593
1594
1595
1596
1597
1598
1599
1601
1603
1619
1621
1622
1624
1627
1841
1842
1843
1844
1845
1846
1847
1848
1849
1850
1851
1852
1853
1854
1870
1871
1872
1873
1874
1875
1876
1877
1878
1879
1881
1883
1899
1901
1902
1904
1907
2121
2122
2123
2124
2125
2126
2127
2128
2129
2130
2131
2132
2133
2134
2150
2151
2152
2153
2154
2155
2156
2157
2158
2159
2161
2163
2179
2181
2182
2184
2401
2402
2403
2404
2405
2406
2407
2408
2409
2410
2411
2412
2413
2414
2430
2431
2432
2433
2434
2435
2436
2438
2439
2441
2443
2459
2461
2464
2626
2627
2628
2629
2630
2631
2632
2633
2634
2645
2646
2647
2648
2649
2651
2664
3056
3057
3066
3067
3076
3077
3086
3087
3096
3097
3256
3257
3258
3259
3260
3266
3267
3268
3269
3270
3276
3277
-1283
-1286
-1289
-1292
-1294
-1312
-1315
-1318
-1321
-1323
-1347
-1341
-1344
-1533
-1536
-1813
-1816
-2093
-2096
-2373
-2376
-2608
-2610
-1539
-1542
-1544
-1819
-1822
-1824
-2099
-2102
-2104
-2379
-2382
-2384
-2612
-2614
-2615
1600
1602
1620
1623
1625
1626
1880
1882
1900
1903
1905
1906
2160
2162
2180
2183
2185
2186
2187
2437
2440
2442
2460
2462
2463
2650
2652
2653
2665
2666
2667
-1558
-1587
-1616
-1838
-1867
-1896
-2118
-2147
-2176
-2398
-2427
-2456
-2624
-2643
-2662
)


// ************************************************************************* //
