/*--------------------------------*- C++ -*----------------------------------*\
| =========                 |                                                 |
| \\      /  F ield         | OpenFOAM: The Open Source CFD Toolbox           |
|  \\    /   O peration     | Version:  2412                                  |
|   \\  /    A nd           | Website:  www.openfoam.com                      |
|    \\/     M anipulation  |                                                 |
\*---------------------------------------------------------------------------*/
FoamFile
{
    version     2.0;
    format      ascii;
    arch        "LSB;label=32;scalar=64";
    class       volScalarField;
    location    "1.3/solid";
    object      T;
}
// * * * * * * * * * * * * * * * * * * * * * * * * * * * * * * * * * * * * * //

dimensions      [0 0 0 1 0 0 0];

internalField   nonuniform List<scalar> 
1000
(
349.907
349.915
349.92
349.922
349.923
349.923
349.923
349.922
349.92
349.917
349.912
349.919
349.922
349.924
349.925
349.925
349.925
349.924
349.923
349.92
349.915
349.92
349.923
349.924
349.925
349.925
349.925
349.925
349.924
349.921
349.916
349.921
349.923
349.925
349.925
349.926
349.926
349.925
349.924
349.922
349.916
349.921
349.924
349.925
349.925
349.926
349.926
349.925
349.924
349.922
349.916
349.921
349.923
349.925
349.925
349.926
349.926
349.925
349.924
349.922
349.916
349.921
349.923
349.925
349.925
349.926
349.926
349.925
349.924
349.922
349.915
349.92
349.923
349.924
349.925
349.925
349.925
349.925
349.924
349.921
349.912
349.919
349.922
349.924
349.924
349.925
349.925
349.924
349.923
349.92
349.906
349.915
349.919
349.922
349.923
349.923
349.923
349.922
349.92
349.917
343.818
343.835
343.844
343.85
343.852
343.852
343.852
343.851
343.847
343.84
343.827
343.84
343.847
343.852
343.854
343.855
343.855
343.853
343.85
343.844
343.832
343.843
343.849
343.852
343.854
343.855
343.855
343.854
343.852
343.846
343.835
343.845
343.85
343.853
343.854
343.855
343.856
343.856
343.853
343.848
343.836
343.845
343.85
343.853
343.855
343.856
343.856
343.856
343.853
343.848
343.835
343.844
343.85
343.853
343.855
343.856
343.856
343.856
343.853
343.848
343.834
343.844
343.85
343.853
343.855
343.855
343.856
343.855
343.853
343.848
343.832
343.842
343.849
343.853
343.854
343.855
343.855
343.854
343.851
343.846
343.827
343.839
343.846
343.851
343.853
343.854
343.855
343.853
343.85
343.844
343.817
343.834
343.843
343.848
343.851
343.852
343.852
343.85
343.847
343.84
337.976
337.994
338.006
338.013
338.016
338.017
338.018
338.016
338.011
338.003
337.985
337.999
338.009
338.015
338.018
338.019
338.02
338.018
338.014
338.007
337.991
338.002
338.01
338.015
338.018
338.019
338.02
338.018
338.016
338.009
337.994
338.005
338.012
338.016
338.018
338.02
338.021
338.02
338.018
338.012
337.995
338.005
338.012
338.016
338.018
338.02
338.021
338.021
338.018
338.012
337.994
338.005
338.011
338.016
338.018
338.02
338.021
338.02
338.018
338.012
337.994
338.005
338.011
338.016
338.018
338.019
338.021
338.02
338.017
338.011
337.991
338.003
338.01
338.015
338.017
338.019
338.02
338.018
338.015
338.009
337.986
337.999
338.008
338.013
338.016
338.019
338.02
338.018
338.014
338.007
337.976
337.994
338.005
338.011
338.014
338.017
338.017
338.016
338.011
338.003
332.522
332.539
332.552
332.559
332.562
332.564
332.565
332.563
332.559
332.551
332.53
332.544
332.554
332.56
332.563
332.565
332.567
332.565
332.561
332.554
332.535
332.546
332.554
332.56
332.563
332.565
332.566
332.565
332.562
332.557
332.539
332.549
332.556
332.561
332.563
332.565
332.567
332.567
332.565
332.56
332.539
332.55
332.557
332.561
332.563
332.565
332.567
332.567
332.565
332.56
332.539
332.55
332.557
332.561
332.563
332.565
332.567
332.567
332.565
332.56
332.54
332.55
332.557
332.562
332.563
332.565
332.567
332.567
332.565
332.559
332.537
332.549
332.556
332.561
332.563
332.565
332.566
332.565
332.562
332.557
332.532
332.546
332.555
332.56
332.562
332.565
332.566
332.564
332.561
332.554
332.523
332.54
332.551
332.558
332.561
332.563
332.565
332.563
332.559
332.551
327.587
327.603
327.614
327.621
327.624
327.627
327.628
327.627
327.623
327.617
327.594
327.607
327.616
327.622
327.625
327.628
327.63
327.629
327.625
327.62
327.599
327.609
327.616
327.622
327.625
327.627
327.629
327.628
327.626
327.623
327.602
327.611
327.618
327.622
327.625
327.627
327.629
327.629
327.629
327.625
327.602
327.611
327.618
327.622
327.624
327.627
327.629
327.63
327.628
327.625
327.602
327.612
327.619
327.623
327.625
327.627
327.629
327.63
327.628
327.625
327.603
327.613
327.62
327.624
327.626
327.627
327.629
327.63
327.628
327.624
327.601
327.612
327.62
327.624
327.626
327.627
327.628
327.628
327.626
327.622
327.597
327.609
327.618
327.623
327.625
327.627
327.629
327.628
327.625
327.62
327.588
327.604
327.615
327.621
327.624
327.626
327.628
327.627
327.624
327.617
323.292
323.306
323.315
323.321
323.325
323.328
323.33
323.328
323.326
323.322
323.299
323.31
323.317
323.322
323.326
323.329
323.331
323.329
323.328
323.326
323.303
323.312
323.317
323.323
323.326
323.329
323.33
323.33
323.331
323.328
323.304
323.312
323.317
323.323
323.326
323.328
323.33
323.331
323.332
323.33
323.303
323.311
323.317
323.322
323.324
323.327
323.329
323.33
323.331
323.329
323.304
323.312
323.318
323.323
323.324
323.327
323.33
323.331
323.33
323.328
323.305
323.314
323.32
323.324
323.326
323.328
323.331
323.332
323.33
323.327
323.304
323.313
323.32
323.324
323.326
323.327
323.33
323.33
323.328
323.326
323.3
323.311
323.319
323.324
323.325
323.327
323.33
323.33
323.329
323.325
323.293
323.307
323.316
323.322
323.324
323.327
323.33
323.33
323.328
323.323
319.736
319.748
319.755
319.761
319.765
319.768
319.771
319.769
319.768
319.766
319.742
319.751
319.757
319.762
319.766
319.769
319.772
319.77
319.771
319.77
319.745
319.753
319.757
319.763
319.766
319.769
319.771
319.771
319.773
319.772
319.746
319.752
319.757
319.763
319.766
319.768
319.77
319.772
319.773
319.773
319.744
319.75
319.756
319.761
319.764
319.766
319.769
319.77
319.772
319.771
319.744
319.751
319.756
319.76
319.762
319.766
319.77
319.771
319.772
319.77
319.745
319.753
319.758
319.762
319.764
319.767
319.771
319.772
319.771
319.77
319.744
319.753
319.758
319.762
319.764
319.766
319.77
319.77
319.77
319.769
319.741
319.751
319.757
319.761
319.763
319.766
319.77
319.771
319.772
319.769
319.735
319.747
319.755
319.76
319.762
319.766
319.77
319.772
319.771
319.768
316.997
317.007
317.013
317.019
317.023
317.026
317.029
317.029
317.028
317.028
317.002
317.01
317.015
317.02
317.024
317.027
317.03
317.029
317.03
317.03
317.004
317.011
317.014
317.02
317.024
317.027
317.029
317.029
317.032
317.032
317.004
317.01
317.014
317.021
317.024
317.026
317.028
317.03
317.033
317.033
317.002
317.008
317.013
317.019
317.021
317.024
317.027
317.029
317.031
317.031
317
317.007
317.012
317.018
317.02
317.024
317.028
317.03
317.031
317.03
317.001
317.008
317.014
317.019
317.022
317.025
317.029
317.031
317.03
317.03
317.001
317.008
317.014
317.02
317.022
317.024
317.028
317.028
317.029
317.029
316.998
317.007
317.012
317.018
317.021
317.024
317.028
317.03
317.032
317.031
316.992
317.003
317.011
317.016
317.02
317.024
317.029
317.031
317.031
317.029
315.134
315.144
315.15
315.156
315.16
315.164
315.167
315.167
315.167
315.167
315.139
315.147
315.151
315.157
315.162
315.165
315.168
315.168
315.169
315.169
315.141
315.147
315.151
315.159
315.162
315.165
315.168
315.166
315.17
315.171
315.141
315.147
315.152
315.159
315.161
315.164
315.166
315.167
315.171
315.171
315.138
315.145
315.151
315.157
315.159
315.161
315.164
315.166
315.169
315.17
315.137
315.145
315.152
315.157
315.159
315.161
315.165
315.167
315.169
315.169
315.139
315.147
315.154
315.159
315.161
315.163
315.167
315.168
315.169
315.168
315.138
315.147
315.154
315.159
315.161
315.162
315.165
315.166
315.169
315.168
315.135
315.145
315.152
315.158
315.16
315.162
315.166
315.169
315.171
315.17
315.129
315.141
315.15
315.156
315.159
315.162
315.167
315.17
315.17
315.169
314.188
314.199
314.206
314.212
314.217
314.221
314.225
314.224
314.224
314.224
314.193
314.202
314.207
314.214
314.219
314.223
314.226
314.226
314.226
314.227
314.195
314.203
314.209
314.216
314.22
314.223
314.226
314.225
314.227
314.229
314.195
314.203
314.21
314.216
314.219
314.222
314.224
314.225
314.228
314.229
314.193
314.202
314.208
314.215
314.217
314.219
314.222
314.224
314.227
314.228
314.193
314.203
314.21
314.215
314.217
314.219
314.223
314.225
314.227
314.227
314.195
314.205
314.213
314.217
314.219
314.221
314.224
314.226
314.227
314.226
314.195
314.205
314.213
314.218
314.219
314.22
314.223
314.225
314.227
314.226
314.192
314.203
314.211
314.217
314.218
314.22
314.224
314.227
314.229
314.228
314.186
314.198
314.208
314.215
314.217
314.22
314.225
314.227
314.228
314.227
)
;

boundaryField
{
    bodyBottom
    {
        type            fixedValue;
        value           uniform 353;
    }
    solid_to_fluid
    {
        type            compressible::turbulentTemperatureCoupledBaffleMixed;
        refValue        nonuniform List<scalar> 
500
(
320.055
324.099
325.837
326.867
327.377
327.377
326.867
325.837
324.099
320.055
308.984
312.797
315.934
317.616
318.349
318.349
317.615
315.934
312.797
308.984
304.027
306.702
308.951
310.145
310.662
310.662
310.145
308.951
306.703
304.028
302.213
304.405
306.202
307.11
307.492
307.493
307.111
306.202
304.406
302.213
301.149
303.098
304.67
305.446
305.772
305.772
305.447
304.671
303.099
301.15
300.291
302.051
303.472
304.161
304.45
304.45
304.161
303.472
302.052
300.292
299.628
301.231
302.544
303.174
303.438
303.438
303.174
302.543
301.231
299.627
298.866
300.259
301.418
301.965
302.19
302.189
301.964
301.417
300.258
298.866
297.914
299.019
299.959
300.399
300.579
300.579
300.399
299.958
299.018
297.913
296.991
297.775
298.457
298.768
298.89
298.89
298.767
298.456
297.774
296.99
321.317
335.028
337.863
340.769
339.421
338.988
337.852
336.517
335.106
333.755
311.773
331.351
335.734
337.828
337.267
336.733
335.552
333.99
332.266
329.513
306.898
325.53
331.258
333.012
332.687
332.381
331.432
330.125
328.33
323.653
304.743
321.72
326.615
327.909
327.78
327.771
327.07
326.123
324.35
319.301
303.334
318.368
322.12
323.137
322.983
323.124
322.608
322.018
320.478
316.112
302.165
315.348
318.322
319.101
318.925
319.042
318.649
318.277
317.131
313.676
301.275
312.697
315.237
315.745
315.588
315.673
315.324
315.025
314.349
311.787
300.392
310.331
312.992
313.369
313.234
313.143
312.863
312.538
312.076
310.375
299.456
307.78
311.224
311.554
311.51
311.273
311.095
310.792
310.209
309.256
298.522
303.761
308.687
309.966
309.802
310.032
309.848
309.361
308.895
308.094
337.494
338.035
337.818
337.747
337.797
337.795
337.745
337.815
338.032
337.489
326.154
327.178
327.1
326.971
326.963
326.96
326.967
327.095
327.171
326.146
317.99
318.96
319.15
319.547
320.218
320.216
319.545
319.147
318.955
317.984
314.692
315.813
316.487
317.585
318.854
318.852
317.583
316.484
315.809
314.686
312.781
314.031
315.003
316.445
317.965
317.964
316.442
315
314.027
312.776
311.38
312.679
313.838
315.423
316.951
316.949
315.419
313.833
312.674
311.375
310.362
311.635
312.844
314.377
315.6
315.599
314.373
312.838
311.63
310.358
309.698
310.851
311.955
313.257
314.112
314.11
313.252
311.949
310.846
309.694
309.346
310.249
311.089
312.044
312.785
312.783
312.039
311.084
310.245
309.343
308.969
309.523
309.953
310.601
311.344
311.341
310.596
309.948
309.519
308.968
321.316
335.028
337.863
340.769
339.42
338.988
337.853
336.517
335.107
333.757
311.773
331.351
335.734
337.829
337.268
336.734
335.553
333.991
332.268
329.517
306.898
325.53
331.259
333.013
332.688
332.382
331.433
330.126
328.333
323.659
304.742
321.72
326.615
327.91
327.781
327.772
327.071
326.124
324.353
319.306
303.333
318.368
322.12
323.137
322.983
323.125
322.609
322.019
320.48
316.116
302.164
315.347
318.321
319.1
318.925
319.042
318.65
318.277
317.132
313.679
301.275
312.697
315.237
315.746
315.589
315.673
315.324
315.024
314.348
311.789
300.392
310.333
312.993
313.37
313.235
313.143
312.863
312.536
312.075
310.376
299.457
307.781
311.224
311.554
311.51
311.274
311.094
310.791
310.207
309.256
298.522
303.761
308.686
309.965
309.802
310.032
309.847
309.359
308.893
308.093
298.465
303.581
307.72
308.782
308.915
309.19
309.253
309.072
308.711
307.88
299.182
307.192
310.068
310.65
310.635
310.653
310.599
310.376
309.854
308.822
299.702
308.779
310.865
311.462
311.414
311.312
311.143
310.87
310.369
309.587
299.959
309.406
310.684
311.384
311.503
311.538
311.423
311.229
310.969
310.355
300.078
310.049
310.45
311.093
311.361
311.512
311.541
311.524
311.499
311.085
300.078
310.049
310.45
311.093
311.361
311.512
311.54
311.523
311.497
311.083
299.959
309.406
310.684
311.383
311.502
311.536
311.422
311.228
310.966
310.35
299.702
308.78
310.865
311.461
311.412
311.31
311.142
310.87
310.368
309.583
299.182
307.192
310.069
310.651
310.635
310.652
310.598
310.377
309.855
308.822
298.465
303.581
307.721
308.784
308.916
309.19
309.254
309.075
308.714
307.881
)
;
        refGradient     uniform 0;
        valueFraction   nonuniform List<scalar> 
500
(
0.000301416
0.000301416
0.000301416
0.000301416
0.000301416
0.000301416
0.000301416
0.000301416
0.000301416
0.000301416
0.000301416
0.000301416
0.000301416
0.000301416
0.000301416
0.000301416
0.000301416
0.000301416
0.000301416
0.000301416
0.000301416
0.000301416
0.000301416
0.000301416
0.000301416
0.000301416
0.000301416
0.000301416
0.000301416
0.000301416
0.000301416
0.000301416
0.000301416
0.000301416
0.000301416
0.000301416
0.000301416
0.000301416
0.000301416
0.000301416
0.000301416
0.000301416
0.000301416
0.000301416
0.000301416
0.000301416
0.000301416
0.000301416
0.000301416
0.000301416
0.000301416
0.000301416
0.000301416
0.000301416
0.000301416
0.000301416
0.000301416
0.000301416
0.000301416
0.000301416
0.000301416
0.000301416
0.000301416
0.000301416
0.000301416
0.000301416
0.000301416
0.000301416
0.000301416
0.000301416
0.000301416
0.000301416
0.000301416
0.000301416
0.000301416
0.000301416
0.000301416
0.000301416
0.000301416
0.000301416
0.000301416
0.000301416
0.000301416
0.000301416
0.000301416
0.000301416
0.000301416
0.000301416
0.000301416
0.000301416
0.000301416
0.000301416
0.000301416
0.000301416
0.000301416
0.000301416
0.000301416
0.000301416
0.000301416
0.000301416
0.000302436
0.000302436
0.000302436
0.000302436
0.000302436
0.000302436
0.000302436
0.000302436
0.000302436
0.000302436
0.000302436
0.000302436
0.000302436
0.000302436
0.000302436
0.000302436
0.000302436
0.000302436
0.000302436
0.000302436
0.000302436
0.000302436
0.000302436
0.000302436
0.000302436
0.000302436
0.000302436
0.000302436
0.000302436
0.000302436
0.000302436
0.000302436
0.000302436
0.000302436
0.000302436
0.000302436
0.000302436
0.000302436
0.000302436
0.000302436
0.000302436
0.000302436
0.000302436
0.000302436
0.000302436
0.000302436
0.000302436
0.000302436
0.000302436
0.000302436
0.000302436
0.000302436
0.000302436
0.000302436
0.000302436
0.000302436
0.000302436
0.000302436
0.000302436
0.000302436
0.000302436
0.000302436
0.000302436
0.000302436
0.000302436
0.000302436
0.000302436
0.000302436
0.000302436
0.000302436
0.000302436
0.000302436
0.000302436
0.000302436
0.000302436
0.000302436
0.000302436
0.000302436
0.000302436
0.000302436
0.000302436
0.000302436
0.000302436
0.000302436
0.000302436
0.000302436
0.000302436
0.000302436
0.000302436
0.000302436
0.000302436
0.000302436
0.000302436
0.000302436
0.000302436
0.000302436
0.000302436
0.000302436
0.000302436
0.000302436
0.000300478
0.000300478
0.000300478
0.000300478
0.000300478
0.000300478
0.000300478
0.000300478
0.000300478
0.000300478
0.000300478
0.000300478
0.000300478
0.000300478
0.000300478
0.000300478
0.000300478
0.000300478
0.000300478
0.000300478
0.000300478
0.000300478
0.000300478
0.000300478
0.000300478
0.000300478
0.000300478
0.000300478
0.000300478
0.000300478
0.000300478
0.000300478
0.000300478
0.000300478
0.000300478
0.000300478
0.000300478
0.000300478
0.000300478
0.000300478
0.000300478
0.000300478
0.000300478
0.000300478
0.000300478
0.000300478
0.000300478
0.000300478
0.000300478
0.000300478
0.000300478
0.000300478
0.000300478
0.000300478
0.000300478
0.000300478
0.000300478
0.000300478
0.000300478
0.000300478
0.000300478
0.000300478
0.000300478
0.000300478
0.000300478
0.000300478
0.000300478
0.000300478
0.000300478
0.000300478
0.000300478
0.000300478
0.000300478
0.000300478
0.000300478
0.000300478
0.000300478
0.000300478
0.000300478
0.000300478
0.000300478
0.000300478
0.000300478
0.000300478
0.000300478
0.000300478
0.000300478
0.000300478
0.000300478
0.000300478
0.000300478
0.000300478
0.000300478
0.000300478
0.000300478
0.000300478
0.000300478
0.000300478
0.000300478
0.000300478
0.000302436
0.000302436
0.000302436
0.000302436
0.000302436
0.000302436
0.000302436
0.000302436
0.000302436
0.000302436
0.000302436
0.000302436
0.000302436
0.000302436
0.000302436
0.000302436
0.000302436
0.000302436
0.000302436
0.000302436
0.000302436
0.000302436
0.000302436
0.000302436
0.000302436
0.000302436
0.000302436
0.000302436
0.000302436
0.000302436
0.000302436
0.000302436
0.000302436
0.000302436
0.000302436
0.000302436
0.000302436
0.000302436
0.000302436
0.000302436
0.000302436
0.000302436
0.000302436
0.000302436
0.000302436
0.000302436
0.000302436
0.000302436
0.000302436
0.000302436
0.000302436
0.000302436
0.000302436
0.000302436
0.000302436
0.000302436
0.000302436
0.000302436
0.000302436
0.000302436
0.000302436
0.000302436
0.000302436
0.000302436
0.000302436
0.000302436
0.000302436
0.000302436
0.000302436
0.000302436
0.000302436
0.000302436
0.000302436
0.000302436
0.000302436
0.000302436
0.000302436
0.000302436
0.000302436
0.000302436
0.000302436
0.000302436
0.000302436
0.000302436
0.000302436
0.000302436
0.000302436
0.000302436
0.000302436
0.000302436
0.000302436
0.000302436
0.000302436
0.000302436
0.000302436
0.000302436
0.000302436
0.000302436
0.000302436
0.000302436
0.000301115
0.000301115
0.000301115
0.000301115
0.000301115
0.000301115
0.000301115
0.000301115
0.000301115
0.000301115
0.000301115
0.000301115
0.000301115
0.000301115
0.000301115
0.000301115
0.000301115
0.000301115
0.000301115
0.000301115
0.000301115
0.000301115
0.000301115
0.000301115
0.000301115
0.000301115
0.000301115
0.000301115
0.000301115
0.000301115
0.000301115
0.000301115
0.000301115
0.000301115
0.000301115
0.000301115
0.000301115
0.000301115
0.000301115
0.000301115
0.000301115
0.000301115
0.000301115
0.000301115
0.000301115
0.000301115
0.000301115
0.000301115
0.000301115
0.000301115
0.000301115
0.000301115
0.000301115
0.000301115
0.000301115
0.000301115
0.000301115
0.000301115
0.000301115
0.000301115
0.000301115
0.000301115
0.000301115
0.000301115
0.000301115
0.000301115
0.000301115
0.000301115
0.000301115
0.000301115
0.000301115
0.000301115
0.000301115
0.000301115
0.000301115
0.000301115
0.000301115
0.000301115
0.000301115
0.000301115
0.000301115
0.000301115
0.000301115
0.000301115
0.000301115
0.000301115
0.000301115
0.000301115
0.000301115
0.000301115
0.000301115
0.000301115
0.000301115
0.000301115
0.000301115
0.000301115
0.000301115
0.000301115
0.000301115
0.000301115
)
;
        source          uniform 0;
        Tnbr            T;
        kappaMethod     solidThermo;
        value           nonuniform List<scalar> 
500
(
349.897
349.904
349.907
349.909
349.909
349.909
349.908
349.907
349.904
349.897
343.807
343.817
343.823
343.826
343.827
343.826
343.825
343.823
343.817
343.806
337.964
337.974
337.98
337.984
337.985
337.984
337.984
337.981
337.975
337.964
332.51
332.519
332.525
332.529
332.529
332.53
332.53
332.527
332.521
332.511
327.576
327.584
327.589
327.592
327.592
327.593
327.594
327.592
327.587
327.578
323.282
323.29
323.294
323.295
323.294
323.295
323.296
323.295
323.29
323.283
319.727
319.733
319.736
319.737
319.735
319.735
319.737
319.736
319.732
319.725
316.987
316.993
316.996
316.996
316.993
316.992
316.993
316.992
316.989
316.983
315.124
315.13
315.132
315.132
315.13
315.129
315.13
315.129
315.126
315.12
314.179
314.184
314.186
314.187
314.185
314.185
314.186
314.186
314.183
314.177
349.897
349.91
349.915
349.919
349.919
349.919
349.919
349.918
349.915
349.912
343.807
343.829
343.839
343.846
343.848
343.849
343.849
343.846
343.842
343.834
337.965
337.988
338.001
338.008
338.011
338.013
338.014
338.011
338.006
337.997
332.512
332.535
332.547
332.554
332.557
332.559
332.561
332.559
332.554
332.544
327.578
327.599
327.61
327.617
327.619
327.622
327.624
327.623
327.619
327.611
323.283
323.301
323.312
323.317
323.319
323.322
323.325
323.325
323.323
323.317
319.726
319.741
319.75
319.755
319.757
319.761
319.765
319.767
319.766
319.761
316.983
316.998
317.006
317.011
317.015
317.019
317.024
317.026
317.026
317.023
315.121
315.135
315.145
315.151
315.154
315.157
315.162
315.164
315.165
315.163
314.177
314.191
314.202
314.209
314.212
314.214
314.219
314.222
314.222
314.221
349.913
349.916
349.917
349.918
349.918
349.918
349.918
349.917
349.916
349.913
343.834
343.838
343.84
343.842
343.842
343.842
343.842
343.84
343.838
343.834
337.995
337.999
338.002
338.004
338.005
338.005
338.004
338.002
337.999
337.995
332.543
332.547
332.55
332.553
332.553
332.553
332.552
332.55
332.547
332.543
327.609
327.613
327.616
327.619
327.619
327.619
327.618
327.615
327.613
327.61
323.315
323.319
323.322
323.324
323.324
323.323
323.322
323.32
323.319
323.316
319.76
319.763
319.766
319.767
319.766
319.766
319.764
319.763
319.763
319.761
317.021
317.025
317.027
317.028
317.026
317.025
317.025
317.024
317.025
317.023
315.161
315.164
315.166
315.166
315.165
315.164
315.163
315.163
315.164
315.163
314.219
314.222
314.223
314.224
314.222
314.222
314.221
314.221
314.222
314.221
349.898
349.911
349.916
349.919
349.919
349.919
349.919
349.918
349.915
349.912
343.808
343.83
343.841
343.847
343.849
343.849
343.849
343.847
343.842
343.835
337.965
337.989
338.002
338.01
338.013
338.014
338.014
338.012
338.006
337.997
332.511
332.534
332.547
332.555
332.558
332.56
332.561
332.559
332.554
332.544
327.577
327.597
327.61
327.617
327.62
327.623
327.624
327.622
327.618
327.61
323.283
323.3
323.31
323.316
323.32
323.323
323.325
323.324
323.321
323.316
319.727
319.742
319.75
319.756
319.76
319.763
319.766
319.764
319.763
319.76
316.988
317.001
317.008
317.014
317.018
317.021
317.024
317.023
317.023
317.022
315.125
315.137
315.145
315.15
315.155
315.159
315.162
315.161
315.161
315.161
314.179
314.191
314.2
314.207
314.211
314.215
314.219
314.218
314.218
314.218
314.179
314.191
314.2
314.206
314.211
314.215
314.219
314.218
314.218
314.218
314.185
314.196
314.202
314.209
314.214
314.217
314.221
314.22
314.221
314.221
314.187
314.197
314.203
314.211
314.215
314.218
314.221
314.22
314.222
314.223
314.187
314.198
314.204
314.211
314.214
314.217
314.219
314.22
314.223
314.224
314.185
314.196
314.203
314.209
314.212
314.214
314.217
314.219
314.222
314.222
314.185
314.198
314.205
314.21
314.212
314.214
314.218
314.22
314.222
314.222
314.187
314.2
314.208
314.212
314.214
314.216
314.219
314.22
314.221
314.221
314.186
314.199
314.208
314.213
314.214
314.215
314.217
314.219
314.221
314.221
314.183
314.196
314.206
314.212
314.213
314.215
314.219
314.222
314.223
314.222
314.177
314.191
314.202
314.209
314.211
314.214
314.219
314.222
314.222
314.221
)
;
    }
}


// ************************************************************************* //
