/*--------------------------------*- C++ -*----------------------------------*\
| =========                 |                                                 |
| \\      /  F ield         | OpenFOAM: The Open Source CFD Toolbox           |
|  \\    /   O peration     | Version:  2412                                  |
|   \\  /    A nd           | Website:  www.openfoam.com                      |
|    \\/     M anipulation  |                                                 |
\*---------------------------------------------------------------------------*/
FoamFile
{
    version     2.0;
    format      ascii;
    arch        "LSB;label=32;scalar=64";
    class       volScalarField;
    location    "1.3/solid";
    object      wallHeatFlux;
}
// * * * * * * * * * * * * * * * * * * * * * * * * * * * * * * * * * * * * * //

dimensions      [1 0 -3 0 0 0 0];

internalField   uniform 0;

boundaryField
{
    bodyBottom
    {
        type            calculated;
        value           nonuniform List<scalar> 
100
(
634065
633040
632425
632220
632220
632220
632220
632425
633040
634270
632425
631605
631400
631195
631195
631195
631195
631400
631605
632425
631400
630990
630785
630785
630580
630785
630785
630785
630990
631605
630990
630580
630580
630375
630375
630375
630375
630580
630580
630990
630785
630375
630375
630375
630375
630375
630375
630375
630580
630785
630785
630375
630375
630170
630170
630170
630170
630375
630375
630785
630785
630375
630375
630170
630170
630170
630170
630375
630375
630785
630990
630580
630375
630375
630375
630375
630375
630375
630580
630990
631400
630785
630580
630580
630580
630580
630580
630580
630785
631400
632015
631400
631195
630990
630990
630990
630990
631195
631400
632015
)
;
    }
    solid_to_fluid
    {
        type            calculated;
        value           nonuniform List<scalar> 
500
(
-2050
-1640
-1640
-1435
-1435
-1435
-1640
-1640
-1640
-1845
-2255
-2050
-1845
-1845
-1845
-1845
-1845
-1845
-2050
-2255
-2460
-2255
-2255
-2050
-2050
-2050
-2050
-2050
-2255
-2460
-2460
-2255
-2050
-2050
-2050
-1845
-2050
-2050
-2255
-2460
-2255
-2050
-2050
-2050
-2050
-1845
-1845
-1845
-2050
-2050
-2050
-1845
-1845
-1845
-1845
-1845
-1845
-1845
-2050
-2050
-1845
-1845
-1845
-1845
-1845
-1845
-1640
-1640
-1845
-2050
-2050
-1845
-1640
-1640
-1845
-1640
-1640
-1845
-1845
-1845
-2050
-1845
-1845
-1845
-1640
-1640
-1845
-1845
-1845
-1845
-1845
-1845
-1845
-1640
-1640
-1640
-1845
-1845
-1845
-1845
-1845
-1025
-820
-615
-820
-820
-820
-820
-1025
-1025
-2050
-1025
-820
-410
-615
-615
-615
-820
-1025
-1230
-2255
-1230
-820
-615
-615
-820
-615
-1025
-1025
-1230
-2255
-1025
-820
-820
-820
-820
-820
-820
-1025
-1435
-2050
-1025
-1025
-820
-1025
-820
-820
-820
-1025
-1230
-2050
-1230
-820
-1025
-1025
-1025
-1025
-1025
-1025
-1230
-1845
-1230
-1025
-1025
-1025
-1025
-1025
-1025
-1025
-1435
-1845
-1025
-1025
-1025
-1025
-1025
-1025
-1025
-1025
-1230
-1640
-1230
-1025
-1025
-1025
-1025
-1025
-1230
-1025
-1230
-1845
-1435
-1230
-1230
-1025
-1230
-1230
-1025
-1230
-1230
-820
-820
-820
-820
-820
-820
-820
-820
-820
-820
-1230
-1230
-1230
-1230
-1230
-1230
-1230
-1230
-1230
-1230
-1640
-1640
-1435
-1640
-1435
-1435
-1435
-1435
-1640
-1640
-1640
-1435
-1435
-1435
-1435
-1435
-1435
-1435
-1435
-1640
-1640
-1435
-1435
-1230
-1230
-1230
-1230
-1435
-1435
-1435
-1435
-1435
-1230
-1230
-1025
-1025
-1025
-1230
-1230
-1435
-1230
-1435
-1230
-1230
-1025
-820
-1230
-1230
-1230
-1435
-1435
-1025
-1025
-1025
-1025
-1025
-1025
-1025
-1230
-1230
-1230
-1025
-1025
-1025
-1025
-1025
-1025
-1025
-1230
-1230
-1025
-1025
-1230
-1025
-1230
-1025
-1025
-1025
-1230
-1230
-1845
-820
-820
-615
-820
-820
-820
-820
-1025
-1025
-2050
-1025
-615
-615
-615
-615
-615
-820
-1025
-1025
-2255
-1025
-820
-615
-615
-615
-820
-820
-1025
-1230
-2255
-1025
-1025
-820
-820
-820
-820
-820
-1025
-1435
-2050
-1230
-820
-820
-820
-820
-820
-1025
-1025
-1435
-1845
-1230
-1025
-1025
-1025
-1025
-1025
-820
-1025
-1230
-1845
-1230
-1025
-1025
-1025
-1025
-1025
-1025
-1025
-1230
-1845
-1230
-1025
-1025
-1025
-1025
-1025
-1230
-1025
-1230
-1845
-1435
-1025
-1230
-1025
-1025
-1025
-1230
-1230
-1230
-1845
-1640
-1230
-1025
-1230
-1230
-1230
-1230
-1230
-1230
-1845
-1640
-1230
-1230
-1230
-1230
-1230
-1230
-1230
-1230
-1640
-1230
-1025
-1025
-1025
-1230
-1025
-1230
-1025
-1230
-1640
-1230
-1230
-1025
-1025
-1025
-1025
-1025
-1025
-1230
-1640
-1025
-1230
-1025
-1025
-1025
-1025
-1025
-1025
-1025
-1640
-1230
-1025
-1230
-1025
-1025
-1025
-1025
-1025
-1230
-1640
-1025
-1025
-1025
-1025
-1025
-1025
-1025
-1025
-1025
-1640
-1025
-1025
-1025
-1025
-1025
-1025
-1230
-1230
-1025
-1845
-1230
-1025
-1025
-1025
-1025
-1230
-1230
-1230
-1025
-1845
-1435
-1025
-1025
-1025
-1025
-1025
-1025
-1230
-1230
-1845
-1435
-1230
-1230
-1230
-1230
-1230
-1025
-1230
-1230
)
;
    }
}


// ************************************************************************* //
