/*--------------------------------*- C++ -*----------------------------------*\
| =========                 |                                                 |
| \\      /  F ield         | OpenFOAM: The Open Source CFD Toolbox           |
|  \\    /   O peration     | Version:  2412                                  |
|   \\  /    A nd           | Website:  www.openfoam.com                      |
|    \\/     M anipulation  |                                                 |
\*---------------------------------------------------------------------------*/
FoamFile
{
    version     2.0;
    format      ascii;
    arch        "LSB;label=32;scalar=64";
    class       labelList;
    location    "constant/solid/polyMesh";
    object      cellRegionAddressing;
}
// * * * * * * * * * * * * * * * * * * * * * * * * * * * * * * * * * * * * * //


1000
(
539000
539001
539002
539003
539004
539005
539006
539007
539008
539009
539010
539011
539012
539013
539014
539015
539016
539017
539018
539019
539020
539021
539022
539023
539024
539025
539026
539027
539028
539029
539030
539031
539032
539033
539034
539035
539036
539037
539038
539039
539040
539041
539042
539043
539044
539045
539046
539047
539048
539049
539050
539051
539052
539053
539054
539055
539056
539057
539058
539059
539060
539061
539062
539063
539064
539065
539066
539067
539068
539069
539070
539071
539072
539073
539074
539075
539076
539077
539078
539079
539080
539081
539082
539083
539084
539085
539086
539087
539088
539089
539090
539091
539092
539093
539094
539095
539096
539097
539098
539099
539100
539101
539102
539103
539104
539105
539106
539107
539108
539109
539110
539111
539112
539113
539114
539115
539116
539117
539118
539119
539120
539121
539122
539123
539124
539125
539126
539127
539128
539129
539130
539131
539132
539133
539134
539135
539136
539137
539138
539139
539140
539141
539142
539143
539144
539145
539146
539147
539148
539149
539150
539151
539152
539153
539154
539155
539156
539157
539158
539159
539160
539161
539162
539163
539164
539165
539166
539167
539168
539169
539170
539171
539172
539173
539174
539175
539176
539177
539178
539179
539180
539181
539182
539183
539184
539185
539186
539187
539188
539189
539190
539191
539192
539193
539194
539195
539196
539197
539198
539199
539200
539201
539202
539203
539204
539205
539206
539207
539208
539209
539210
539211
539212
539213
539214
539215
539216
539217
539218
539219
539220
539221
539222
539223
539224
539225
539226
539227
539228
539229
539230
539231
539232
539233
539234
539235
539236
539237
539238
539239
539240
539241
539242
539243
539244
539245
539246
539247
539248
539249
539250
539251
539252
539253
539254
539255
539256
539257
539258
539259
539260
539261
539262
539263
539264
539265
539266
539267
539268
539269
539270
539271
539272
539273
539274
539275
539276
539277
539278
539279
539280
539281
539282
539283
539284
539285
539286
539287
539288
539289
539290
539291
539292
539293
539294
539295
539296
539297
539298
539299
539300
539301
539302
539303
539304
539305
539306
539307
539308
539309
539310
539311
539312
539313
539314
539315
539316
539317
539318
539319
539320
539321
539322
539323
539324
539325
539326
539327
539328
539329
539330
539331
539332
539333
539334
539335
539336
539337
539338
539339
539340
539341
539342
539343
539344
539345
539346
539347
539348
539349
539350
539351
539352
539353
539354
539355
539356
539357
539358
539359
539360
539361
539362
539363
539364
539365
539366
539367
539368
539369
539370
539371
539372
539373
539374
539375
539376
539377
539378
539379
539380
539381
539382
539383
539384
539385
539386
539387
539388
539389
539390
539391
539392
539393
539394
539395
539396
539397
539398
539399
539400
539401
539402
539403
539404
539405
539406
539407
539408
539409
539410
539411
539412
539413
539414
539415
539416
539417
539418
539419
539420
539421
539422
539423
539424
539425
539426
539427
539428
539429
539430
539431
539432
539433
539434
539435
539436
539437
539438
539439
539440
539441
539442
539443
539444
539445
539446
539447
539448
539449
539450
539451
539452
539453
539454
539455
539456
539457
539458
539459
539460
539461
539462
539463
539464
539465
539466
539467
539468
539469
539470
539471
539472
539473
539474
539475
539476
539477
539478
539479
539480
539481
539482
539483
539484
539485
539486
539487
539488
539489
539490
539491
539492
539493
539494
539495
539496
539497
539498
539499
539500
539501
539502
539503
539504
539505
539506
539507
539508
539509
539510
539511
539512
539513
539514
539515
539516
539517
539518
539519
539520
539521
539522
539523
539524
539525
539526
539527
539528
539529
539530
539531
539532
539533
539534
539535
539536
539537
539538
539539
539540
539541
539542
539543
539544
539545
539546
539547
539548
539549
539550
539551
539552
539553
539554
539555
539556
539557
539558
539559
539560
539561
539562
539563
539564
539565
539566
539567
539568
539569
539570
539571
539572
539573
539574
539575
539576
539577
539578
539579
539580
539581
539582
539583
539584
539585
539586
539587
539588
539589
539590
539591
539592
539593
539594
539595
539596
539597
539598
539599
539600
539601
539602
539603
539604
539605
539606
539607
539608
539609
539610
539611
539612
539613
539614
539615
539616
539617
539618
539619
539620
539621
539622
539623
539624
539625
539626
539627
539628
539629
539630
539631
539632
539633
539634
539635
539636
539637
539638
539639
539640
539641
539642
539643
539644
539645
539646
539647
539648
539649
539650
539651
539652
539653
539654
539655
539656
539657
539658
539659
539660
539661
539662
539663
539664
539665
539666
539667
539668
539669
539670
539671
539672
539673
539674
539675
539676
539677
539678
539679
539680
539681
539682
539683
539684
539685
539686
539687
539688
539689
539690
539691
539692
539693
539694
539695
539696
539697
539698
539699
539700
539701
539702
539703
539704
539705
539706
539707
539708
539709
539710
539711
539712
539713
539714
539715
539716
539717
539718
539719
539720
539721
539722
539723
539724
539725
539726
539727
539728
539729
539730
539731
539732
539733
539734
539735
539736
539737
539738
539739
539740
539741
539742
539743
539744
539745
539746
539747
539748
539749
539750
539751
539752
539753
539754
539755
539756
539757
539758
539759
539760
539761
539762
539763
539764
539765
539766
539767
539768
539769
539770
539771
539772
539773
539774
539775
539776
539777
539778
539779
539780
539781
539782
539783
539784
539785
539786
539787
539788
539789
539790
539791
539792
539793
539794
539795
539796
539797
539798
539799
539800
539801
539802
539803
539804
539805
539806
539807
539808
539809
539810
539811
539812
539813
539814
539815
539816
539817
539818
539819
539820
539821
539822
539823
539824
539825
539826
539827
539828
539829
539830
539831
539832
539833
539834
539835
539836
539837
539838
539839
539840
539841
539842
539843
539844
539845
539846
539847
539848
539849
539850
539851
539852
539853
539854
539855
539856
539857
539858
539859
539860
539861
539862
539863
539864
539865
539866
539867
539868
539869
539870
539871
539872
539873
539874
539875
539876
539877
539878
539879
539880
539881
539882
539883
539884
539885
539886
539887
539888
539889
539890
539891
539892
539893
539894
539895
539896
539897
539898
539899
539900
539901
539902
539903
539904
539905
539906
539907
539908
539909
539910
539911
539912
539913
539914
539915
539916
539917
539918
539919
539920
539921
539922
539923
539924
539925
539926
539927
539928
539929
539930
539931
539932
539933
539934
539935
539936
539937
539938
539939
539940
539941
539942
539943
539944
539945
539946
539947
539948
539949
539950
539951
539952
539953
539954
539955
539956
539957
539958
539959
539960
539961
539962
539963
539964
539965
539966
539967
539968
539969
539970
539971
539972
539973
539974
539975
539976
539977
539978
539979
539980
539981
539982
539983
539984
539985
539986
539987
539988
539989
539990
539991
539992
539993
539994
539995
539996
539997
539998
539999
)


// ************************************************************************* //
