/*--------------------------------*- C++ -*----------------------------------*\
| =========                 |                                                 |
| \\      /  F ield         | OpenFOAM: The Open Source CFD Toolbox           |
|  \\    /   O peration     | Version:  2412                                  |
|   \\  /    A nd           | Website:  www.openfoam.com                      |
|    \\/     M anipulation  |                                                 |
\*---------------------------------------------------------------------------*/
FoamFile
{
    version     2.0;
    format      ascii;
    arch        "LSB;label=32;scalar=64";
    class       labelList;
    location    "constant/solid/polyMesh";
    object      faceRegionAddressing;
}
// * * * * * * * * * * * * * * * * * * * * * * * * * * * * * * * * * * * * * //


3300
(
1595701
1595702
1595703
1595704
1595705
1595706
1595707
1595708
1595709
1595710
1595711
1595712
1595713
1595714
1595715
1595716
1595717
1595718
1595719
1595720
1595721
1595722
1595723
1595724
1595725
1595726
1595727
1595728
1595729
1595730
1595731
1595732
1595733
1595734
1595735
1595736
1595737
1595738
1595739
1595740
1595741
1595742
1595743
1595744
1595745
1595746
1595747
1595748
1595749
1595750
1595751
1595752
1595753
1595754
1595755
1595756
1595757
1595758
1595759
1595760
1595761
1595762
1595763
1595764
1595765
1595766
1595767
1595768
1595769
1595770
1595771
1595772
1595773
1595774
1595775
1595776
1595777
1595778
1595779
1595780
1595781
1595782
1595783
1595784
1595785
1595786
1595787
1595788
1595789
1595790
1595791
1595792
1595793
1595794
1595795
1595796
1595797
1595798
1595799
1595800
1595801
1595802
1595803
1595804
1595805
1595806
1595807
1595808
1595809
1595810
1595811
1595812
1595813
1595814
1595815
1595816
1595817
1595818
1595819
1595820
1595821
1595822
1595823
1595824
1595825
1595826
1595827
1595828
1595829
1595830
1595831
1595832
1595833
1595834
1595835
1595836
1595837
1595838
1595839
1595840
1595841
1595842
1595843
1595844
1595845
1595846
1595847
1595848
1595849
1595850
1595851
1595852
1595853
1595854
1595855
1595856
1595857
1595858
1595859
1595860
1595861
1595862
1595863
1595864
1595865
1595866
1595867
1595868
1595869
1595870
1595871
1595872
1595873
1595874
1595875
1595876
1595877
1595878
1595879
1595880
1595881
1595882
1595883
1595884
1595885
1595886
1595887
1595888
1595889
1595890
1595891
1595892
1595893
1595894
1595895
1595896
1595897
1595898
1595899
1595900
1595901
1595902
1595903
1595904
1595905
1595906
1595907
1595908
1595909
1595910
1595911
1595912
1595913
1595914
1595915
1595916
1595917
1595918
1595919
1595920
1595921
1595922
1595923
1595924
1595925
1595926
1595927
1595928
1595929
1595930
1595931
1595932
1595933
1595934
1595935
1595936
1595937
1595938
1595939
1595940
1595941
1595942
1595943
1595944
1595945
1595946
1595947
1595948
1595949
1595950
1595951
1595952
1595953
1595954
1595955
1595956
1595957
1595958
1595959
1595960
1595961
1595962
1595963
1595964
1595965
1595966
1595967
1595968
1595969
1595970
1595971
1595972
1595973
1595974
1595975
1595976
1595977
1595978
1595979
1595980
1595981
1595982
1595983
1595984
1595985
1595986
1595987
1595988
1595989
1595990
1595991
1595992
1595993
1595994
1595995
1595996
1595997
1595998
1595999
1596000
1596001
1596002
1596003
1596004
1596005
1596006
1596007
1596008
1596009
1596010
1596011
1596012
1596013
1596014
1596015
1596016
1596017
1596018
1596019
1596020
1596021
1596022
1596023
1596024
1596025
1596026
1596027
1596028
1596029
1596030
1596031
1596032
1596033
1596034
1596035
1596036
1596037
1596038
1596039
1596040
1596041
1596042
1596043
1596044
1596045
1596046
1596047
1596048
1596049
1596050
1596051
1596052
1596053
1596054
1596055
1596056
1596057
1596058
1596059
1596060
1596061
1596062
1596063
1596064
1596065
1596066
1596067
1596068
1596069
1596070
1596071
1596072
1596073
1596074
1596075
1596076
1596077
1596078
1596079
1596080
1596081
1596082
1596083
1596084
1596085
1596086
1596087
1596088
1596089
1596090
1596091
1596092
1596093
1596094
1596095
1596096
1596097
1596098
1596099
1596100
1596101
1596102
1596103
1596104
1596105
1596106
1596107
1596108
1596109
1596110
1596111
1596112
1596113
1596114
1596115
1596116
1596117
1596118
1596119
1596120
1596121
1596122
1596123
1596124
1596125
1596126
1596127
1596128
1596129
1596130
1596131
1596132
1596133
1596134
1596135
1596136
1596137
1596138
1596139
1596140
1596141
1596142
1596143
1596144
1596145
1596146
1596147
1596148
1596149
1596150
1596151
1596152
1596153
1596154
1596155
1596156
1596157
1596158
1596159
1596160
1596161
1596162
1596163
1596164
1596165
1596166
1596167
1596168
1596169
1596170
1596171
1596172
1596173
1596174
1596175
1596176
1596177
1596178
1596179
1596180
1596181
1596182
1596183
1596184
1596185
1596186
1596187
1596188
1596189
1596190
1596191
1596192
1596193
1596194
1596195
1596196
1596197
1596198
1596199
1596200
1596201
1596202
1596203
1596204
1596205
1596206
1596207
1596208
1596209
1596210
1596211
1596212
1596213
1596214
1596215
1596216
1596217
1596218
1596219
1596220
1596221
1596222
1596223
1596224
1596225
1596226
1596227
1596228
1596229
1596230
1596231
1596232
1596233
1596234
1596235
1596236
1596237
1596238
1596239
1596240
1596241
1596242
1596243
1596244
1596245
1596246
1596247
1596248
1596249
1596250
1596251
1596252
1596253
1596254
1596255
1596256
1596257
1596258
1596259
1596260
1596261
1596262
1596263
1596264
1596265
1596266
1596267
1596268
1596269
1596270
1596271
1596272
1596273
1596274
1596275
1596276
1596277
1596278
1596279
1596280
1596281
1596282
1596283
1596284
1596285
1596286
1596287
1596288
1596289
1596290
1596291
1596292
1596293
1596294
1596295
1596296
1596297
1596298
1596299
1596300
1596301
1596302
1596303
1596304
1596305
1596306
1596307
1596308
1596309
1596310
1596311
1596312
1596313
1596314
1596315
1596316
1596317
1596318
1596319
1596320
1596321
1596322
1596323
1596324
1596325
1596326
1596327
1596328
1596329
1596330
1596331
1596332
1596333
1596334
1596335
1596336
1596337
1596338
1596339
1596340
1596341
1596342
1596343
1596344
1596345
1596346
1596347
1596348
1596349
1596350
1596351
1596352
1596353
1596354
1596355
1596356
1596357
1596358
1596359
1596360
1596361
1596362
1596363
1596364
1596365
1596366
1596367
1596368
1596369
1596370
1596371
1596372
1596373
1596374
1596375
1596376
1596377
1596378
1596379
1596380
1596381
1596382
1596383
1596384
1596385
1596386
1596387
1596388
1596389
1596390
1596391
1596392
1596393
1596394
1596395
1596396
1596397
1596398
1596399
1596400
1596401
1596402
1596403
1596404
1596405
1596406
1596407
1596408
1596409
1596410
1596411
1596412
1596413
1596414
1596415
1596416
1596417
1596418
1596419
1596420
1596421
1596422
1596423
1596424
1596425
1596426
1596427
1596428
1596429
1596430
1596431
1596432
1596433
1596434
1596435
1596436
1596437
1596438
1596439
1596440
1596441
1596442
1596443
1596444
1596445
1596446
1596447
1596448
1596449
1596450
1596451
1596452
1596453
1596454
1596455
1596456
1596457
1596458
1596459
1596460
1596461
1596462
1596463
1596464
1596465
1596466
1596467
1596468
1596469
1596470
1596471
1596472
1596473
1596474
1596475
1596476
1596477
1596478
1596479
1596480
1596481
1596482
1596483
1596484
1596485
1596486
1596487
1596488
1596489
1596490
1596491
1596492
1596493
1596494
1596495
1596496
1596497
1596498
1596499
1596500
1596501
1596502
1596503
1596504
1596505
1596506
1596507
1596508
1596509
1596510
1596511
1596512
1596513
1596514
1596515
1596516
1596517
1596518
1596519
1596520
1596521
1596522
1596523
1596524
1596525
1596526
1596527
1596528
1596529
1596530
1596531
1596532
1596533
1596534
1596535
1596536
1596537
1596538
1596539
1596540
1596541
1596542
1596543
1596544
1596545
1596546
1596547
1596548
1596549
1596550
1596551
1596552
1596553
1596554
1596555
1596556
1596557
1596558
1596559
1596560
1596561
1596562
1596563
1596564
1596565
1596566
1596567
1596568
1596569
1596570
1596571
1596572
1596573
1596574
1596575
1596576
1596577
1596578
1596579
1596580
1596581
1596582
1596583
1596584
1596585
1596586
1596587
1596588
1596589
1596590
1596591
1596592
1596593
1596594
1596595
1596596
1596597
1596598
1596599
1596600
1596601
1596602
1596603
1596604
1596605
1596606
1596607
1596608
1596609
1596610
1596611
1596612
1596613
1596614
1596615
1596616
1596617
1596618
1596619
1596620
1596621
1596622
1596623
1596624
1596625
1596626
1596627
1596628
1596629
1596630
1596631
1596632
1596633
1596634
1596635
1596636
1596637
1596638
1596639
1596640
1596641
1596642
1596643
1596644
1596645
1596646
1596647
1596648
1596649
1596650
1596651
1596652
1596653
1596654
1596655
1596656
1596657
1596658
1596659
1596660
1596661
1596662
1596663
1596664
1596665
1596666
1596667
1596668
1596669
1596670
1596671
1596672
1596673
1596674
1596675
1596676
1596677
1596678
1596679
1596680
1596681
1596682
1596683
1596684
1596685
1596686
1596687
1596688
1596689
1596690
1596691
1596692
1596693
1596694
1596695
1596696
1596697
1596698
1596699
1596700
1596701
1596702
1596703
1596704
1596705
1596706
1596707
1596708
1596709
1596710
1596711
1596712
1596713
1596714
1596715
1596716
1596717
1596718
1596719
1596720
1596721
1596722
1596723
1596724
1596725
1596726
1596727
1596728
1596729
1596730
1596731
1596732
1596733
1596734
1596735
1596736
1596737
1596738
1596739
1596740
1596741
1596742
1596743
1596744
1596745
1596746
1596747
1596748
1596749
1596750
1596751
1596752
1596753
1596754
1596755
1596756
1596757
1596758
1596759
1596760
1596761
1596762
1596763
1596764
1596765
1596766
1596767
1596768
1596769
1596770
1596771
1596772
1596773
1596774
1596775
1596776
1596777
1596778
1596779
1596780
1596781
1596782
1596783
1596784
1596785
1596786
1596787
1596788
1596789
1596790
1596791
1596792
1596793
1596794
1596795
1596796
1596797
1596798
1596799
1596800
1596801
1596802
1596803
1596804
1596805
1596806
1596807
1596808
1596809
1596810
1596811
1596812
1596813
1596814
1596815
1596816
1596817
1596818
1596819
1596820
1596821
1596822
1596823
1596824
1596825
1596826
1596827
1596828
1596829
1596830
1596831
1596832
1596833
1596834
1596835
1596836
1596837
1596838
1596839
1596840
1596841
1596842
1596843
1596844
1596845
1596846
1596847
1596848
1596849
1596850
1596851
1596852
1596853
1596854
1596855
1596856
1596857
1596858
1596859
1596860
1596861
1596862
1596863
1596864
1596865
1596866
1596867
1596868
1596869
1596870
1596871
1596872
1596873
1596874
1596875
1596876
1596877
1596878
1596879
1596880
1596881
1596882
1596883
1596884
1596885
1596886
1596887
1596888
1596889
1596890
1596891
1596892
1596893
1596894
1596895
1596896
1596897
1596898
1596899
1596900
1596901
1596902
1596903
1596904
1596905
1596906
1596907
1596908
1596909
1596910
1596911
1596912
1596913
1596914
1596915
1596916
1596917
1596918
1596919
1596920
1596921
1596922
1596923
1596924
1596925
1596926
1596927
1596928
1596929
1596930
1596931
1596932
1596933
1596934
1596935
1596936
1596937
1596938
1596939
1596940
1596941
1596942
1596943
1596944
1596945
1596946
1596947
1596948
1596949
1596950
1596951
1596952
1596953
1596954
1596955
1596956
1596957
1596958
1596959
1596960
1596961
1596962
1596963
1596964
1596965
1596966
1596967
1596968
1596969
1596970
1596971
1596972
1596973
1596974
1596975
1596976
1596977
1596978
1596979
1596980
1596981
1596982
1596983
1596984
1596985
1596986
1596987
1596988
1596989
1596990
1596991
1596992
1596993
1596994
1596995
1596996
1596997
1596998
1596999
1597000
1597001
1597002
1597003
1597004
1597005
1597006
1597007
1597008
1597009
1597010
1597011
1597012
1597013
1597014
1597015
1597016
1597017
1597018
1597019
1597020
1597021
1597022
1597023
1597024
1597025
1597026
1597027
1597028
1597029
1597030
1597031
1597032
1597033
1597034
1597035
1597036
1597037
1597038
1597039
1597040
1597041
1597042
1597043
1597044
1597045
1597046
1597047
1597048
1597049
1597050
1597051
1597052
1597053
1597054
1597055
1597056
1597057
1597058
1597059
1597060
1597061
1597062
1597063
1597064
1597065
1597066
1597067
1597068
1597069
1597070
1597071
1597072
1597073
1597074
1597075
1597076
1597077
1597078
1597079
1597080
1597081
1597082
1597083
1597084
1597085
1597086
1597087
1597088
1597089
1597090
1597091
1597092
1597093
1597094
1597095
1597096
1597097
1597098
1597099
1597100
1597101
1597102
1597103
1597104
1597105
1597106
1597107
1597108
1597109
1597110
1597111
1597112
1597113
1597114
1597115
1597116
1597117
1597118
1597119
1597120
1597121
1597122
1597123
1597124
1597125
1597126
1597127
1597128
1597129
1597130
1597131
1597132
1597133
1597134
1597135
1597136
1597137
1597138
1597139
1597140
1597141
1597142
1597143
1597144
1597145
1597146
1597147
1597148
1597149
1597150
1597151
1597152
1597153
1597154
1597155
1597156
1597157
1597158
1597159
1597160
1597161
1597162
1597163
1597164
1597165
1597166
1597167
1597168
1597169
1597170
1597171
1597172
1597173
1597174
1597175
1597176
1597177
1597178
1597179
1597180
1597181
1597182
1597183
1597184
1597185
1597186
1597187
1597188
1597189
1597190
1597191
1597192
1597193
1597194
1597195
1597196
1597197
1597198
1597199
1597200
1597201
1597202
1597203
1597204
1597205
1597206
1597207
1597208
1597209
1597210
1597211
1597212
1597213
1597214
1597215
1597216
1597217
1597218
1597219
1597220
1597221
1597222
1597223
1597224
1597225
1597226
1597227
1597228
1597229
1597230
1597231
1597232
1597233
1597234
1597235
1597236
1597237
1597238
1597239
1597240
1597241
1597242
1597243
1597244
1597245
1597246
1597247
1597248
1597249
1597250
1597251
1597252
1597253
1597254
1597255
1597256
1597257
1597258
1597259
1597260
1597261
1597262
1597263
1597264
1597265
1597266
1597267
1597268
1597269
1597270
1597271
1597272
1597273
1597274
1597275
1597276
1597277
1597278
1597279
1597280
1597281
1597282
1597283
1597284
1597285
1597286
1597287
1597288
1597289
1597290
1597291
1597292
1597293
1597294
1597295
1597296
1597297
1597298
1597299
1597300
1597301
1597302
1597303
1597304
1597305
1597306
1597307
1597308
1597309
1597310
1597311
1597312
1597313
1597314
1597315
1597316
1597317
1597318
1597319
1597320
1597321
1597322
1597323
1597324
1597325
1597326
1597327
1597328
1597329
1597330
1597331
1597332
1597333
1597334
1597335
1597336
1597337
1597338
1597339
1597340
1597341
1597342
1597343
1597344
1597345
1597346
1597347
1597348
1597349
1597350
1597351
1597352
1597353
1597354
1597355
1597356
1597357
1597358
1597359
1597360
1597361
1597362
1597363
1597364
1597365
1597366
1597367
1597368
1597369
1597370
1597371
1597372
1597373
1597374
1597375
1597376
1597377
1597378
1597379
1597380
1597381
1597382
1597383
1597384
1597385
1597386
1597387
1597388
1597389
1597390
1597391
1597392
1597393
1597394
1597395
1597396
1597397
1597398
1597399
1597400
1597401
1597402
1597403
1597404
1597405
1597406
1597407
1597408
1597409
1597410
1597411
1597412
1597413
1597414
1597415
1597416
1597417
1597418
1597419
1597420
1597421
1597422
1597423
1597424
1597425
1597426
1597427
1597428
1597429
1597430
1597431
1597432
1597433
1597434
1597435
1597436
1597437
1597438
1597439
1597440
1597441
1597442
1597443
1597444
1597445
1597446
1597447
1597448
1597449
1597450
1597451
1597452
1597453
1597454
1597455
1597456
1597457
1597458
1597459
1597460
1597461
1597462
1597463
1597464
1597465
1597466
1597467
1597468
1597469
1597470
1597471
1597472
1597473
1597474
1597475
1597476
1597477
1597478
1597479
1597480
1597481
1597482
1597483
1597484
1597485
1597486
1597487
1597488
1597489
1597490
1597491
1597492
1597493
1597494
1597495
1597496
1597497
1597498
1597499
1597500
1597501
1597502
1597503
1597504
1597505
1597506
1597507
1597508
1597509
1597510
1597511
1597512
1597513
1597514
1597515
1597516
1597517
1597518
1597519
1597520
1597521
1597522
1597523
1597524
1597525
1597526
1597527
1597528
1597529
1597530
1597531
1597532
1597533
1597534
1597535
1597536
1597537
1597538
1597539
1597540
1597541
1597542
1597543
1597544
1597545
1597546
1597547
1597548
1597549
1597550
1597551
1597552
1597553
1597554
1597555
1597556
1597557
1597558
1597559
1597560
1597561
1597562
1597563
1597564
1597565
1597566
1597567
1597568
1597569
1597570
1597571
1597572
1597573
1597574
1597575
1597576
1597577
1597578
1597579
1597580
1597581
1597582
1597583
1597584
1597585
1597586
1597587
1597588
1597589
1597590
1597591
1597592
1597593
1597594
1597595
1597596
1597597
1597598
1597599
1597600
1597601
1597602
1597603
1597604
1597605
1597606
1597607
1597608
1597609
1597610
1597611
1597612
1597613
1597614
1597615
1597616
1597617
1597618
1597619
1597620
1597621
1597622
1597623
1597624
1597625
1597626
1597627
1597628
1597629
1597630
1597631
1597632
1597633
1597634
1597635
1597636
1597637
1597638
1597639
1597640
1597641
1597642
1597643
1597644
1597645
1597646
1597647
1597648
1597649
1597650
1597651
1597652
1597653
1597654
1597655
1597656
1597657
1597658
1597659
1597660
1597661
1597662
1597663
1597664
1597665
1597666
1597667
1597668
1597669
1597670
1597671
1597672
1597673
1597674
1597675
1597676
1597677
1597678
1597679
1597680
1597681
1597682
1597683
1597684
1597685
1597686
1597687
1597688
1597689
1597690
1597691
1597692
1597693
1597694
1597695
1597696
1597697
1597698
1597699
1597700
1597701
1597702
1597703
1597704
1597705
1597706
1597707
1597708
1597709
1597710
1597711
1597712
1597713
1597714
1597715
1597716
1597717
1597718
1597719
1597720
1597721
1597722
1597723
1597724
1597725
1597726
1597727
1597728
1597729
1597730
1597731
1597732
1597733
1597734
1597735
1597736
1597737
1597738
1597739
1597740
1597741
1597742
1597743
1597744
1597745
1597746
1597747
1597748
1597749
1597750
1597751
1597752
1597753
1597754
1597755
1597756
1597757
1597758
1597759
1597760
1597761
1597762
1597763
1597764
1597765
1597766
1597767
1597768
1597769
1597770
1597771
1597772
1597773
1597774
1597775
1597776
1597777
1597778
1597779
1597780
1597781
1597782
1597783
1597784
1597785
1597786
1597787
1597788
1597789
1597790
1597791
1597792
1597793
1597794
1597795
1597796
1597797
1597798
1597799
1597800
1597801
1597802
1597803
1597804
1597805
1597806
1597807
1597808
1597809
1597810
1597811
1597812
1597813
1597814
1597815
1597816
1597817
1597818
1597819
1597820
1597821
1597822
1597823
1597824
1597825
1597826
1597827
1597828
1597829
1597830
1597831
1597832
1597833
1597834
1597835
1597836
1597837
1597838
1597839
1597840
1597841
1597842
1597843
1597844
1597845
1597846
1597847
1597848
1597849
1597850
1597851
1597852
1597853
1597854
1597855
1597856
1597857
1597858
1597859
1597860
1597861
1597862
1597863
1597864
1597865
1597866
1597867
1597868
1597869
1597870
1597871
1597872
1597873
1597874
1597875
1597876
1597877
1597878
1597879
1597880
1597881
1597882
1597883
1597884
1597885
1597886
1597887
1597888
1597889
1597890
1597891
1597892
1597893
1597894
1597895
1597896
1597897
1597898
1597899
1597900
1597901
1597902
1597903
1597904
1597905
1597906
1597907
1597908
1597909
1597910
1597911
1597912
1597913
1597914
1597915
1597916
1597917
1597918
1597919
1597920
1597921
1597922
1597923
1597924
1597925
1597926
1597927
1597928
1597929
1597930
1597931
1597932
1597933
1597934
1597935
1597936
1597937
1597938
1597939
1597940
1597941
1597942
1597943
1597944
1597945
1597946
1597947
1597948
1597949
1597950
1597951
1597952
1597953
1597954
1597955
1597956
1597957
1597958
1597959
1597960
1597961
1597962
1597963
1597964
1597965
1597966
1597967
1597968
1597969
1597970
1597971
1597972
1597973
1597974
1597975
1597976
1597977
1597978
1597979
1597980
1597981
1597982
1597983
1597984
1597985
1597986
1597987
1597988
1597989
1597990
1597991
1597992
1597993
1597994
1597995
1597996
1597997
1597998
1597999
1598000
1598001
1598002
1598003
1598004
1598005
1598006
1598007
1598008
1598009
1598010
1598011
1598012
1598013
1598014
1598015
1598016
1598017
1598018
1598019
1598020
1598021
1598022
1598023
1598024
1598025
1598026
1598027
1598028
1598029
1598030
1598031
1598032
1598033
1598034
1598035
1598036
1598037
1598038
1598039
1598040
1598041
1598042
1598043
1598044
1598045
1598046
1598047
1598048
1598049
1598050
1598051
1598052
1598053
1598054
1598055
1598056
1598057
1598058
1598059
1598060
1598061
1598062
1598063
1598064
1598065
1598066
1598067
1598068
1598069
1598070
1598071
1598072
1598073
1598074
1598075
1598076
1598077
1598078
1598079
1598080
1598081
1598082
1598083
1598084
1598085
1598086
1598087
1598088
1598089
1598090
1598091
1598092
1598093
1598094
1598095
1598096
1598097
1598098
1598099
1598100
1598101
1598102
1598103
1598104
1598105
1598106
1598107
1598108
1598109
1598110
1598111
1598112
1598113
1598114
1598115
1598116
1598117
1598118
1598119
1598120
1598121
1598122
1598123
1598124
1598125
1598126
1598127
1598128
1598129
1598130
1598131
1598132
1598133
1598134
1598135
1598136
1598137
1598138
1598139
1598140
1598141
1598142
1598143
1598144
1598145
1598146
1598147
1598148
1598149
1598150
1598151
1598152
1598153
1598154
1598155
1598156
1598157
1598158
1598159
1598160
1598161
1598162
1598163
1598164
1598165
1598166
1598167
1598168
1598169
1598170
1598171
1598172
1598173
1598174
1598175
1598176
1598177
1598178
1598179
1598180
1598181
1598182
1598183
1598184
1598185
1598186
1598187
1598188
1598189
1598190
1598191
1598192
1598193
1598194
1598195
1598196
1598197
1598198
1598199
1598200
1598201
1598202
1598203
1598204
1598205
1598206
1598207
1598208
1598209
1598210
1598211
1598212
1598213
1598214
1598215
1598216
1598217
1598218
1598219
1598220
1598221
1598222
1598223
1598224
1598225
1598226
1598227
1598228
1598229
1598230
1598231
1598232
1598233
1598234
1598235
1598236
1598237
1598238
1598239
1598240
1598241
1598242
1598243
1598244
1598245
1598246
1598247
1598248
1598249
1598250
1598251
1598252
1598253
1598254
1598255
1598256
1598257
1598258
1598259
1598260
1598261
1598262
1598263
1598264
1598265
1598266
1598267
1598268
1598269
1598270
1598271
1598272
1598273
1598274
1598275
1598276
1598277
1598278
1598279
1598280
1598281
1598282
1598283
1598284
1598285
1598286
1598287
1598288
1598289
1598290
1598291
1598292
1598293
1598294
1598295
1598296
1598297
1598298
1598299
1598300
1598301
1598302
1598303
1598304
1598305
1598306
1598307
1598308
1598309
1598310
1598311
1598312
1598313
1598314
1598315
1598316
1598317
1598318
1598319
1598320
1598321
1598322
1598323
1598324
1598325
1598326
1598327
1598328
1598329
1598330
1598331
1598332
1598333
1598334
1598335
1598336
1598337
1598338
1598339
1598340
1598341
1598342
1598343
1598344
1598345
1598346
1598347
1598348
1598349
1598350
1598351
1598352
1598353
1598354
1598355
1598356
1598357
1598358
1598359
1598360
1598361
1598362
1598363
1598364
1598365
1598366
1598367
1598368
1598369
1598370
1598371
1598372
1598373
1598374
1598375
1598376
1598377
1598378
1598379
1598380
1598381
1598382
1598383
1598384
1598385
1598386
1598387
1598388
1598389
1598390
1598391
1598392
1598393
1598394
1598395
1598396
1598397
1598398
1598399
1598400
1641501
1641502
1641503
1641504
1641505
1641506
1641507
1641508
1641509
1641510
1641511
1641512
1641513
1641514
1641515
1641516
1641517
1641518
1641519
1641520
1641521
1641522
1641523
1641524
1641525
1641526
1641527
1641528
1641529
1641530
1641531
1641532
1641533
1641534
1641535
1641536
1641537
1641538
1641539
1641540
1641541
1641542
1641543
1641544
1641545
1641546
1641547
1641548
1641549
1641550
1641551
1641552
1641553
1641554
1641555
1641556
1641557
1641558
1641559
1641560
1641561
1641562
1641563
1641564
1641565
1641566
1641567
1641568
1641569
1641570
1641571
1641572
1641573
1641574
1641575
1641576
1641577
1641578
1641579
1641580
1641581
1641582
1641583
1641584
1641585
1641586
1641587
1641588
1641589
1641590
1641591
1641592
1641593
1641594
1641595
1641596
1641597
1641598
1641599
1641600
-30120
-30240
-30360
-30480
-30600
-30720
-30840
-30960
-31080
-31200
-31320
-31440
-31560
-31680
-31800
-31920
-32040
-32160
-32280
-32400
-32520
-32640
-32760
-32880
-33000
-33120
-33240
-33360
-33480
-33600
-33720
-33840
-33960
-34080
-34200
-34320
-34440
-34560
-34680
-34800
-34920
-35040
-35160
-35280
-35400
-35520
-35640
-35760
-35880
-36000
-36120
-36240
-36360
-36480
-36600
-36720
-36840
-36960
-37080
-37200
-37320
-37440
-37560
-37680
-37800
-37920
-38040
-38160
-38280
-38400
-38520
-38640
-38760
-38880
-39000
-39120
-39240
-39360
-39480
-39600
-39720
-39840
-39960
-40080
-40200
-40320
-40440
-40560
-40680
-40800
-40920
-41040
-41160
-41280
-41400
-41520
-41640
-41760
-41880
-42000
-71604
-71608
-71612
-71616
-71620
-71624
-71628
-71632
-71636
-71640
-72354
-72358
-72362
-72366
-72370
-72374
-72378
-72382
-72386
-72390
-73104
-73108
-73112
-73116
-73120
-73124
-73128
-73132
-73136
-73140
-73854
-73858
-73862
-73866
-73870
-73874
-73878
-73882
-73886
-73890
-74604
-74608
-74612
-74616
-74620
-74624
-74628
-74632
-74636
-74640
-75354
-75358
-75362
-75366
-75370
-75374
-75378
-75382
-75386
-75390
-76104
-76108
-76112
-76116
-76120
-76124
-76128
-76132
-76136
-76140
-76854
-76858
-76862
-76866
-76870
-76874
-76878
-76882
-76886
-76890
-77604
-77608
-77612
-77616
-77620
-77624
-77628
-77632
-77636
-77640
-78354
-78358
-78362
-78366
-78370
-78374
-78378
-78382
-78386
-78390
-153855
-154254
-154554
-154854
-155154
-155454
-155754
-156054
-156354
-156653
-156855
-157254
-157554
-157854
-158154
-158454
-158754
-159054
-159354
-159653
-159855
-160254
-160554
-160854
-161154
-161454
-161754
-162054
-162354
-162653
-162855
-163254
-163554
-163854
-164154
-164454
-164754
-165054
-165354
-165653
-165855
-166254
-166554
-166854
-167154
-167454
-167754
-168054
-168354
-168653
-168855
-169254
-169554
-169854
-170154
-170454
-170754
-171054
-171354
-171653
-171855
-172254
-172554
-172854
-173154
-173454
-173754
-174054
-174354
-174653
-174855
-175254
-175554
-175854
-176154
-176454
-176754
-177054
-177354
-177653
-177855
-178254
-178554
-178854
-179154
-179454
-179754
-180054
-180354
-180653
-180855
-181254
-181554
-181854
-182154
-182454
-182754
-183054
-183354
-183653
-258549
-258552
-258555
-258558
-258561
-258564
-258567
-258570
-258573
-258575
-259274
-259277
-259280
-259283
-259286
-259289
-259292
-259295
-259298
-259300
-259999
-260002
-260005
-260008
-260011
-260014
-260017
-260020
-260023
-260025
-260724
-260727
-260730
-260733
-260736
-260739
-260742
-260745
-260748
-260750
-261449
-261452
-261455
-261458
-261461
-261464
-261467
-261470
-261473
-261475
-262174
-262177
-262180
-262183
-262186
-262189
-262192
-262195
-262198
-262200
-262899
-262902
-262905
-262908
-262911
-262914
-262917
-262920
-262923
-262925
-263624
-263627
-263630
-263633
-263636
-263639
-263642
-263645
-263648
-263650
-264349
-264352
-264355
-264358
-264361
-264364
-264367
-264370
-264373
-264375
-265074
-265077
-265080
-265083
-265086
-265089
-265092
-265095
-265098
-265100
-1581704
-1581708
-1581712
-1581716
-1581720
-1581724
-1581728
-1581732
-1581736
-1581739
-1581743
-1581747
-1581751
-1581755
-1581759
-1581763
-1581767
-1581771
-1581775
-1581778
-1581782
-1581786
-1581790
-1581794
-1581798
-1581802
-1581806
-1581810
-1581814
-1581817
-1581821
-1581825
-1581829
-1581833
-1581837
-1581841
-1581845
-1581849
-1581853
-1581856
-1581860
-1581864
-1581868
-1581872
-1581876
-1581880
-1581884
-1581888
-1581892
-1581895
-1581899
-1581903
-1581907
-1581911
-1581915
-1581919
-1581923
-1581927
-1581931
-1581934
-1581938
-1581942
-1581946
-1581950
-1581954
-1581958
-1581962
-1581966
-1581970
-1581973
-1581977
-1581981
-1581985
-1581989
-1581993
-1581997
-1582001
-1582005
-1582009
-1582012
-1582016
-1582020
-1582024
-1582028
-1582032
-1582036
-1582040
-1582044
-1582048
-1582051
-1582054
-1582057
-1582060
-1582063
-1582066
-1582069
-1582072
-1582075
-1582078
-1582080
)


// ************************************************************************* //
