/*--------------------------------*- C++ -*----------------------------------*\
| =========                 |                                                 |
| \\      /  F ield         | OpenFOAM: The Open Source CFD Toolbox           |
|  \\    /   O peration     | Version:  2412                                  |
|   \\  /    A nd           | Website:  www.openfoam.com                      |
|    \\/     M anipulation  |                                                 |
\*---------------------------------------------------------------------------*/
FoamFile
{
    version     2.0;
    format      ascii;
    arch        "LSB;label=32;scalar=64";
    class       faceList;
    location    "constant/solid/polyMesh";
    object      faces;
}
// * * * * * * * * * * * * * * * * * * * * * * * * * * * * * * * * * * * * * //


3300
(
4(341 521 602 350)
4(11 21 602 521)
4(1 350 602 21)
4(342 522 603 351)
4(521 602 603 522)
4(350 351 603 602)
4(343 523 604 352)
4(522 603 604 523)
4(351 352 604 603)
4(344 524 605 353)
4(523 604 605 524)
4(352 353 605 604)
4(345 525 606 354)
4(524 605 606 525)
4(353 354 606 605)
4(346 526 607 355)
4(525 606 607 526)
4(354 355 607 606)
4(347 527 608 356)
4(526 607 608 527)
4(355 356 608 607)
4(348 528 609 357)
4(527 608 609 528)
4(356 357 609 608)
4(349 529 610 358)
4(528 609 610 529)
4(357 358 610 609)
4(529 610 242 232)
4(358 241 242 610)
4(521 530 611 602)
4(12 22 611 530)
4(21 602 611 22)
4(522 531 612 603)
4(530 611 612 531)
4(602 603 612 611)
4(523 532 613 604)
4(531 612 613 532)
4(603 604 613 612)
4(524 533 614 605)
4(532 613 614 533)
4(604 605 614 613)
4(525 534 615 606)
4(533 614 615 534)
4(605 606 615 614)
4(526 535 616 607)
4(534 615 616 535)
4(606 607 616 615)
4(527 536 617 608)
4(535 616 617 536)
4(607 608 617 616)
4(528 537 618 609)
4(536 617 618 537)
4(608 609 618 617)
4(529 538 619 610)
4(537 618 619 538)
4(609 610 619 618)
4(538 619 243 233)
4(610 242 243 619)
4(530 539 620 611)
4(13 23 620 539)
4(22 611 620 23)
4(531 540 621 612)
4(539 620 621 540)
4(611 612 621 620)
4(532 541 622 613)
4(540 621 622 541)
4(612 613 622 621)
4(533 542 623 614)
4(541 622 623 542)
4(613 614 623 622)
4(534 543 624 615)
4(542 623 624 543)
4(614 615 624 623)
4(535 544 625 616)
4(543 624 625 544)
4(615 616 625 624)
4(536 545 626 617)
4(544 625 626 545)
4(616 617 626 625)
4(537 546 627 618)
4(545 626 627 546)
4(617 618 627 626)
4(538 547 628 619)
4(546 627 628 547)
4(618 619 628 627)
4(547 628 244 234)
4(619 243 244 628)
4(539 548 629 620)
4(14 24 629 548)
4(23 620 629 24)
4(540 549 630 621)
4(548 629 630 549)
4(620 621 630 629)
4(541 550 631 622)
4(549 630 631 550)
4(621 622 631 630)
4(542 551 632 623)
4(550 631 632 551)
4(622 623 632 631)
4(543 552 633 624)
4(551 632 633 552)
4(623 624 633 632)
4(544 553 634 625)
4(552 633 634 553)
4(624 625 634 633)
4(545 554 635 626)
4(553 634 635 554)
4(625 626 635 634)
4(546 555 636 627)
4(554 635 636 555)
4(626 627 636 635)
4(547 556 637 628)
4(555 636 637 556)
4(627 628 637 636)
4(556 637 245 235)
4(628 244 245 637)
4(548 557 638 629)
4(15 25 638 557)
4(24 629 638 25)
4(549 558 639 630)
4(557 638 639 558)
4(629 630 639 638)
4(550 559 640 631)
4(558 639 640 559)
4(630 631 640 639)
4(551 560 641 632)
4(559 640 641 560)
4(631 632 641 640)
4(552 561 642 633)
4(560 641 642 561)
4(632 633 642 641)
4(553 562 643 634)
4(561 642 643 562)
4(633 634 643 642)
4(554 563 644 635)
4(562 643 644 563)
4(634 635 644 643)
4(555 564 645 636)
4(563 644 645 564)
4(635 636 645 644)
4(556 565 646 637)
4(564 645 646 565)
4(636 637 646 645)
4(565 646 246 236)
4(637 245 246 646)
4(557 566 647 638)
4(16 26 647 566)
4(25 638 647 26)
4(558 567 648 639)
4(566 647 648 567)
4(638 639 648 647)
4(559 568 649 640)
4(567 648 649 568)
4(639 640 649 648)
4(560 569 650 641)
4(568 649 650 569)
4(640 641 650 649)
4(561 570 651 642)
4(569 650 651 570)
4(641 642 651 650)
4(562 571 652 643)
4(570 651 652 571)
4(642 643 652 651)
4(563 572 653 644)
4(571 652 653 572)
4(643 644 653 652)
4(564 573 654 645)
4(572 653 654 573)
4(644 645 654 653)
4(565 574 655 646)
4(573 654 655 574)
4(645 646 655 654)
4(574 655 247 237)
4(646 246 247 655)
4(566 575 656 647)
4(17 27 656 575)
4(26 647 656 27)
4(567 576 657 648)
4(575 656 657 576)
4(647 648 657 656)
4(568 577 658 649)
4(576 657 658 577)
4(648 649 658 657)
4(569 578 659 650)
4(577 658 659 578)
4(649 650 659 658)
4(570 579 660 651)
4(578 659 660 579)
4(650 651 660 659)
4(571 580 661 652)
4(579 660 661 580)
4(651 652 661 660)
4(572 581 662 653)
4(580 661 662 581)
4(652 653 662 661)
4(573 582 663 654)
4(581 662 663 582)
4(653 654 663 662)
4(574 583 664 655)
4(582 663 664 583)
4(654 655 664 663)
4(583 664 248 238)
4(655 247 248 664)
4(575 584 665 656)
4(18 28 665 584)
4(27 656 665 28)
4(576 585 666 657)
4(584 665 666 585)
4(656 657 666 665)
4(577 586 667 658)
4(585 666 667 586)
4(657 658 667 666)
4(578 587 668 659)
4(586 667 668 587)
4(658 659 668 667)
4(579 588 669 660)
4(587 668 669 588)
4(659 660 669 668)
4(580 589 670 661)
4(588 669 670 589)
4(660 661 670 669)
4(581 590 671 662)
4(589 670 671 590)
4(661 662 671 670)
4(582 591 672 663)
4(590 671 672 591)
4(662 663 672 671)
4(583 592 673 664)
4(591 672 673 592)
4(663 664 673 672)
4(592 673 249 239)
4(664 248 249 673)
4(584 593 674 665)
4(19 29 674 593)
4(28 665 674 29)
4(585 594 675 666)
4(593 674 675 594)
4(665 666 675 674)
4(586 595 676 667)
4(594 675 676 595)
4(666 667 676 675)
4(587 596 677 668)
4(595 676 677 596)
4(667 668 677 676)
4(588 597 678 669)
4(596 677 678 597)
4(668 669 678 677)
4(589 598 679 670)
4(597 678 679 598)
4(669 670 679 678)
4(590 599 680 671)
4(598 679 680 599)
4(670 671 680 679)
4(591 600 681 672)
4(599 680 681 600)
4(671 672 681 680)
4(592 601 682 673)
4(600 681 682 601)
4(672 673 682 681)
4(601 682 250 240)
4(673 249 250 682)
4(593 121 131 674)
4(29 674 131 30)
4(594 122 132 675)
4(674 675 132 131)
4(595 123 133 676)
4(675 676 133 132)
4(596 124 134 677)
4(676 677 134 133)
4(597 125 135 678)
4(677 678 135 134)
4(598 126 136 679)
4(678 679 136 135)
4(599 127 137 680)
4(679 680 137 136)
4(600 128 138 681)
4(680 681 138 137)
4(601 129 139 682)
4(681 682 139 138)
4(682 250 140 139)
4(350 602 683 359)
4(21 31 683 602)
4(2 359 683 31)
4(351 603 684 360)
4(602 683 684 603)
4(359 360 684 683)
4(352 604 685 361)
4(603 684 685 604)
4(360 361 685 684)
4(353 605 686 362)
4(604 685 686 605)
4(361 362 686 685)
4(354 606 687 363)
4(605 686 687 606)
4(362 363 687 686)
4(355 607 688 364)
4(606 687 688 607)
4(363 364 688 687)
4(356 608 689 365)
4(607 688 689 608)
4(364 365 689 688)
4(357 609 690 366)
4(608 689 690 609)
4(365 366 690 689)
4(358 610 691 367)
4(609 690 691 610)
4(366 367 691 690)
4(610 691 252 242)
4(367 251 252 691)
4(602 611 692 683)
4(22 32 692 611)
4(31 683 692 32)
4(603 612 693 684)
4(611 692 693 612)
4(683 684 693 692)
4(604 613 694 685)
4(612 693 694 613)
4(684 685 694 693)
4(605 614 695 686)
4(613 694 695 614)
4(685 686 695 694)
4(606 615 696 687)
4(614 695 696 615)
4(686 687 696 695)
4(607 616 697 688)
4(615 696 697 616)
4(687 688 697 696)
4(608 617 698 689)
4(616 697 698 617)
4(688 689 698 697)
4(609 618 699 690)
4(617 698 699 618)
4(689 690 699 698)
4(610 619 700 691)
4(618 699 700 619)
4(690 691 700 699)
4(619 700 253 243)
4(691 252 253 700)
4(611 620 701 692)
4(23 33 701 620)
4(32 692 701 33)
4(612 621 702 693)
4(620 701 702 621)
4(692 693 702 701)
4(613 622 703 694)
4(621 702 703 622)
4(693 694 703 702)
4(614 623 704 695)
4(622 703 704 623)
4(694 695 704 703)
4(615 624 705 696)
4(623 704 705 624)
4(695 696 705 704)
4(616 625 706 697)
4(624 705 706 625)
4(696 697 706 705)
4(617 626 707 698)
4(625 706 707 626)
4(697 698 707 706)
4(618 627 708 699)
4(626 707 708 627)
4(698 699 708 707)
4(619 628 709 700)
4(627 708 709 628)
4(699 700 709 708)
4(628 709 254 244)
4(700 253 254 709)
4(620 629 710 701)
4(24 34 710 629)
4(33 701 710 34)
4(621 630 711 702)
4(629 710 711 630)
4(701 702 711 710)
4(622 631 712 703)
4(630 711 712 631)
4(702 703 712 711)
4(623 632 713 704)
4(631 712 713 632)
4(703 704 713 712)
4(624 633 714 705)
4(632 713 714 633)
4(704 705 714 713)
4(625 634 715 706)
4(633 714 715 634)
4(705 706 715 714)
4(626 635 716 707)
4(634 715 716 635)
4(706 707 716 715)
4(627 636 717 708)
4(635 716 717 636)
4(707 708 717 716)
4(628 637 718 709)
4(636 717 718 637)
4(708 709 718 717)
4(637 718 255 245)
4(709 254 255 718)
4(629 638 719 710)
4(25 35 719 638)
4(34 710 719 35)
4(630 639 720 711)
4(638 719 720 639)
4(710 711 720 719)
4(631 640 721 712)
4(639 720 721 640)
4(711 712 721 720)
4(632 641 722 713)
4(640 721 722 641)
4(712 713 722 721)
4(633 642 723 714)
4(641 722 723 642)
4(713 714 723 722)
4(634 643 724 715)
4(642 723 724 643)
4(714 715 724 723)
4(635 644 725 716)
4(643 724 725 644)
4(715 716 725 724)
4(636 645 726 717)
4(644 725 726 645)
4(716 717 726 725)
4(637 646 727 718)
4(645 726 727 646)
4(717 718 727 726)
4(646 727 256 246)
4(718 255 256 727)
4(638 647 728 719)
4(26 36 728 647)
4(35 719 728 36)
4(639 648 729 720)
4(647 728 729 648)
4(719 720 729 728)
4(640 649 730 721)
4(648 729 730 649)
4(720 721 730 729)
4(641 650 731 722)
4(649 730 731 650)
4(721 722 731 730)
4(642 651 732 723)
4(650 731 732 651)
4(722 723 732 731)
4(643 652 733 724)
4(651 732 733 652)
4(723 724 733 732)
4(644 653 734 725)
4(652 733 734 653)
4(724 725 734 733)
4(645 654 735 726)
4(653 734 735 654)
4(725 726 735 734)
4(646 655 736 727)
4(654 735 736 655)
4(726 727 736 735)
4(655 736 257 247)
4(727 256 257 736)
4(647 656 737 728)
4(27 37 737 656)
4(36 728 737 37)
4(648 657 738 729)
4(656 737 738 657)
4(728 729 738 737)
4(649 658 739 730)
4(657 738 739 658)
4(729 730 739 738)
4(650 659 740 731)
4(658 739 740 659)
4(730 731 740 739)
4(651 660 741 732)
4(659 740 741 660)
4(731 732 741 740)
4(652 661 742 733)
4(660 741 742 661)
4(732 733 742 741)
4(653 662 743 734)
4(661 742 743 662)
4(733 734 743 742)
4(654 663 744 735)
4(662 743 744 663)
4(734 735 744 743)
4(655 664 745 736)
4(663 744 745 664)
4(735 736 745 744)
4(664 745 258 248)
4(736 257 258 745)
4(656 665 746 737)
4(28 38 746 665)
4(37 737 746 38)
4(657 666 747 738)
4(665 746 747 666)
4(737 738 747 746)
4(658 667 748 739)
4(666 747 748 667)
4(738 739 748 747)
4(659 668 749 740)
4(667 748 749 668)
4(739 740 749 748)
4(660 669 750 741)
4(668 749 750 669)
4(740 741 750 749)
4(661 670 751 742)
4(669 750 751 670)
4(741 742 751 750)
4(662 671 752 743)
4(670 751 752 671)
4(742 743 752 751)
4(663 672 753 744)
4(671 752 753 672)
4(743 744 753 752)
4(664 673 754 745)
4(672 753 754 673)
4(744 745 754 753)
4(673 754 259 249)
4(745 258 259 754)
4(665 674 755 746)
4(29 39 755 674)
4(38 746 755 39)
4(666 675 756 747)
4(674 755 756 675)
4(746 747 756 755)
4(667 676 757 748)
4(675 756 757 676)
4(747 748 757 756)
4(668 677 758 749)
4(676 757 758 677)
4(748 749 758 757)
4(669 678 759 750)
4(677 758 759 678)
4(749 750 759 758)
4(670 679 760 751)
4(678 759 760 679)
4(750 751 760 759)
4(671 680 761 752)
4(679 760 761 680)
4(751 752 761 760)
4(672 681 762 753)
4(680 761 762 681)
4(752 753 762 761)
4(673 682 763 754)
4(681 762 763 682)
4(753 754 763 762)
4(682 763 260 250)
4(754 259 260 763)
4(674 131 141 755)
4(39 755 141 40)
4(675 132 142 756)
4(755 756 142 141)
4(676 133 143 757)
4(756 757 143 142)
4(677 134 144 758)
4(757 758 144 143)
4(678 135 145 759)
4(758 759 145 144)
4(679 136 146 760)
4(759 760 146 145)
4(680 137 147 761)
4(760 761 147 146)
4(681 138 148 762)
4(761 762 148 147)
4(682 139 149 763)
4(762 763 149 148)
4(763 260 150 149)
4(359 683 764 368)
4(31 41 764 683)
4(3 368 764 41)
4(360 684 765 369)
4(683 764 765 684)
4(368 369 765 764)
4(361 685 766 370)
4(684 765 766 685)
4(369 370 766 765)
4(362 686 767 371)
4(685 766 767 686)
4(370 371 767 766)
4(363 687 768 372)
4(686 767 768 687)
4(371 372 768 767)
4(364 688 769 373)
4(687 768 769 688)
4(372 373 769 768)
4(365 689 770 374)
4(688 769 770 689)
4(373 374 770 769)
4(366 690 771 375)
4(689 770 771 690)
4(374 375 771 770)
4(367 691 772 376)
4(690 771 772 691)
4(375 376 772 771)
4(691 772 262 252)
4(376 261 262 772)
4(683 692 773 764)
4(32 42 773 692)
4(41 764 773 42)
4(684 693 774 765)
4(692 773 774 693)
4(764 765 774 773)
4(685 694 775 766)
4(693 774 775 694)
4(765 766 775 774)
4(686 695 776 767)
4(694 775 776 695)
4(766 767 776 775)
4(687 696 777 768)
4(695 776 777 696)
4(767 768 777 776)
4(688 697 778 769)
4(696 777 778 697)
4(768 769 778 777)
4(689 698 779 770)
4(697 778 779 698)
4(769 770 779 778)
4(690 699 780 771)
4(698 779 780 699)
4(770 771 780 779)
4(691 700 781 772)
4(699 780 781 700)
4(771 772 781 780)
4(700 781 263 253)
4(772 262 263 781)
4(692 701 782 773)
4(33 43 782 701)
4(42 773 782 43)
4(693 702 783 774)
4(701 782 783 702)
4(773 774 783 782)
4(694 703 784 775)
4(702 783 784 703)
4(774 775 784 783)
4(695 704 785 776)
4(703 784 785 704)
4(775 776 785 784)
4(696 705 786 777)
4(704 785 786 705)
4(776 777 786 785)
4(697 706 787 778)
4(705 786 787 706)
4(777 778 787 786)
4(698 707 788 779)
4(706 787 788 707)
4(778 779 788 787)
4(699 708 789 780)
4(707 788 789 708)
4(779 780 789 788)
4(700 709 790 781)
4(708 789 790 709)
4(780 781 790 789)
4(709 790 264 254)
4(781 263 264 790)
4(701 710 791 782)
4(34 44 791 710)
4(43 782 791 44)
4(702 711 792 783)
4(710 791 792 711)
4(782 783 792 791)
4(703 712 793 784)
4(711 792 793 712)
4(783 784 793 792)
4(704 713 794 785)
4(712 793 794 713)
4(784 785 794 793)
4(705 714 795 786)
4(713 794 795 714)
4(785 786 795 794)
4(706 715 796 787)
4(714 795 796 715)
4(786 787 796 795)
4(707 716 797 788)
4(715 796 797 716)
4(787 788 797 796)
4(708 717 798 789)
4(716 797 798 717)
4(788 789 798 797)
4(709 718 799 790)
4(717 798 799 718)
4(789 790 799 798)
4(718 799 265 255)
4(790 264 265 799)
4(710 719 800 791)
4(35 45 800 719)
4(44 791 800 45)
4(711 720 801 792)
4(719 800 801 720)
4(791 792 801 800)
4(712 721 802 793)
4(720 801 802 721)
4(792 793 802 801)
4(713 722 803 794)
4(721 802 803 722)
4(793 794 803 802)
4(714 723 804 795)
4(722 803 804 723)
4(794 795 804 803)
4(715 724 805 796)
4(723 804 805 724)
4(795 796 805 804)
4(716 725 806 797)
4(724 805 806 725)
4(796 797 806 805)
4(717 726 807 798)
4(725 806 807 726)
4(797 798 807 806)
4(718 727 808 799)
4(726 807 808 727)
4(798 799 808 807)
4(727 808 266 256)
4(799 265 266 808)
4(719 728 809 800)
4(36 46 809 728)
4(45 800 809 46)
4(720 729 810 801)
4(728 809 810 729)
4(800 801 810 809)
4(721 730 811 802)
4(729 810 811 730)
4(801 802 811 810)
4(722 731 812 803)
4(730 811 812 731)
4(802 803 812 811)
4(723 732 813 804)
4(731 812 813 732)
4(803 804 813 812)
4(724 733 814 805)
4(732 813 814 733)
4(804 805 814 813)
4(725 734 815 806)
4(733 814 815 734)
4(805 806 815 814)
4(726 735 816 807)
4(734 815 816 735)
4(806 807 816 815)
4(727 736 817 808)
4(735 816 817 736)
4(807 808 817 816)
4(736 817 267 257)
4(808 266 267 817)
4(728 737 818 809)
4(37 47 818 737)
4(46 809 818 47)
4(729 738 819 810)
4(737 818 819 738)
4(809 810 819 818)
4(730 739 820 811)
4(738 819 820 739)
4(810 811 820 819)
4(731 740 821 812)
4(739 820 821 740)
4(811 812 821 820)
4(732 741 822 813)
4(740 821 822 741)
4(812 813 822 821)
4(733 742 823 814)
4(741 822 823 742)
4(813 814 823 822)
4(734 743 824 815)
4(742 823 824 743)
4(814 815 824 823)
4(735 744 825 816)
4(743 824 825 744)
4(815 816 825 824)
4(736 745 826 817)
4(744 825 826 745)
4(816 817 826 825)
4(745 826 268 258)
4(817 267 268 826)
4(737 746 827 818)
4(38 48 827 746)
4(47 818 827 48)
4(738 747 828 819)
4(746 827 828 747)
4(818 819 828 827)
4(739 748 829 820)
4(747 828 829 748)
4(819 820 829 828)
4(740 749 830 821)
4(748 829 830 749)
4(820 821 830 829)
4(741 750 831 822)
4(749 830 831 750)
4(821 822 831 830)
4(742 751 832 823)
4(750 831 832 751)
4(822 823 832 831)
4(743 752 833 824)
4(751 832 833 752)
4(823 824 833 832)
4(744 753 834 825)
4(752 833 834 753)
4(824 825 834 833)
4(745 754 835 826)
4(753 834 835 754)
4(825 826 835 834)
4(754 835 269 259)
4(826 268 269 835)
4(746 755 836 827)
4(39 49 836 755)
4(48 827 836 49)
4(747 756 837 828)
4(755 836 837 756)
4(827 828 837 836)
4(748 757 838 829)
4(756 837 838 757)
4(828 829 838 837)
4(749 758 839 830)
4(757 838 839 758)
4(829 830 839 838)
4(750 759 840 831)
4(758 839 840 759)
4(830 831 840 839)
4(751 760 841 832)
4(759 840 841 760)
4(831 832 841 840)
4(752 761 842 833)
4(760 841 842 761)
4(832 833 842 841)
4(753 762 843 834)
4(761 842 843 762)
4(833 834 843 842)
4(754 763 844 835)
4(762 843 844 763)
4(834 835 844 843)
4(763 844 270 260)
4(835 269 270 844)
4(755 141 151 836)
4(49 836 151 50)
4(756 142 152 837)
4(836 837 152 151)
4(757 143 153 838)
4(837 838 153 152)
4(758 144 154 839)
4(838 839 154 153)
4(759 145 155 840)
4(839 840 155 154)
4(760 146 156 841)
4(840 841 156 155)
4(761 147 157 842)
4(841 842 157 156)
4(762 148 158 843)
4(842 843 158 157)
4(763 149 159 844)
4(843 844 159 158)
4(844 270 160 159)
4(368 764 845 377)
4(41 51 845 764)
4(4 377 845 51)
4(369 765 846 378)
4(764 845 846 765)
4(377 378 846 845)
4(370 766 847 379)
4(765 846 847 766)
4(378 379 847 846)
4(371 767 848 380)
4(766 847 848 767)
4(379 380 848 847)
4(372 768 849 381)
4(767 848 849 768)
4(380 381 849 848)
4(373 769 850 382)
4(768 849 850 769)
4(381 382 850 849)
4(374 770 851 383)
4(769 850 851 770)
4(382 383 851 850)
4(375 771 852 384)
4(770 851 852 771)
4(383 384 852 851)
4(376 772 853 385)
4(771 852 853 772)
4(384 385 853 852)
4(772 853 272 262)
4(385 271 272 853)
4(764 773 854 845)
4(42 52 854 773)
4(51 845 854 52)
4(765 774 855 846)
4(773 854 855 774)
4(845 846 855 854)
4(766 775 856 847)
4(774 855 856 775)
4(846 847 856 855)
4(767 776 857 848)
4(775 856 857 776)
4(847 848 857 856)
4(768 777 858 849)
4(776 857 858 777)
4(848 849 858 857)
4(769 778 859 850)
4(777 858 859 778)
4(849 850 859 858)
4(770 779 860 851)
4(778 859 860 779)
4(850 851 860 859)
4(771 780 861 852)
4(779 860 861 780)
4(851 852 861 860)
4(772 781 862 853)
4(780 861 862 781)
4(852 853 862 861)
4(781 862 273 263)
4(853 272 273 862)
4(773 782 863 854)
4(43 53 863 782)
4(52 854 863 53)
4(774 783 864 855)
4(782 863 864 783)
4(854 855 864 863)
4(775 784 865 856)
4(783 864 865 784)
4(855 856 865 864)
4(776 785 866 857)
4(784 865 866 785)
4(856 857 866 865)
4(777 786 867 858)
4(785 866 867 786)
4(857 858 867 866)
4(778 787 868 859)
4(786 867 868 787)
4(858 859 868 867)
4(779 788 869 860)
4(787 868 869 788)
4(859 860 869 868)
4(780 789 870 861)
4(788 869 870 789)
4(860 861 870 869)
4(781 790 871 862)
4(789 870 871 790)
4(861 862 871 870)
4(790 871 274 264)
4(862 273 274 871)
4(782 791 872 863)
4(44 54 872 791)
4(53 863 872 54)
4(783 792 873 864)
4(791 872 873 792)
4(863 864 873 872)
4(784 793 874 865)
4(792 873 874 793)
4(864 865 874 873)
4(785 794 875 866)
4(793 874 875 794)
4(865 866 875 874)
4(786 795 876 867)
4(794 875 876 795)
4(866 867 876 875)
4(787 796 877 868)
4(795 876 877 796)
4(867 868 877 876)
4(788 797 878 869)
4(796 877 878 797)
4(868 869 878 877)
4(789 798 879 870)
4(797 878 879 798)
4(869 870 879 878)
4(790 799 880 871)
4(798 879 880 799)
4(870 871 880 879)
4(799 880 275 265)
4(871 274 275 880)
4(791 800 881 872)
4(45 55 881 800)
4(54 872 881 55)
4(792 801 882 873)
4(800 881 882 801)
4(872 873 882 881)
4(793 802 883 874)
4(801 882 883 802)
4(873 874 883 882)
4(794 803 884 875)
4(802 883 884 803)
4(874 875 884 883)
4(795 804 885 876)
4(803 884 885 804)
4(875 876 885 884)
4(796 805 886 877)
4(804 885 886 805)
4(876 877 886 885)
4(797 806 887 878)
4(805 886 887 806)
4(877 878 887 886)
4(798 807 888 879)
4(806 887 888 807)
4(878 879 888 887)
4(799 808 889 880)
4(807 888 889 808)
4(879 880 889 888)
4(808 889 276 266)
4(880 275 276 889)
4(800 809 890 881)
4(46 56 890 809)
4(55 881 890 56)
4(801 810 891 882)
4(809 890 891 810)
4(881 882 891 890)
4(802 811 892 883)
4(810 891 892 811)
4(882 883 892 891)
4(803 812 893 884)
4(811 892 893 812)
4(883 884 893 892)
4(804 813 894 885)
4(812 893 894 813)
4(884 885 894 893)
4(805 814 895 886)
4(813 894 895 814)
4(885 886 895 894)
4(806 815 896 887)
4(814 895 896 815)
4(886 887 896 895)
4(807 816 897 888)
4(815 896 897 816)
4(887 888 897 896)
4(808 817 898 889)
4(816 897 898 817)
4(888 889 898 897)
4(817 898 277 267)
4(889 276 277 898)
4(809 818 899 890)
4(47 57 899 818)
4(56 890 899 57)
4(810 819 900 891)
4(818 899 900 819)
4(890 891 900 899)
4(811 820 901 892)
4(819 900 901 820)
4(891 892 901 900)
4(812 821 902 893)
4(820 901 902 821)
4(892 893 902 901)
4(813 822 903 894)
4(821 902 903 822)
4(893 894 903 902)
4(814 823 904 895)
4(822 903 904 823)
4(894 895 904 903)
4(815 824 905 896)
4(823 904 905 824)
4(895 896 905 904)
4(816 825 906 897)
4(824 905 906 825)
4(896 897 906 905)
4(817 826 907 898)
4(825 906 907 826)
4(897 898 907 906)
4(826 907 278 268)
4(898 277 278 907)
4(818 827 908 899)
4(48 58 908 827)
4(57 899 908 58)
4(819 828 909 900)
4(827 908 909 828)
4(899 900 909 908)
4(820 829 910 901)
4(828 909 910 829)
4(900 901 910 909)
4(821 830 911 902)
4(829 910 911 830)
4(901 902 911 910)
4(822 831 912 903)
4(830 911 912 831)
4(902 903 912 911)
4(823 832 913 904)
4(831 912 913 832)
4(903 904 913 912)
4(824 833 914 905)
4(832 913 914 833)
4(904 905 914 913)
4(825 834 915 906)
4(833 914 915 834)
4(905 906 915 914)
4(826 835 916 907)
4(834 915 916 835)
4(906 907 916 915)
4(835 916 279 269)
4(907 278 279 916)
4(827 836 917 908)
4(49 59 917 836)
4(58 908 917 59)
4(828 837 918 909)
4(836 917 918 837)
4(908 909 918 917)
4(829 838 919 910)
4(837 918 919 838)
4(909 910 919 918)
4(830 839 920 911)
4(838 919 920 839)
4(910 911 920 919)
4(831 840 921 912)
4(839 920 921 840)
4(911 912 921 920)
4(832 841 922 913)
4(840 921 922 841)
4(912 913 922 921)
4(833 842 923 914)
4(841 922 923 842)
4(913 914 923 922)
4(834 843 924 915)
4(842 923 924 843)
4(914 915 924 923)
4(835 844 925 916)
4(843 924 925 844)
4(915 916 925 924)
4(844 925 280 270)
4(916 279 280 925)
4(836 151 161 917)
4(59 917 161 60)
4(837 152 162 918)
4(917 918 162 161)
4(838 153 163 919)
4(918 919 163 162)
4(839 154 164 920)
4(919 920 164 163)
4(840 155 165 921)
4(920 921 165 164)
4(841 156 166 922)
4(921 922 166 165)
4(842 157 167 923)
4(922 923 167 166)
4(843 158 168 924)
4(923 924 168 167)
4(844 159 169 925)
4(924 925 169 168)
4(925 280 170 169)
4(377 845 926 386)
4(51 61 926 845)
4(5 386 926 61)
4(378 846 927 387)
4(845 926 927 846)
4(386 387 927 926)
4(379 847 928 388)
4(846 927 928 847)
4(387 388 928 927)
4(380 848 929 389)
4(847 928 929 848)
4(388 389 929 928)
4(381 849 930 390)
4(848 929 930 849)
4(389 390 930 929)
4(382 850 931 391)
4(849 930 931 850)
4(390 391 931 930)
4(383 851 932 392)
4(850 931 932 851)
4(391 392 932 931)
4(384 852 933 393)
4(851 932 933 852)
4(392 393 933 932)
4(385 853 934 394)
4(852 933 934 853)
4(393 394 934 933)
4(853 934 282 272)
4(394 281 282 934)
4(845 854 935 926)
4(52 62 935 854)
4(61 926 935 62)
4(846 855 936 927)
4(854 935 936 855)
4(926 927 936 935)
4(847 856 937 928)
4(855 936 937 856)
4(927 928 937 936)
4(848 857 938 929)
4(856 937 938 857)
4(928 929 938 937)
4(849 858 939 930)
4(857 938 939 858)
4(929 930 939 938)
4(850 859 940 931)
4(858 939 940 859)
4(930 931 940 939)
4(851 860 941 932)
4(859 940 941 860)
4(931 932 941 940)
4(852 861 942 933)
4(860 941 942 861)
4(932 933 942 941)
4(853 862 943 934)
4(861 942 943 862)
4(933 934 943 942)
4(862 943 283 273)
4(934 282 283 943)
4(854 863 944 935)
4(53 63 944 863)
4(62 935 944 63)
4(855 864 945 936)
4(863 944 945 864)
4(935 936 945 944)
4(856 865 946 937)
4(864 945 946 865)
4(936 937 946 945)
4(857 866 947 938)
4(865 946 947 866)
4(937 938 947 946)
4(858 867 948 939)
4(866 947 948 867)
4(938 939 948 947)
4(859 868 949 940)
4(867 948 949 868)
4(939 940 949 948)
4(860 869 950 941)
4(868 949 950 869)
4(940 941 950 949)
4(861 870 951 942)
4(869 950 951 870)
4(941 942 951 950)
4(862 871 952 943)
4(870 951 952 871)
4(942 943 952 951)
4(871 952 284 274)
4(943 283 284 952)
4(863 872 953 944)
4(54 64 953 872)
4(63 944 953 64)
4(864 873 954 945)
4(872 953 954 873)
4(944 945 954 953)
4(865 874 955 946)
4(873 954 955 874)
4(945 946 955 954)
4(866 875 956 947)
4(874 955 956 875)
4(946 947 956 955)
4(867 876 957 948)
4(875 956 957 876)
4(947 948 957 956)
4(868 877 958 949)
4(876 957 958 877)
4(948 949 958 957)
4(869 878 959 950)
4(877 958 959 878)
4(949 950 959 958)
4(870 879 960 951)
4(878 959 960 879)
4(950 951 960 959)
4(871 880 961 952)
4(879 960 961 880)
4(951 952 961 960)
4(880 961 285 275)
4(952 284 285 961)
4(872 881 962 953)
4(55 65 962 881)
4(64 953 962 65)
4(873 882 963 954)
4(881 962 963 882)
4(953 954 963 962)
4(874 883 964 955)
4(882 963 964 883)
4(954 955 964 963)
4(875 884 965 956)
4(883 964 965 884)
4(955 956 965 964)
4(876 885 966 957)
4(884 965 966 885)
4(956 957 966 965)
4(877 886 967 958)
4(885 966 967 886)
4(957 958 967 966)
4(878 887 968 959)
4(886 967 968 887)
4(958 959 968 967)
4(879 888 969 960)
4(887 968 969 888)
4(959 960 969 968)
4(880 889 970 961)
4(888 969 970 889)
4(960 961 970 969)
4(889 970 286 276)
4(961 285 286 970)
4(881 890 971 962)
4(56 66 971 890)
4(65 962 971 66)
4(882 891 972 963)
4(890 971 972 891)
4(962 963 972 971)
4(883 892 973 964)
4(891 972 973 892)
4(963 964 973 972)
4(884 893 974 965)
4(892 973 974 893)
4(964 965 974 973)
4(885 894 975 966)
4(893 974 975 894)
4(965 966 975 974)
4(886 895 976 967)
4(894 975 976 895)
4(966 967 976 975)
4(887 896 977 968)
4(895 976 977 896)
4(967 968 977 976)
4(888 897 978 969)
4(896 977 978 897)
4(968 969 978 977)
4(889 898 979 970)
4(897 978 979 898)
4(969 970 979 978)
4(898 979 287 277)
4(970 286 287 979)
4(890 899 980 971)
4(57 67 980 899)
4(66 971 980 67)
4(891 900 981 972)
4(899 980 981 900)
4(971 972 981 980)
4(892 901 982 973)
4(900 981 982 901)
4(972 973 982 981)
4(893 902 983 974)
4(901 982 983 902)
4(973 974 983 982)
4(894 903 984 975)
4(902 983 984 903)
4(974 975 984 983)
4(895 904 985 976)
4(903 984 985 904)
4(975 976 985 984)
4(896 905 986 977)
4(904 985 986 905)
4(976 977 986 985)
4(897 906 987 978)
4(905 986 987 906)
4(977 978 987 986)
4(898 907 988 979)
4(906 987 988 907)
4(978 979 988 987)
4(907 988 288 278)
4(979 287 288 988)
4(899 908 989 980)
4(58 68 989 908)
4(67 980 989 68)
4(900 909 990 981)
4(908 989 990 909)
4(980 981 990 989)
4(901 910 991 982)
4(909 990 991 910)
4(981 982 991 990)
4(902 911 992 983)
4(910 991 992 911)
4(982 983 992 991)
4(903 912 993 984)
4(911 992 993 912)
4(983 984 993 992)
4(904 913 994 985)
4(912 993 994 913)
4(984 985 994 993)
4(905 914 995 986)
4(913 994 995 914)
4(985 986 995 994)
4(906 915 996 987)
4(914 995 996 915)
4(986 987 996 995)
4(907 916 997 988)
4(915 996 997 916)
4(987 988 997 996)
4(916 997 289 279)
4(988 288 289 997)
4(908 917 998 989)
4(59 69 998 917)
4(68 989 998 69)
4(909 918 999 990)
4(917 998 999 918)
4(989 990 999 998)
4(910 919 1000 991)
4(918 999 1000 919)
4(990 991 1000 999)
4(911 920 1001 992)
4(919 1000 1001 920)
4(991 992 1001 1000)
4(912 921 1002 993)
4(920 1001 1002 921)
4(992 993 1002 1001)
4(913 922 1003 994)
4(921 1002 1003 922)
4(993 994 1003 1002)
4(914 923 1004 995)
4(922 1003 1004 923)
4(994 995 1004 1003)
4(915 924 1005 996)
4(923 1004 1005 924)
4(995 996 1005 1004)
4(916 925 1006 997)
4(924 1005 1006 925)
4(996 997 1006 1005)
4(925 1006 290 280)
4(997 289 290 1006)
4(917 161 171 998)
4(69 998 171 70)
4(918 162 172 999)
4(998 999 172 171)
4(919 163 173 1000)
4(999 1000 173 172)
4(920 164 174 1001)
4(1000 1001 174 173)
4(921 165 175 1002)
4(1001 1002 175 174)
4(922 166 176 1003)
4(1002 1003 176 175)
4(923 167 177 1004)
4(1003 1004 177 176)
4(924 168 178 1005)
4(1004 1005 178 177)
4(925 169 179 1006)
4(1005 1006 179 178)
4(1006 290 180 179)
4(386 926 1007 395)
4(61 71 1007 926)
4(6 395 1007 71)
4(387 927 1008 396)
4(926 1007 1008 927)
4(395 396 1008 1007)
4(388 928 1009 397)
4(927 1008 1009 928)
4(396 397 1009 1008)
4(389 929 1010 398)
4(928 1009 1010 929)
4(397 398 1010 1009)
4(390 930 1011 399)
4(929 1010 1011 930)
4(398 399 1011 1010)
4(391 931 1012 400)
4(930 1011 1012 931)
4(399 400 1012 1011)
4(392 932 1013 401)
4(931 1012 1013 932)
4(400 401 1013 1012)
4(393 933 1014 402)
4(932 1013 1014 933)
4(401 402 1014 1013)
4(394 934 1015 403)
4(933 1014 1015 934)
4(402 403 1015 1014)
4(934 1015 292 282)
4(403 291 292 1015)
4(926 935 1016 1007)
4(62 72 1016 935)
4(71 1007 1016 72)
4(927 936 1017 1008)
4(935 1016 1017 936)
4(1007 1008 1017 1016)
4(928 937 1018 1009)
4(936 1017 1018 937)
4(1008 1009 1018 1017)
4(929 938 1019 1010)
4(937 1018 1019 938)
4(1009 1010 1019 1018)
4(930 939 1020 1011)
4(938 1019 1020 939)
4(1010 1011 1020 1019)
4(931 940 1021 1012)
4(939 1020 1021 940)
4(1011 1012 1021 1020)
4(932 941 1022 1013)
4(940 1021 1022 941)
4(1012 1013 1022 1021)
4(933 942 1023 1014)
4(941 1022 1023 942)
4(1013 1014 1023 1022)
4(934 943 1024 1015)
4(942 1023 1024 943)
4(1014 1015 1024 1023)
4(943 1024 293 283)
4(1015 292 293 1024)
4(935 944 1025 1016)
4(63 73 1025 944)
4(72 1016 1025 73)
4(936 945 1026 1017)
4(944 1025 1026 945)
4(1016 1017 1026 1025)
4(937 946 1027 1018)
4(945 1026 1027 946)
4(1017 1018 1027 1026)
4(938 947 1028 1019)
4(946 1027 1028 947)
4(1018 1019 1028 1027)
4(939 948 1029 1020)
4(947 1028 1029 948)
4(1019 1020 1029 1028)
4(940 949 1030 1021)
4(948 1029 1030 949)
4(1020 1021 1030 1029)
4(941 950 1031 1022)
4(949 1030 1031 950)
4(1021 1022 1031 1030)
4(942 951 1032 1023)
4(950 1031 1032 951)
4(1022 1023 1032 1031)
4(943 952 1033 1024)
4(951 1032 1033 952)
4(1023 1024 1033 1032)
4(952 1033 294 284)
4(1024 293 294 1033)
4(944 953 1034 1025)
4(64 74 1034 953)
4(73 1025 1034 74)
4(945 954 1035 1026)
4(953 1034 1035 954)
4(1025 1026 1035 1034)
4(946 955 1036 1027)
4(954 1035 1036 955)
4(1026 1027 1036 1035)
4(947 956 1037 1028)
4(955 1036 1037 956)
4(1027 1028 1037 1036)
4(948 957 1038 1029)
4(956 1037 1038 957)
4(1028 1029 1038 1037)
4(949 958 1039 1030)
4(957 1038 1039 958)
4(1029 1030 1039 1038)
4(950 959 1040 1031)
4(958 1039 1040 959)
4(1030 1031 1040 1039)
4(951 960 1041 1032)
4(959 1040 1041 960)
4(1031 1032 1041 1040)
4(952 961 1042 1033)
4(960 1041 1042 961)
4(1032 1033 1042 1041)
4(961 1042 295 285)
4(1033 294 295 1042)
4(953 962 1043 1034)
4(65 75 1043 962)
4(74 1034 1043 75)
4(954 963 1044 1035)
4(962 1043 1044 963)
4(1034 1035 1044 1043)
4(955 964 1045 1036)
4(963 1044 1045 964)
4(1035 1036 1045 1044)
4(956 965 1046 1037)
4(964 1045 1046 965)
4(1036 1037 1046 1045)
4(957 966 1047 1038)
4(965 1046 1047 966)
4(1037 1038 1047 1046)
4(958 967 1048 1039)
4(966 1047 1048 967)
4(1038 1039 1048 1047)
4(959 968 1049 1040)
4(967 1048 1049 968)
4(1039 1040 1049 1048)
4(960 969 1050 1041)
4(968 1049 1050 969)
4(1040 1041 1050 1049)
4(961 970 1051 1042)
4(969 1050 1051 970)
4(1041 1042 1051 1050)
4(970 1051 296 286)
4(1042 295 296 1051)
4(962 971 1052 1043)
4(66 76 1052 971)
4(75 1043 1052 76)
4(963 972 1053 1044)
4(971 1052 1053 972)
4(1043 1044 1053 1052)
4(964 973 1054 1045)
4(972 1053 1054 973)
4(1044 1045 1054 1053)
4(965 974 1055 1046)
4(973 1054 1055 974)
4(1045 1046 1055 1054)
4(966 975 1056 1047)
4(974 1055 1056 975)
4(1046 1047 1056 1055)
4(967 976 1057 1048)
4(975 1056 1057 976)
4(1047 1048 1057 1056)
4(968 977 1058 1049)
4(976 1057 1058 977)
4(1048 1049 1058 1057)
4(969 978 1059 1050)
4(977 1058 1059 978)
4(1049 1050 1059 1058)
4(970 979 1060 1051)
4(978 1059 1060 979)
4(1050 1051 1060 1059)
4(979 1060 297 287)
4(1051 296 297 1060)
4(971 980 1061 1052)
4(67 77 1061 980)
4(76 1052 1061 77)
4(972 981 1062 1053)
4(980 1061 1062 981)
4(1052 1053 1062 1061)
4(973 982 1063 1054)
4(981 1062 1063 982)
4(1053 1054 1063 1062)
4(974 983 1064 1055)
4(982 1063 1064 983)
4(1054 1055 1064 1063)
4(975 984 1065 1056)
4(983 1064 1065 984)
4(1055 1056 1065 1064)
4(976 985 1066 1057)
4(984 1065 1066 985)
4(1056 1057 1066 1065)
4(977 986 1067 1058)
4(985 1066 1067 986)
4(1057 1058 1067 1066)
4(978 987 1068 1059)
4(986 1067 1068 987)
4(1058 1059 1068 1067)
4(979 988 1069 1060)
4(987 1068 1069 988)
4(1059 1060 1069 1068)
4(988 1069 298 288)
4(1060 297 298 1069)
4(980 989 1070 1061)
4(68 78 1070 989)
4(77 1061 1070 78)
4(981 990 1071 1062)
4(989 1070 1071 990)
4(1061 1062 1071 1070)
4(982 991 1072 1063)
4(990 1071 1072 991)
4(1062 1063 1072 1071)
4(983 992 1073 1064)
4(991 1072 1073 992)
4(1063 1064 1073 1072)
4(984 993 1074 1065)
4(992 1073 1074 993)
4(1064 1065 1074 1073)
4(985 994 1075 1066)
4(993 1074 1075 994)
4(1065 1066 1075 1074)
4(986 995 1076 1067)
4(994 1075 1076 995)
4(1066 1067 1076 1075)
4(987 996 1077 1068)
4(995 1076 1077 996)
4(1067 1068 1077 1076)
4(988 997 1078 1069)
4(996 1077 1078 997)
4(1068 1069 1078 1077)
4(997 1078 299 289)
4(1069 298 299 1078)
4(989 998 1079 1070)
4(69 79 1079 998)
4(78 1070 1079 79)
4(990 999 1080 1071)
4(998 1079 1080 999)
4(1070 1071 1080 1079)
4(991 1000 1081 1072)
4(999 1080 1081 1000)
4(1071 1072 1081 1080)
4(992 1001 1082 1073)
4(1000 1081 1082 1001)
4(1072 1073 1082 1081)
4(993 1002 1083 1074)
4(1001 1082 1083 1002)
4(1073 1074 1083 1082)
4(994 1003 1084 1075)
4(1002 1083 1084 1003)
4(1074 1075 1084 1083)
4(995 1004 1085 1076)
4(1003 1084 1085 1004)
4(1075 1076 1085 1084)
4(996 1005 1086 1077)
4(1004 1085 1086 1005)
4(1076 1077 1086 1085)
4(997 1006 1087 1078)
4(1005 1086 1087 1006)
4(1077 1078 1087 1086)
4(1006 1087 300 290)
4(1078 299 300 1087)
4(998 171 181 1079)
4(79 1079 181 80)
4(999 172 182 1080)
4(1079 1080 182 181)
4(1000 173 183 1081)
4(1080 1081 183 182)
4(1001 174 184 1082)
4(1081 1082 184 183)
4(1002 175 185 1083)
4(1082 1083 185 184)
4(1003 176 186 1084)
4(1083 1084 186 185)
4(1004 177 187 1085)
4(1084 1085 187 186)
4(1005 178 188 1086)
4(1085 1086 188 187)
4(1006 179 189 1087)
4(1086 1087 189 188)
4(1087 300 190 189)
4(395 1007 1088 404)
4(71 81 1088 1007)
4(7 404 1088 81)
4(396 1008 1089 405)
4(1007 1088 1089 1008)
4(404 405 1089 1088)
4(397 1009 1090 406)
4(1008 1089 1090 1009)
4(405 406 1090 1089)
4(398 1010 1091 407)
4(1009 1090 1091 1010)
4(406 407 1091 1090)
4(399 1011 1092 408)
4(1010 1091 1092 1011)
4(407 408 1092 1091)
4(400 1012 1093 409)
4(1011 1092 1093 1012)
4(408 409 1093 1092)
4(401 1013 1094 410)
4(1012 1093 1094 1013)
4(409 410 1094 1093)
4(402 1014 1095 411)
4(1013 1094 1095 1014)
4(410 411 1095 1094)
4(403 1015 1096 412)
4(1014 1095 1096 1015)
4(411 412 1096 1095)
4(1015 1096 302 292)
4(412 301 302 1096)
4(1007 1016 1097 1088)
4(72 82 1097 1016)
4(81 1088 1097 82)
4(1008 1017 1098 1089)
4(1016 1097 1098 1017)
4(1088 1089 1098 1097)
4(1009 1018 1099 1090)
4(1017 1098 1099 1018)
4(1089 1090 1099 1098)
4(1010 1019 1100 1091)
4(1018 1099 1100 1019)
4(1090 1091 1100 1099)
4(1011 1020 1101 1092)
4(1019 1100 1101 1020)
4(1091 1092 1101 1100)
4(1012 1021 1102 1093)
4(1020 1101 1102 1021)
4(1092 1093 1102 1101)
4(1013 1022 1103 1094)
4(1021 1102 1103 1022)
4(1093 1094 1103 1102)
4(1014 1023 1104 1095)
4(1022 1103 1104 1023)
4(1094 1095 1104 1103)
4(1015 1024 1105 1096)
4(1023 1104 1105 1024)
4(1095 1096 1105 1104)
4(1024 1105 303 293)
4(1096 302 303 1105)
4(1016 1025 1106 1097)
4(73 83 1106 1025)
4(82 1097 1106 83)
4(1017 1026 1107 1098)
4(1025 1106 1107 1026)
4(1097 1098 1107 1106)
4(1018 1027 1108 1099)
4(1026 1107 1108 1027)
4(1098 1099 1108 1107)
4(1019 1028 1109 1100)
4(1027 1108 1109 1028)
4(1099 1100 1109 1108)
4(1020 1029 1110 1101)
4(1028 1109 1110 1029)
4(1100 1101 1110 1109)
4(1021 1030 1111 1102)
4(1029 1110 1111 1030)
4(1101 1102 1111 1110)
4(1022 1031 1112 1103)
4(1030 1111 1112 1031)
4(1102 1103 1112 1111)
4(1023 1032 1113 1104)
4(1031 1112 1113 1032)
4(1103 1104 1113 1112)
4(1024 1033 1114 1105)
4(1032 1113 1114 1033)
4(1104 1105 1114 1113)
4(1033 1114 304 294)
4(1105 303 304 1114)
4(1025 1034 1115 1106)
4(74 84 1115 1034)
4(83 1106 1115 84)
4(1026 1035 1116 1107)
4(1034 1115 1116 1035)
4(1106 1107 1116 1115)
4(1027 1036 1117 1108)
4(1035 1116 1117 1036)
4(1107 1108 1117 1116)
4(1028 1037 1118 1109)
4(1036 1117 1118 1037)
4(1108 1109 1118 1117)
4(1029 1038 1119 1110)
4(1037 1118 1119 1038)
4(1109 1110 1119 1118)
4(1030 1039 1120 1111)
4(1038 1119 1120 1039)
4(1110 1111 1120 1119)
4(1031 1040 1121 1112)
4(1039 1120 1121 1040)
4(1111 1112 1121 1120)
4(1032 1041 1122 1113)
4(1040 1121 1122 1041)
4(1112 1113 1122 1121)
4(1033 1042 1123 1114)
4(1041 1122 1123 1042)
4(1113 1114 1123 1122)
4(1042 1123 305 295)
4(1114 304 305 1123)
4(1034 1043 1124 1115)
4(75 85 1124 1043)
4(84 1115 1124 85)
4(1035 1044 1125 1116)
4(1043 1124 1125 1044)
4(1115 1116 1125 1124)
4(1036 1045 1126 1117)
4(1044 1125 1126 1045)
4(1116 1117 1126 1125)
4(1037 1046 1127 1118)
4(1045 1126 1127 1046)
4(1117 1118 1127 1126)
4(1038 1047 1128 1119)
4(1046 1127 1128 1047)
4(1118 1119 1128 1127)
4(1039 1048 1129 1120)
4(1047 1128 1129 1048)
4(1119 1120 1129 1128)
4(1040 1049 1130 1121)
4(1048 1129 1130 1049)
4(1120 1121 1130 1129)
4(1041 1050 1131 1122)
4(1049 1130 1131 1050)
4(1121 1122 1131 1130)
4(1042 1051 1132 1123)
4(1050 1131 1132 1051)
4(1122 1123 1132 1131)
4(1051 1132 306 296)
4(1123 305 306 1132)
4(1043 1052 1133 1124)
4(76 86 1133 1052)
4(85 1124 1133 86)
4(1044 1053 1134 1125)
4(1052 1133 1134 1053)
4(1124 1125 1134 1133)
4(1045 1054 1135 1126)
4(1053 1134 1135 1054)
4(1125 1126 1135 1134)
4(1046 1055 1136 1127)
4(1054 1135 1136 1055)
4(1126 1127 1136 1135)
4(1047 1056 1137 1128)
4(1055 1136 1137 1056)
4(1127 1128 1137 1136)
4(1048 1057 1138 1129)
4(1056 1137 1138 1057)
4(1128 1129 1138 1137)
4(1049 1058 1139 1130)
4(1057 1138 1139 1058)
4(1129 1130 1139 1138)
4(1050 1059 1140 1131)
4(1058 1139 1140 1059)
4(1130 1131 1140 1139)
4(1051 1060 1141 1132)
4(1059 1140 1141 1060)
4(1131 1132 1141 1140)
4(1060 1141 307 297)
4(1132 306 307 1141)
4(1052 1061 1142 1133)
4(77 87 1142 1061)
4(86 1133 1142 87)
4(1053 1062 1143 1134)
4(1061 1142 1143 1062)
4(1133 1134 1143 1142)
4(1054 1063 1144 1135)
4(1062 1143 1144 1063)
4(1134 1135 1144 1143)
4(1055 1064 1145 1136)
4(1063 1144 1145 1064)
4(1135 1136 1145 1144)
4(1056 1065 1146 1137)
4(1064 1145 1146 1065)
4(1136 1137 1146 1145)
4(1057 1066 1147 1138)
4(1065 1146 1147 1066)
4(1137 1138 1147 1146)
4(1058 1067 1148 1139)
4(1066 1147 1148 1067)
4(1138 1139 1148 1147)
4(1059 1068 1149 1140)
4(1067 1148 1149 1068)
4(1139 1140 1149 1148)
4(1060 1069 1150 1141)
4(1068 1149 1150 1069)
4(1140 1141 1150 1149)
4(1069 1150 308 298)
4(1141 307 308 1150)
4(1061 1070 1151 1142)
4(78 88 1151 1070)
4(87 1142 1151 88)
4(1062 1071 1152 1143)
4(1070 1151 1152 1071)
4(1142 1143 1152 1151)
4(1063 1072 1153 1144)
4(1071 1152 1153 1072)
4(1143 1144 1153 1152)
4(1064 1073 1154 1145)
4(1072 1153 1154 1073)
4(1144 1145 1154 1153)
4(1065 1074 1155 1146)
4(1073 1154 1155 1074)
4(1145 1146 1155 1154)
4(1066 1075 1156 1147)
4(1074 1155 1156 1075)
4(1146 1147 1156 1155)
4(1067 1076 1157 1148)
4(1075 1156 1157 1076)
4(1147 1148 1157 1156)
4(1068 1077 1158 1149)
4(1076 1157 1158 1077)
4(1148 1149 1158 1157)
4(1069 1078 1159 1150)
4(1077 1158 1159 1078)
4(1149 1150 1159 1158)
4(1078 1159 309 299)
4(1150 308 309 1159)
4(1070 1079 1160 1151)
4(79 89 1160 1079)
4(88 1151 1160 89)
4(1071 1080 1161 1152)
4(1079 1160 1161 1080)
4(1151 1152 1161 1160)
4(1072 1081 1162 1153)
4(1080 1161 1162 1081)
4(1152 1153 1162 1161)
4(1073 1082 1163 1154)
4(1081 1162 1163 1082)
4(1153 1154 1163 1162)
4(1074 1083 1164 1155)
4(1082 1163 1164 1083)
4(1154 1155 1164 1163)
4(1075 1084 1165 1156)
4(1083 1164 1165 1084)
4(1155 1156 1165 1164)
4(1076 1085 1166 1157)
4(1084 1165 1166 1085)
4(1156 1157 1166 1165)
4(1077 1086 1167 1158)
4(1085 1166 1167 1086)
4(1157 1158 1167 1166)
4(1078 1087 1168 1159)
4(1086 1167 1168 1087)
4(1158 1159 1168 1167)
4(1087 1168 310 300)
4(1159 309 310 1168)
4(1079 181 191 1160)
4(89 1160 191 90)
4(1080 182 192 1161)
4(1160 1161 192 191)
4(1081 183 193 1162)
4(1161 1162 193 192)
4(1082 184 194 1163)
4(1162 1163 194 193)
4(1083 185 195 1164)
4(1163 1164 195 194)
4(1084 186 196 1165)
4(1164 1165 196 195)
4(1085 187 197 1166)
4(1165 1166 197 196)
4(1086 188 198 1167)
4(1166 1167 198 197)
4(1087 189 199 1168)
4(1167 1168 199 198)
4(1168 310 200 199)
4(404 1088 1169 413)
4(81 91 1169 1088)
4(8 413 1169 91)
4(405 1089 1170 414)
4(1088 1169 1170 1089)
4(413 414 1170 1169)
4(406 1090 1171 415)
4(1089 1170 1171 1090)
4(414 415 1171 1170)
4(407 1091 1172 416)
4(1090 1171 1172 1091)
4(415 416 1172 1171)
4(408 1092 1173 417)
4(1091 1172 1173 1092)
4(416 417 1173 1172)
4(409 1093 1174 418)
4(1092 1173 1174 1093)
4(417 418 1174 1173)
4(410 1094 1175 419)
4(1093 1174 1175 1094)
4(418 419 1175 1174)
4(411 1095 1176 420)
4(1094 1175 1176 1095)
4(419 420 1176 1175)
4(412 1096 1177 421)
4(1095 1176 1177 1096)
4(420 421 1177 1176)
4(1096 1177 312 302)
4(421 311 312 1177)
4(1088 1097 1178 1169)
4(82 92 1178 1097)
4(91 1169 1178 92)
4(1089 1098 1179 1170)
4(1097 1178 1179 1098)
4(1169 1170 1179 1178)
4(1090 1099 1180 1171)
4(1098 1179 1180 1099)
4(1170 1171 1180 1179)
4(1091 1100 1181 1172)
4(1099 1180 1181 1100)
4(1171 1172 1181 1180)
4(1092 1101 1182 1173)
4(1100 1181 1182 1101)
4(1172 1173 1182 1181)
4(1093 1102 1183 1174)
4(1101 1182 1183 1102)
4(1173 1174 1183 1182)
4(1094 1103 1184 1175)
4(1102 1183 1184 1103)
4(1174 1175 1184 1183)
4(1095 1104 1185 1176)
4(1103 1184 1185 1104)
4(1175 1176 1185 1184)
4(1096 1105 1186 1177)
4(1104 1185 1186 1105)
4(1176 1177 1186 1185)
4(1105 1186 313 303)
4(1177 312 313 1186)
4(1097 1106 1187 1178)
4(83 93 1187 1106)
4(92 1178 1187 93)
4(1098 1107 1188 1179)
4(1106 1187 1188 1107)
4(1178 1179 1188 1187)
4(1099 1108 1189 1180)
4(1107 1188 1189 1108)
4(1179 1180 1189 1188)
4(1100 1109 1190 1181)
4(1108 1189 1190 1109)
4(1180 1181 1190 1189)
4(1101 1110 1191 1182)
4(1109 1190 1191 1110)
4(1181 1182 1191 1190)
4(1102 1111 1192 1183)
4(1110 1191 1192 1111)
4(1182 1183 1192 1191)
4(1103 1112 1193 1184)
4(1111 1192 1193 1112)
4(1183 1184 1193 1192)
4(1104 1113 1194 1185)
4(1112 1193 1194 1113)
4(1184 1185 1194 1193)
4(1105 1114 1195 1186)
4(1113 1194 1195 1114)
4(1185 1186 1195 1194)
4(1114 1195 314 304)
4(1186 313 314 1195)
4(1106 1115 1196 1187)
4(84 94 1196 1115)
4(93 1187 1196 94)
4(1107 1116 1197 1188)
4(1115 1196 1197 1116)
4(1187 1188 1197 1196)
4(1108 1117 1198 1189)
4(1116 1197 1198 1117)
4(1188 1189 1198 1197)
4(1109 1118 1199 1190)
4(1117 1198 1199 1118)
4(1189 1190 1199 1198)
4(1110 1119 1200 1191)
4(1118 1199 1200 1119)
4(1190 1191 1200 1199)
4(1111 1120 1201 1192)
4(1119 1200 1201 1120)
4(1191 1192 1201 1200)
4(1112 1121 1202 1193)
4(1120 1201 1202 1121)
4(1192 1193 1202 1201)
4(1113 1122 1203 1194)
4(1121 1202 1203 1122)
4(1193 1194 1203 1202)
4(1114 1123 1204 1195)
4(1122 1203 1204 1123)
4(1194 1195 1204 1203)
4(1123 1204 315 305)
4(1195 314 315 1204)
4(1115 1124 1205 1196)
4(85 95 1205 1124)
4(94 1196 1205 95)
4(1116 1125 1206 1197)
4(1124 1205 1206 1125)
4(1196 1197 1206 1205)
4(1117 1126 1207 1198)
4(1125 1206 1207 1126)
4(1197 1198 1207 1206)
4(1118 1127 1208 1199)
4(1126 1207 1208 1127)
4(1198 1199 1208 1207)
4(1119 1128 1209 1200)
4(1127 1208 1209 1128)
4(1199 1200 1209 1208)
4(1120 1129 1210 1201)
4(1128 1209 1210 1129)
4(1200 1201 1210 1209)
4(1121 1130 1211 1202)
4(1129 1210 1211 1130)
4(1201 1202 1211 1210)
4(1122 1131 1212 1203)
4(1130 1211 1212 1131)
4(1202 1203 1212 1211)
4(1123 1132 1213 1204)
4(1131 1212 1213 1132)
4(1203 1204 1213 1212)
4(1132 1213 316 306)
4(1204 315 316 1213)
4(1124 1133 1214 1205)
4(86 96 1214 1133)
4(95 1205 1214 96)
4(1125 1134 1215 1206)
4(1133 1214 1215 1134)
4(1205 1206 1215 1214)
4(1126 1135 1216 1207)
4(1134 1215 1216 1135)
4(1206 1207 1216 1215)
4(1127 1136 1217 1208)
4(1135 1216 1217 1136)
4(1207 1208 1217 1216)
4(1128 1137 1218 1209)
4(1136 1217 1218 1137)
4(1208 1209 1218 1217)
4(1129 1138 1219 1210)
4(1137 1218 1219 1138)
4(1209 1210 1219 1218)
4(1130 1139 1220 1211)
4(1138 1219 1220 1139)
4(1210 1211 1220 1219)
4(1131 1140 1221 1212)
4(1139 1220 1221 1140)
4(1211 1212 1221 1220)
4(1132 1141 1222 1213)
4(1140 1221 1222 1141)
4(1212 1213 1222 1221)
4(1141 1222 317 307)
4(1213 316 317 1222)
4(1133 1142 1223 1214)
4(87 97 1223 1142)
4(96 1214 1223 97)
4(1134 1143 1224 1215)
4(1142 1223 1224 1143)
4(1214 1215 1224 1223)
4(1135 1144 1225 1216)
4(1143 1224 1225 1144)
4(1215 1216 1225 1224)
4(1136 1145 1226 1217)
4(1144 1225 1226 1145)
4(1216 1217 1226 1225)
4(1137 1146 1227 1218)
4(1145 1226 1227 1146)
4(1217 1218 1227 1226)
4(1138 1147 1228 1219)
4(1146 1227 1228 1147)
4(1218 1219 1228 1227)
4(1139 1148 1229 1220)
4(1147 1228 1229 1148)
4(1219 1220 1229 1228)
4(1140 1149 1230 1221)
4(1148 1229 1230 1149)
4(1220 1221 1230 1229)
4(1141 1150 1231 1222)
4(1149 1230 1231 1150)
4(1221 1222 1231 1230)
4(1150 1231 318 308)
4(1222 317 318 1231)
4(1142 1151 1232 1223)
4(88 98 1232 1151)
4(97 1223 1232 98)
4(1143 1152 1233 1224)
4(1151 1232 1233 1152)
4(1223 1224 1233 1232)
4(1144 1153 1234 1225)
4(1152 1233 1234 1153)
4(1224 1225 1234 1233)
4(1145 1154 1235 1226)
4(1153 1234 1235 1154)
4(1225 1226 1235 1234)
4(1146 1155 1236 1227)
4(1154 1235 1236 1155)
4(1226 1227 1236 1235)
4(1147 1156 1237 1228)
4(1155 1236 1237 1156)
4(1227 1228 1237 1236)
4(1148 1157 1238 1229)
4(1156 1237 1238 1157)
4(1228 1229 1238 1237)
4(1149 1158 1239 1230)
4(1157 1238 1239 1158)
4(1229 1230 1239 1238)
4(1150 1159 1240 1231)
4(1158 1239 1240 1159)
4(1230 1231 1240 1239)
4(1159 1240 319 309)
4(1231 318 319 1240)
4(1151 1160 1241 1232)
4(89 99 1241 1160)
4(98 1232 1241 99)
4(1152 1161 1242 1233)
4(1160 1241 1242 1161)
4(1232 1233 1242 1241)
4(1153 1162 1243 1234)
4(1161 1242 1243 1162)
4(1233 1234 1243 1242)
4(1154 1163 1244 1235)
4(1162 1243 1244 1163)
4(1234 1235 1244 1243)
4(1155 1164 1245 1236)
4(1163 1244 1245 1164)
4(1235 1236 1245 1244)
4(1156 1165 1246 1237)
4(1164 1245 1246 1165)
4(1236 1237 1246 1245)
4(1157 1166 1247 1238)
4(1165 1246 1247 1166)
4(1237 1238 1247 1246)
4(1158 1167 1248 1239)
4(1166 1247 1248 1167)
4(1238 1239 1248 1247)
4(1159 1168 1249 1240)
4(1167 1248 1249 1168)
4(1239 1240 1249 1248)
4(1168 1249 320 310)
4(1240 319 320 1249)
4(1160 191 201 1241)
4(99 1241 201 100)
4(1161 192 202 1242)
4(1241 1242 202 201)
4(1162 193 203 1243)
4(1242 1243 203 202)
4(1163 194 204 1244)
4(1243 1244 204 203)
4(1164 195 205 1245)
4(1244 1245 205 204)
4(1165 196 206 1246)
4(1245 1246 206 205)
4(1166 197 207 1247)
4(1246 1247 207 206)
4(1167 198 208 1248)
4(1247 1248 208 207)
4(1168 199 209 1249)
4(1248 1249 209 208)
4(1249 320 210 209)
4(413 1169 1250 422)
4(91 101 1250 1169)
4(9 422 1250 101)
4(414 1170 1251 423)
4(1169 1250 1251 1170)
4(422 423 1251 1250)
4(415 1171 1252 424)
4(1170 1251 1252 1171)
4(423 424 1252 1251)
4(416 1172 1253 425)
4(1171 1252 1253 1172)
4(424 425 1253 1252)
4(417 1173 1254 426)
4(1172 1253 1254 1173)
4(425 426 1254 1253)
4(418 1174 1255 427)
4(1173 1254 1255 1174)
4(426 427 1255 1254)
4(419 1175 1256 428)
4(1174 1255 1256 1175)
4(427 428 1256 1255)
4(420 1176 1257 429)
4(1175 1256 1257 1176)
4(428 429 1257 1256)
4(421 1177 1258 430)
4(1176 1257 1258 1177)
4(429 430 1258 1257)
4(1177 1258 322 312)
4(430 321 322 1258)
4(1169 1178 1259 1250)
4(92 102 1259 1178)
4(101 1250 1259 102)
4(1170 1179 1260 1251)
4(1178 1259 1260 1179)
4(1250 1251 1260 1259)
4(1171 1180 1261 1252)
4(1179 1260 1261 1180)
4(1251 1252 1261 1260)
4(1172 1181 1262 1253)
4(1180 1261 1262 1181)
4(1252 1253 1262 1261)
4(1173 1182 1263 1254)
4(1181 1262 1263 1182)
4(1253 1254 1263 1262)
4(1174 1183 1264 1255)
4(1182 1263 1264 1183)
4(1254 1255 1264 1263)
4(1175 1184 1265 1256)
4(1183 1264 1265 1184)
4(1255 1256 1265 1264)
4(1176 1185 1266 1257)
4(1184 1265 1266 1185)
4(1256 1257 1266 1265)
4(1177 1186 1267 1258)
4(1185 1266 1267 1186)
4(1257 1258 1267 1266)
4(1186 1267 323 313)
4(1258 322 323 1267)
4(1178 1187 1268 1259)
4(93 103 1268 1187)
4(102 1259 1268 103)
4(1179 1188 1269 1260)
4(1187 1268 1269 1188)
4(1259 1260 1269 1268)
4(1180 1189 1270 1261)
4(1188 1269 1270 1189)
4(1260 1261 1270 1269)
4(1181 1190 1271 1262)
4(1189 1270 1271 1190)
4(1261 1262 1271 1270)
4(1182 1191 1272 1263)
4(1190 1271 1272 1191)
4(1262 1263 1272 1271)
4(1183 1192 1273 1264)
4(1191 1272 1273 1192)
4(1263 1264 1273 1272)
4(1184 1193 1274 1265)
4(1192 1273 1274 1193)
4(1264 1265 1274 1273)
4(1185 1194 1275 1266)
4(1193 1274 1275 1194)
4(1265 1266 1275 1274)
4(1186 1195 1276 1267)
4(1194 1275 1276 1195)
4(1266 1267 1276 1275)
4(1195 1276 324 314)
4(1267 323 324 1276)
4(1187 1196 1277 1268)
4(94 104 1277 1196)
4(103 1268 1277 104)
4(1188 1197 1278 1269)
4(1196 1277 1278 1197)
4(1268 1269 1278 1277)
4(1189 1198 1279 1270)
4(1197 1278 1279 1198)
4(1269 1270 1279 1278)
4(1190 1199 1280 1271)
4(1198 1279 1280 1199)
4(1270 1271 1280 1279)
4(1191 1200 1281 1272)
4(1199 1280 1281 1200)
4(1271 1272 1281 1280)
4(1192 1201 1282 1273)
4(1200 1281 1282 1201)
4(1272 1273 1282 1281)
4(1193 1202 1283 1274)
4(1201 1282 1283 1202)
4(1273 1274 1283 1282)
4(1194 1203 1284 1275)
4(1202 1283 1284 1203)
4(1274 1275 1284 1283)
4(1195 1204 1285 1276)
4(1203 1284 1285 1204)
4(1275 1276 1285 1284)
4(1204 1285 325 315)
4(1276 324 325 1285)
4(1196 1205 1286 1277)
4(95 105 1286 1205)
4(104 1277 1286 105)
4(1197 1206 1287 1278)
4(1205 1286 1287 1206)
4(1277 1278 1287 1286)
4(1198 1207 1288 1279)
4(1206 1287 1288 1207)
4(1278 1279 1288 1287)
4(1199 1208 1289 1280)
4(1207 1288 1289 1208)
4(1279 1280 1289 1288)
4(1200 1209 1290 1281)
4(1208 1289 1290 1209)
4(1280 1281 1290 1289)
4(1201 1210 1291 1282)
4(1209 1290 1291 1210)
4(1281 1282 1291 1290)
4(1202 1211 1292 1283)
4(1210 1291 1292 1211)
4(1282 1283 1292 1291)
4(1203 1212 1293 1284)
4(1211 1292 1293 1212)
4(1283 1284 1293 1292)
4(1204 1213 1294 1285)
4(1212 1293 1294 1213)
4(1284 1285 1294 1293)
4(1213 1294 326 316)
4(1285 325 326 1294)
4(1205 1214 1295 1286)
4(96 106 1295 1214)
4(105 1286 1295 106)
4(1206 1215 1296 1287)
4(1214 1295 1296 1215)
4(1286 1287 1296 1295)
4(1207 1216 1297 1288)
4(1215 1296 1297 1216)
4(1287 1288 1297 1296)
4(1208 1217 1298 1289)
4(1216 1297 1298 1217)
4(1288 1289 1298 1297)
4(1209 1218 1299 1290)
4(1217 1298 1299 1218)
4(1289 1290 1299 1298)
4(1210 1219 1300 1291)
4(1218 1299 1300 1219)
4(1290 1291 1300 1299)
4(1211 1220 1301 1292)
4(1219 1300 1301 1220)
4(1291 1292 1301 1300)
4(1212 1221 1302 1293)
4(1220 1301 1302 1221)
4(1292 1293 1302 1301)
4(1213 1222 1303 1294)
4(1221 1302 1303 1222)
4(1293 1294 1303 1302)
4(1222 1303 327 317)
4(1294 326 327 1303)
4(1214 1223 1304 1295)
4(97 107 1304 1223)
4(106 1295 1304 107)
4(1215 1224 1305 1296)
4(1223 1304 1305 1224)
4(1295 1296 1305 1304)
4(1216 1225 1306 1297)
4(1224 1305 1306 1225)
4(1296 1297 1306 1305)
4(1217 1226 1307 1298)
4(1225 1306 1307 1226)
4(1297 1298 1307 1306)
4(1218 1227 1308 1299)
4(1226 1307 1308 1227)
4(1298 1299 1308 1307)
4(1219 1228 1309 1300)
4(1227 1308 1309 1228)
4(1299 1300 1309 1308)
4(1220 1229 1310 1301)
4(1228 1309 1310 1229)
4(1300 1301 1310 1309)
4(1221 1230 1311 1302)
4(1229 1310 1311 1230)
4(1301 1302 1311 1310)
4(1222 1231 1312 1303)
4(1230 1311 1312 1231)
4(1302 1303 1312 1311)
4(1231 1312 328 318)
4(1303 327 328 1312)
4(1223 1232 1313 1304)
4(98 108 1313 1232)
4(107 1304 1313 108)
4(1224 1233 1314 1305)
4(1232 1313 1314 1233)
4(1304 1305 1314 1313)
4(1225 1234 1315 1306)
4(1233 1314 1315 1234)
4(1305 1306 1315 1314)
4(1226 1235 1316 1307)
4(1234 1315 1316 1235)
4(1306 1307 1316 1315)
4(1227 1236 1317 1308)
4(1235 1316 1317 1236)
4(1307 1308 1317 1316)
4(1228 1237 1318 1309)
4(1236 1317 1318 1237)
4(1308 1309 1318 1317)
4(1229 1238 1319 1310)
4(1237 1318 1319 1238)
4(1309 1310 1319 1318)
4(1230 1239 1320 1311)
4(1238 1319 1320 1239)
4(1310 1311 1320 1319)
4(1231 1240 1321 1312)
4(1239 1320 1321 1240)
4(1311 1312 1321 1320)
4(1240 1321 329 319)
4(1312 328 329 1321)
4(1232 1241 1322 1313)
4(99 109 1322 1241)
4(108 1313 1322 109)
4(1233 1242 1323 1314)
4(1241 1322 1323 1242)
4(1313 1314 1323 1322)
4(1234 1243 1324 1315)
4(1242 1323 1324 1243)
4(1314 1315 1324 1323)
4(1235 1244 1325 1316)
4(1243 1324 1325 1244)
4(1315 1316 1325 1324)
4(1236 1245 1326 1317)
4(1244 1325 1326 1245)
4(1316 1317 1326 1325)
4(1237 1246 1327 1318)
4(1245 1326 1327 1246)
4(1317 1318 1327 1326)
4(1238 1247 1328 1319)
4(1246 1327 1328 1247)
4(1318 1319 1328 1327)
4(1239 1248 1329 1320)
4(1247 1328 1329 1248)
4(1319 1320 1329 1328)
4(1240 1249 1330 1321)
4(1248 1329 1330 1249)
4(1320 1321 1330 1329)
4(1249 1330 330 320)
4(1321 329 330 1330)
4(1241 201 211 1322)
4(109 1322 211 110)
4(1242 202 212 1323)
4(1322 1323 212 211)
4(1243 203 213 1324)
4(1323 1324 213 212)
4(1244 204 214 1325)
4(1324 1325 214 213)
4(1245 205 215 1326)
4(1325 1326 215 214)
4(1246 206 216 1327)
4(1326 1327 216 215)
4(1247 207 217 1328)
4(1327 1328 217 216)
4(1248 208 218 1329)
4(1328 1329 218 217)
4(1249 209 219 1330)
4(1329 1330 219 218)
4(1330 330 220 219)
4(422 1250 440 431)
4(101 111 440 1250)
4(423 1251 441 432)
4(1250 440 441 1251)
4(424 1252 442 433)
4(1251 441 442 1252)
4(425 1253 443 434)
4(1252 442 443 1253)
4(426 1254 444 435)
4(1253 443 444 1254)
4(427 1255 445 436)
4(1254 444 445 1255)
4(428 1256 446 437)
4(1255 445 446 1256)
4(429 1257 447 438)
4(1256 446 447 1257)
4(430 1258 448 439)
4(1257 447 448 1258)
4(1258 448 332 322)
4(1250 1259 449 440)
4(102 112 449 1259)
4(1251 1260 450 441)
4(1259 449 450 1260)
4(1252 1261 451 442)
4(1260 450 451 1261)
4(1253 1262 452 443)
4(1261 451 452 1262)
4(1254 1263 453 444)
4(1262 452 453 1263)
4(1255 1264 454 445)
4(1263 453 454 1264)
4(1256 1265 455 446)
4(1264 454 455 1265)
4(1257 1266 456 447)
4(1265 455 456 1266)
4(1258 1267 457 448)
4(1266 456 457 1267)
4(1267 457 333 323)
4(1259 1268 458 449)
4(103 113 458 1268)
4(1260 1269 459 450)
4(1268 458 459 1269)
4(1261 1270 460 451)
4(1269 459 460 1270)
4(1262 1271 461 452)
4(1270 460 461 1271)
4(1263 1272 462 453)
4(1271 461 462 1272)
4(1264 1273 463 454)
4(1272 462 463 1273)
4(1265 1274 464 455)
4(1273 463 464 1274)
4(1266 1275 465 456)
4(1274 464 465 1275)
4(1267 1276 466 457)
4(1275 465 466 1276)
4(1276 466 334 324)
4(1268 1277 467 458)
4(104 114 467 1277)
4(1269 1278 468 459)
4(1277 467 468 1278)
4(1270 1279 469 460)
4(1278 468 469 1279)
4(1271 1280 470 461)
4(1279 469 470 1280)
4(1272 1281 471 462)
4(1280 470 471 1281)
4(1273 1282 472 463)
4(1281 471 472 1282)
4(1274 1283 473 464)
4(1282 472 473 1283)
4(1275 1284 474 465)
4(1283 473 474 1284)
4(1276 1285 475 466)
4(1284 474 475 1285)
4(1285 475 335 325)
4(1277 1286 476 467)
4(105 115 476 1286)
4(1278 1287 477 468)
4(1286 476 477 1287)
4(1279 1288 478 469)
4(1287 477 478 1288)
4(1280 1289 479 470)
4(1288 478 479 1289)
4(1281 1290 480 471)
4(1289 479 480 1290)
4(1282 1291 481 472)
4(1290 480 481 1291)
4(1283 1292 482 473)
4(1291 481 482 1292)
4(1284 1293 483 474)
4(1292 482 483 1293)
4(1285 1294 484 475)
4(1293 483 484 1294)
4(1294 484 336 326)
4(1286 1295 485 476)
4(106 116 485 1295)
4(1287 1296 486 477)
4(1295 485 486 1296)
4(1288 1297 487 478)
4(1296 486 487 1297)
4(1289 1298 488 479)
4(1297 487 488 1298)
4(1290 1299 489 480)
4(1298 488 489 1299)
4(1291 1300 490 481)
4(1299 489 490 1300)
4(1292 1301 491 482)
4(1300 490 491 1301)
4(1293 1302 492 483)
4(1301 491 492 1302)
4(1294 1303 493 484)
4(1302 492 493 1303)
4(1303 493 337 327)
4(1295 1304 494 485)
4(107 117 494 1304)
4(1296 1305 495 486)
4(1304 494 495 1305)
4(1297 1306 496 487)
4(1305 495 496 1306)
4(1298 1307 497 488)
4(1306 496 497 1307)
4(1299 1308 498 489)
4(1307 497 498 1308)
4(1300 1309 499 490)
4(1308 498 499 1309)
4(1301 1310 500 491)
4(1309 499 500 1310)
4(1302 1311 501 492)
4(1310 500 501 1311)
4(1303 1312 502 493)
4(1311 501 502 1312)
4(1312 502 338 328)
4(1304 1313 503 494)
4(108 118 503 1313)
4(1305 1314 504 495)
4(1313 503 504 1314)
4(1306 1315 505 496)
4(1314 504 505 1315)
4(1307 1316 506 497)
4(1315 505 506 1316)
4(1308 1317 507 498)
4(1316 506 507 1317)
4(1309 1318 508 499)
4(1317 507 508 1318)
4(1310 1319 509 500)
4(1318 508 509 1319)
4(1311 1320 510 501)
4(1319 509 510 1320)
4(1312 1321 511 502)
4(1320 510 511 1321)
4(1321 511 339 329)
4(1313 1322 512 503)
4(109 119 512 1322)
4(1314 1323 513 504)
4(1322 512 513 1323)
4(1315 1324 514 505)
4(1323 513 514 1324)
4(1316 1325 515 506)
4(1324 514 515 1325)
4(1317 1326 516 507)
4(1325 515 516 1326)
4(1318 1327 517 508)
4(1326 516 517 1327)
4(1319 1328 518 509)
4(1327 517 518 1328)
4(1320 1329 519 510)
4(1328 518 519 1329)
4(1321 1330 520 511)
4(1329 519 520 1330)
4(1330 520 340 330)
4(1322 211 221 512)
4(1323 212 222 513)
4(1324 213 223 514)
4(1325 214 224 515)
4(1326 215 225 516)
4(1327 216 226 517)
4(1328 217 227 518)
4(1329 218 228 519)
4(1330 219 229 520)
4(0 11 521 341)
4(11 12 530 521)
4(12 13 539 530)
4(13 14 548 539)
4(14 15 557 548)
4(15 16 566 557)
4(16 17 575 566)
4(17 18 584 575)
4(18 19 593 584)
4(19 20 121 593)
4(341 521 522 342)
4(521 530 531 522)
4(530 539 540 531)
4(539 548 549 540)
4(548 557 558 549)
4(557 566 567 558)
4(566 575 576 567)
4(575 584 585 576)
4(584 593 594 585)
4(593 121 122 594)
4(342 522 523 343)
4(522 531 532 523)
4(531 540 541 532)
4(540 549 550 541)
4(549 558 559 550)
4(558 567 568 559)
4(567 576 577 568)
4(576 585 586 577)
4(585 594 595 586)
4(594 122 123 595)
4(343 523 524 344)
4(523 532 533 524)
4(532 541 542 533)
4(541 550 551 542)
4(550 559 560 551)
4(559 568 569 560)
4(568 577 578 569)
4(577 586 587 578)
4(586 595 596 587)
4(595 123 124 596)
4(344 524 525 345)
4(524 533 534 525)
4(533 542 543 534)
4(542 551 552 543)
4(551 560 561 552)
4(560 569 570 561)
4(569 578 579 570)
4(578 587 588 579)
4(587 596 597 588)
4(596 124 125 597)
4(345 525 526 346)
4(525 534 535 526)
4(534 543 544 535)
4(543 552 553 544)
4(552 561 562 553)
4(561 570 571 562)
4(570 579 580 571)
4(579 588 589 580)
4(588 597 598 589)
4(597 125 126 598)
4(346 526 527 347)
4(526 535 536 527)
4(535 544 545 536)
4(544 553 554 545)
4(553 562 563 554)
4(562 571 572 563)
4(571 580 581 572)
4(580 589 590 581)
4(589 598 599 590)
4(598 126 127 599)
4(347 527 528 348)
4(527 536 537 528)
4(536 545 546 537)
4(545 554 555 546)
4(554 563 564 555)
4(563 572 573 564)
4(572 581 582 573)
4(581 590 591 582)
4(590 599 600 591)
4(599 127 128 600)
4(348 528 529 349)
4(528 537 538 529)
4(537 546 547 538)
4(546 555 556 547)
4(555 564 565 556)
4(564 573 574 565)
4(573 582 583 574)
4(582 591 592 583)
4(591 600 601 592)
4(600 128 129 601)
4(349 529 232 231)
4(529 538 233 232)
4(538 547 234 233)
4(547 556 235 234)
4(556 565 236 235)
4(565 574 237 236)
4(574 583 238 237)
4(583 592 239 238)
4(592 601 240 239)
4(601 129 130 240)
4(0 1 21 11)
4(11 21 22 12)
4(12 22 23 13)
4(13 23 24 14)
4(14 24 25 15)
4(15 25 26 16)
4(16 26 27 17)
4(17 27 28 18)
4(18 28 29 19)
4(19 29 30 20)
4(1 2 31 21)
4(21 31 32 22)
4(22 32 33 23)
4(23 33 34 24)
4(24 34 35 25)
4(25 35 36 26)
4(26 36 37 27)
4(27 37 38 28)
4(28 38 39 29)
4(29 39 40 30)
4(2 3 41 31)
4(31 41 42 32)
4(32 42 43 33)
4(33 43 44 34)
4(34 44 45 35)
4(35 45 46 36)
4(36 46 47 37)
4(37 47 48 38)
4(38 48 49 39)
4(39 49 50 40)
4(3 4 51 41)
4(41 51 52 42)
4(42 52 53 43)
4(43 53 54 44)
4(44 54 55 45)
4(45 55 56 46)
4(46 56 57 47)
4(47 57 58 48)
4(48 58 59 49)
4(49 59 60 50)
4(4 5 61 51)
4(51 61 62 52)
4(52 62 63 53)
4(53 63 64 54)
4(54 64 65 55)
4(55 65 66 56)
4(56 66 67 57)
4(57 67 68 58)
4(58 68 69 59)
4(59 69 70 60)
4(5 6 71 61)
4(61 71 72 62)
4(62 72 73 63)
4(63 73 74 64)
4(64 74 75 65)
4(65 75 76 66)
4(66 76 77 67)
4(67 77 78 68)
4(68 78 79 69)
4(69 79 80 70)
4(6 7 81 71)
4(71 81 82 72)
4(72 82 83 73)
4(73 83 84 74)
4(74 84 85 75)
4(75 85 86 76)
4(76 86 87 77)
4(77 87 88 78)
4(78 88 89 79)
4(79 89 90 80)
4(7 8 91 81)
4(81 91 92 82)
4(82 92 93 83)
4(83 93 94 84)
4(84 94 95 85)
4(85 95 96 86)
4(86 96 97 87)
4(87 97 98 88)
4(88 98 99 89)
4(89 99 100 90)
4(8 9 101 91)
4(91 101 102 92)
4(92 102 103 93)
4(93 103 104 94)
4(94 104 105 95)
4(95 105 106 96)
4(96 106 107 97)
4(97 107 108 98)
4(98 108 109 99)
4(99 109 110 100)
4(9 10 111 101)
4(101 111 112 102)
4(102 112 113 103)
4(103 113 114 104)
4(104 114 115 105)
4(105 115 116 106)
4(106 116 117 107)
4(107 117 118 108)
4(108 118 119 109)
4(109 119 120 110)
4(20 30 131 121)
4(121 131 132 122)
4(122 132 133 123)
4(123 133 134 124)
4(124 134 135 125)
4(125 135 136 126)
4(126 136 137 127)
4(127 137 138 128)
4(128 138 139 129)
4(129 139 140 130)
4(30 40 141 131)
4(131 141 142 132)
4(132 142 143 133)
4(133 143 144 134)
4(134 144 145 135)
4(135 145 146 136)
4(136 146 147 137)
4(137 147 148 138)
4(138 148 149 139)
4(139 149 150 140)
4(40 50 151 141)
4(141 151 152 142)
4(142 152 153 143)
4(143 153 154 144)
4(144 154 155 145)
4(145 155 156 146)
4(146 156 157 147)
4(147 157 158 148)
4(148 158 159 149)
4(149 159 160 150)
4(50 60 161 151)
4(151 161 162 152)
4(152 162 163 153)
4(153 163 164 154)
4(154 164 165 155)
4(155 165 166 156)
4(156 166 167 157)
4(157 167 168 158)
4(158 168 169 159)
4(159 169 170 160)
4(60 70 171 161)
4(161 171 172 162)
4(162 172 173 163)
4(163 173 174 164)
4(164 174 175 165)
4(165 175 176 166)
4(166 176 177 167)
4(167 177 178 168)
4(168 178 179 169)
4(169 179 180 170)
4(70 80 181 171)
4(171 181 182 172)
4(172 182 183 173)
4(173 183 184 174)
4(174 184 185 175)
4(175 185 186 176)
4(176 186 187 177)
4(177 187 188 178)
4(178 188 189 179)
4(179 189 190 180)
4(80 90 191 181)
4(181 191 192 182)
4(182 192 193 183)
4(183 193 194 184)
4(184 194 195 185)
4(185 195 196 186)
4(186 196 197 187)
4(187 197 198 188)
4(188 198 199 189)
4(189 199 200 190)
4(90 100 201 191)
4(191 201 202 192)
4(192 202 203 193)
4(193 203 204 194)
4(194 204 205 195)
4(195 205 206 196)
4(196 206 207 197)
4(197 207 208 198)
4(198 208 209 199)
4(199 209 210 200)
4(100 110 211 201)
4(201 211 212 202)
4(202 212 213 203)
4(203 213 214 204)
4(204 214 215 205)
4(205 215 216 206)
4(206 216 217 207)
4(207 217 218 208)
4(208 218 219 209)
4(209 219 220 210)
4(110 120 221 211)
4(211 221 222 212)
4(212 222 223 213)
4(213 223 224 214)
4(214 224 225 215)
4(215 225 226 216)
4(216 226 227 217)
4(217 227 228 218)
4(218 228 229 219)
4(219 229 230 220)
4(231 232 242 241)
4(232 233 243 242)
4(233 234 244 243)
4(234 235 245 244)
4(235 236 246 245)
4(236 237 247 246)
4(237 238 248 247)
4(238 239 249 248)
4(239 240 250 249)
4(240 130 140 250)
4(241 242 252 251)
4(242 243 253 252)
4(243 244 254 253)
4(244 245 255 254)
4(245 246 256 255)
4(246 247 257 256)
4(247 248 258 257)
4(248 249 259 258)
4(249 250 260 259)
4(250 140 150 260)
4(251 252 262 261)
4(252 253 263 262)
4(253 254 264 263)
4(254 255 265 264)
4(255 256 266 265)
4(256 257 267 266)
4(257 258 268 267)
4(258 259 269 268)
4(259 260 270 269)
4(260 150 160 270)
4(261 262 272 271)
4(262 263 273 272)
4(263 264 274 273)
4(264 265 275 274)
4(265 266 276 275)
4(266 267 277 276)
4(267 268 278 277)
4(268 269 279 278)
4(269 270 280 279)
4(270 160 170 280)
4(271 272 282 281)
4(272 273 283 282)
4(273 274 284 283)
4(274 275 285 284)
4(275 276 286 285)
4(276 277 287 286)
4(277 278 288 287)
4(278 279 289 288)
4(279 280 290 289)
4(280 170 180 290)
4(281 282 292 291)
4(282 283 293 292)
4(283 284 294 293)
4(284 285 295 294)
4(285 286 296 295)
4(286 287 297 296)
4(287 288 298 297)
4(288 289 299 298)
4(289 290 300 299)
4(290 180 190 300)
4(291 292 302 301)
4(292 293 303 302)
4(293 294 304 303)
4(294 295 305 304)
4(295 296 306 305)
4(296 297 307 306)
4(297 298 308 307)
4(298 299 309 308)
4(299 300 310 309)
4(300 190 200 310)
4(301 302 312 311)
4(302 303 313 312)
4(303 304 314 313)
4(304 305 315 314)
4(305 306 316 315)
4(306 307 317 316)
4(307 308 318 317)
4(308 309 319 318)
4(309 310 320 319)
4(310 200 210 320)
4(311 312 322 321)
4(312 313 323 322)
4(313 314 324 323)
4(314 315 325 324)
4(315 316 326 325)
4(316 317 327 326)
4(317 318 328 327)
4(318 319 329 328)
4(319 320 330 329)
4(320 210 220 330)
4(321 322 332 331)
4(322 323 333 332)
4(323 324 334 333)
4(324 325 335 334)
4(325 326 336 335)
4(326 327 337 336)
4(327 328 338 337)
4(328 329 339 338)
4(329 330 340 339)
4(330 220 230 340)
4(0 341 350 1)
4(341 342 351 350)
4(342 343 352 351)
4(343 344 353 352)
4(344 345 354 353)
4(345 346 355 354)
4(346 347 356 355)
4(347 348 357 356)
4(348 349 358 357)
4(349 231 241 358)
4(1 350 359 2)
4(350 351 360 359)
4(351 352 361 360)
4(352 353 362 361)
4(353 354 363 362)
4(354 355 364 363)
4(355 356 365 364)
4(356 357 366 365)
4(357 358 367 366)
4(358 241 251 367)
4(2 359 368 3)
4(359 360 369 368)
4(360 361 370 369)
4(361 362 371 370)
4(362 363 372 371)
4(363 364 373 372)
4(364 365 374 373)
4(365 366 375 374)
4(366 367 376 375)
4(367 251 261 376)
4(3 368 377 4)
4(368 369 378 377)
4(369 370 379 378)
4(370 371 380 379)
4(371 372 381 380)
4(372 373 382 381)
4(373 374 383 382)
4(374 375 384 383)
4(375 376 385 384)
4(376 261 271 385)
4(4 377 386 5)
4(377 378 387 386)
4(378 379 388 387)
4(379 380 389 388)
4(380 381 390 389)
4(381 382 391 390)
4(382 383 392 391)
4(383 384 393 392)
4(384 385 394 393)
4(385 271 281 394)
4(5 386 395 6)
4(386 387 396 395)
4(387 388 397 396)
4(388 389 398 397)
4(389 390 399 398)
4(390 391 400 399)
4(391 392 401 400)
4(392 393 402 401)
4(393 394 403 402)
4(394 281 291 403)
4(6 395 404 7)
4(395 396 405 404)
4(396 397 406 405)
4(397 398 407 406)
4(398 399 408 407)
4(399 400 409 408)
4(400 401 410 409)
4(401 402 411 410)
4(402 403 412 411)
4(403 291 301 412)
4(7 404 413 8)
4(404 405 414 413)
4(405 406 415 414)
4(406 407 416 415)
4(407 408 417 416)
4(408 409 418 417)
4(409 410 419 418)
4(410 411 420 419)
4(411 412 421 420)
4(412 301 311 421)
4(8 413 422 9)
4(413 414 423 422)
4(414 415 424 423)
4(415 416 425 424)
4(416 417 426 425)
4(417 418 427 426)
4(418 419 428 427)
4(419 420 429 428)
4(420 421 430 429)
4(421 311 321 430)
4(9 422 431 10)
4(422 423 432 431)
4(423 424 433 432)
4(424 425 434 433)
4(425 426 435 434)
4(426 427 436 435)
4(427 428 437 436)
4(428 429 438 437)
4(429 430 439 438)
4(430 321 331 439)
4(10 431 440 111)
4(431 432 441 440)
4(432 433 442 441)
4(433 434 443 442)
4(434 435 444 443)
4(435 436 445 444)
4(436 437 446 445)
4(437 438 447 446)
4(438 439 448 447)
4(439 331 332 448)
4(111 440 449 112)
4(440 441 450 449)
4(441 442 451 450)
4(442 443 452 451)
4(443 444 453 452)
4(444 445 454 453)
4(445 446 455 454)
4(446 447 456 455)
4(447 448 457 456)
4(448 332 333 457)
4(112 449 458 113)
4(449 450 459 458)
4(450 451 460 459)
4(451 452 461 460)
4(452 453 462 461)
4(453 454 463 462)
4(454 455 464 463)
4(455 456 465 464)
4(456 457 466 465)
4(457 333 334 466)
4(113 458 467 114)
4(458 459 468 467)
4(459 460 469 468)
4(460 461 470 469)
4(461 462 471 470)
4(462 463 472 471)
4(463 464 473 472)
4(464 465 474 473)
4(465 466 475 474)
4(466 334 335 475)
4(114 467 476 115)
4(467 468 477 476)
4(468 469 478 477)
4(469 470 479 478)
4(470 471 480 479)
4(471 472 481 480)
4(472 473 482 481)
4(473 474 483 482)
4(474 475 484 483)
4(475 335 336 484)
4(115 476 485 116)
4(476 477 486 485)
4(477 478 487 486)
4(478 479 488 487)
4(479 480 489 488)
4(480 481 490 489)
4(481 482 491 490)
4(482 483 492 491)
4(483 484 493 492)
4(484 336 337 493)
4(116 485 494 117)
4(485 486 495 494)
4(486 487 496 495)
4(487 488 497 496)
4(488 489 498 497)
4(489 490 499 498)
4(490 491 500 499)
4(491 492 501 500)
4(492 493 502 501)
4(493 337 338 502)
4(117 494 503 118)
4(494 495 504 503)
4(495 496 505 504)
4(496 497 506 505)
4(497 498 507 506)
4(498 499 508 507)
4(499 500 509 508)
4(500 501 510 509)
4(501 502 511 510)
4(502 338 339 511)
4(118 503 512 119)
4(503 504 513 512)
4(504 505 514 513)
4(505 506 515 514)
4(506 507 516 515)
4(507 508 517 516)
4(508 509 518 517)
4(509 510 519 518)
4(510 511 520 519)
4(511 339 340 520)
4(119 512 221 120)
4(512 513 222 221)
4(513 514 223 222)
4(514 515 224 223)
4(515 516 225 224)
4(516 517 226 225)
4(517 518 227 226)
4(518 519 228 227)
4(519 520 229 228)
4(520 340 230 229)
)


// ************************************************************************* //
