/*--------------------------------*- C++ -*----------------------------------*\
| =========                 |                                                 |
| \\      /  F ield         | OpenFOAM: The Open Source CFD Toolbox           |
|  \\    /   O peration     | Version:  2412                                  |
|   \\  /    A nd           | Website:  www.openfoam.com                      |
|    \\/     M anipulation  |                                                 |
\*---------------------------------------------------------------------------*/
FoamFile
{
    version     2.0;
    format      ascii;
    arch        "LSB;label=32;scalar=64";
    class       labelList;
    location    "constant/solid/polyMesh";
    object      pointRegionAddressing;
}
// * * * * * * * * * * * * * * * * * * * * * * * * * * * * * * * * * * * * * //


1331
(
1065
2131
3197
4263
5329
6395
7461
8527
9593
10659
11725
11766
11807
11848
11889
11930
11971
12012
12053
12094
12135
12176
12217
12258
12299
12340
12381
12422
12463
12504
12545
12586
12627
12668
12709
12750
12791
12832
12873
12914
12955
12996
13037
13078
13119
13160
13201
13242
13283
13324
13365
13406
13447
13488
13529
13570
13611
13652
13693
13734
13775
13816
13857
13898
13939
13980
14021
14062
14103
14144
14185
14226
14267
14308
14349
14390
14431
14472
14513
14554
14595
14636
14677
14718
14759
14800
14841
14882
14923
14964
15005
15046
15087
15128
15169
15210
15251
15292
15333
15374
15415
15456
15497
15538
15579
15620
15661
15702
15743
15784
15825
15866
15907
15948
15989
16030
16071
16112
16153
16194
16235
27511
27512
27513
27514
27515
27516
27517
27518
27519
27520
27771
27772
27773
27774
27775
27776
27777
27778
27779
27780
28031
28032
28033
28034
28035
28036
28037
28038
28039
28040
28291
28292
28293
28294
28295
28296
28297
28298
28299
28300
28551
28552
28553
28554
28555
28556
28557
28558
28559
28560
28811
28812
28813
28814
28815
28816
28817
28818
28819
28820
29071
29072
29073
29074
29075
29076
29077
29078
29079
29080
29331
29332
29333
29334
29335
29336
29337
29338
29339
29340
29591
29592
29593
29594
29595
29596
29597
29598
29599
29600
29851
29852
29853
29854
29855
29856
29857
29858
29859
29860
30111
30112
30113
30114
30115
30116
30117
30118
30119
30120
58971
59072
59173
59274
59375
59476
59577
59678
59779
59880
59981
60082
60183
60284
60385
60486
60587
60688
60789
60890
60991
61092
61193
61294
61395
61496
61597
61698
61799
61900
62001
62102
62203
62304
62405
62506
62607
62708
62809
62910
63011
63112
63213
63314
63415
63516
63617
63718
63819
63920
64021
64122
64223
64324
64425
64526
64627
64728
64829
64930
65031
65132
65233
65334
65435
65536
65637
65738
65839
65940
66041
66142
66243
66344
66445
66546
66647
66748
66849
66950
67051
67152
67253
67354
67455
67556
67657
67758
67859
67960
68061
68162
68263
68364
68465
68566
68667
68768
68869
68970
69071
69172
69273
69374
69475
69576
69677
69778
69879
69980
98081
98082
98083
98084
98085
98086
98087
98088
98089
98315
98316
98317
98318
98319
98320
98321
98322
98323
98549
98550
98551
98552
98553
98554
98555
98556
98557
98783
98784
98785
98786
98787
98788
98789
98790
98791
99017
99018
99019
99020
99021
99022
99023
99024
99025
99251
99252
99253
99254
99255
99256
99257
99258
99259
99485
99486
99487
99488
99489
99490
99491
99492
99493
99719
99720
99721
99722
99723
99724
99725
99726
99727
99953
99954
99955
99956
99957
99958
99959
99960
99961
100187
100188
100189
100190
100191
100192
100193
100194
100195
100421
100422
100423
100424
100425
100426
100427
100428
100429
556930
556931
556932
556933
556934
556935
556936
556937
556938
556939
556940
556941
556942
556943
556944
556945
556946
556947
556948
556949
556950
556951
556952
556953
556954
556955
556956
556957
556958
556959
556960
556961
556962
556963
556964
556965
556966
556967
556968
556969
556970
556971
556972
556973
556974
556975
556976
556977
556978
556979
556980
556981
556982
556983
556984
556985
556986
556987
556988
556989
556990
556991
556992
556993
556994
556995
556996
556997
556998
556999
557000
557001
557002
557003
557004
557005
557006
557007
557008
557009
557010
561061
561062
561063
561064
561065
561066
561067
561068
561069
561070
561071
561072
561073
561074
561075
561076
561077
561078
561079
561080
561081
561082
561083
561084
561085
561086
561087
561088
561089
561090
561091
561092
561093
561094
561095
561096
561097
561098
561099
561100
561101
561102
561103
561104
561105
561106
561107
561108
561109
561110
561111
561112
561113
561114
561115
561116
561117
561118
561119
561120
561121
561122
561123
561124
561125
561126
561127
561128
561129
561130
561131
561132
561133
561134
561135
561136
561137
561138
561139
561140
561141
561142
561143
561144
561145
561146
561147
561148
561149
561150
561151
561152
561153
561154
561155
561156
561157
561158
561159
561160
561161
561162
561163
561164
561165
561166
561167
561168
561169
561170
561171
561172
561173
561174
561175
561176
561177
561178
561179
561180
561181
561182
561183
561184
561185
561186
561187
561188
561189
561190
561191
561192
561193
561194
561195
561196
561197
561198
561199
561200
561201
561202
561203
561204
561205
561206
561207
561208
561209
561210
561211
561212
561213
561214
561215
561216
561217
561218
561219
561220
561221
561222
561223
561224
561225
561226
561227
561228
561229
561230
561231
561232
561233
561234
561235
561236
561237
561238
561239
561240
561241
561242
561243
561244
561245
561246
561247
561248
561249
561250
561251
561252
561253
561254
561255
561256
561257
561258
561259
561260
561261
561262
561263
561264
561265
561266
561267
561268
561269
561270
561271
561272
561273
561274
561275
561276
561277
561278
561279
561280
561281
561282
561283
561284
561285
561286
561287
561288
561289
561290
561291
561292
561293
561294
561295
561296
561297
561298
561299
561300
561301
561302
561303
561304
561305
561306
561307
561308
561309
561310
561311
561312
561313
561314
561315
561316
561317
561318
561319
561320
561321
561322
561323
561324
561325
561326
561327
561328
561329
561330
561331
561332
561333
561334
561335
561336
561337
561338
561339
561340
561341
561342
561343
561344
561345
561346
561347
561348
561349
561350
561351
561352
561353
561354
561355
561356
561357
561358
561359
561360
561361
561362
561363
561364
561365
561366
561367
561368
561369
561370
561371
561372
561373
561374
561375
561376
561377
561378
561379
561380
561381
561382
561383
561384
561385
561386
561387
561388
561389
561390
561391
561392
561393
561394
561395
561396
561397
561398
561399
561400
561401
561402
561403
561404
561405
561406
561407
561408
561409
561410
561411
561412
561413
561414
561415
561416
561417
561418
561419
561420
561421
561422
561423
561424
561425
561426
561427
561428
561429
561430
561431
561432
561433
561434
561435
561436
561437
561438
561439
561440
561441
561442
561443
561444
561445
561446
561447
561448
561449
561450
561451
561452
561453
561454
561455
561456
561457
561458
561459
561460
561461
561462
561463
561464
561465
561466
561467
561468
561469
561470
561471
561472
561473
561474
561475
561476
561477
561478
561479
561480
561481
561482
561483
561484
561485
561486
561487
561488
561489
561490
561491
561492
561493
561494
561495
561496
561497
561498
561499
561500
561501
561502
561503
561504
561505
561506
561507
561508
561509
561510
561511
561512
561513
561514
561515
561516
561517
561518
561519
561520
561521
561522
561523
561524
561525
561526
561527
561528
561529
561530
561531
561532
561533
561534
561535
561536
561537
561538
561539
561540
561541
561542
561543
561544
561545
561546
561547
561548
561549
561550
561551
561552
561553
561554
561555
561556
561557
561558
561559
561560
561561
561562
561563
561564
561565
561566
561567
561568
561569
561570
561571
561572
561573
561574
561575
561576
561577
561578
561579
561580
561581
561582
561583
561584
561585
561586
561587
561588
561589
561590
561591
561592
561593
561594
561595
561596
561597
561598
561599
561600
561601
561602
561603
561604
561605
561606
561607
561608
561609
561610
561611
561612
561613
561614
561615
561616
561617
561618
561619
561620
561621
561622
561623
561624
561625
561626
561627
561628
561629
561630
561631
561632
561633
561634
561635
561636
561637
561638
561639
561640
561641
561642
561643
561644
561645
561646
561647
561648
561649
561650
561651
561652
561653
561654
561655
561656
561657
561658
561659
561660
561661
561662
561663
561664
561665
561666
561667
561668
561669
561670
561671
561672
561673
561674
561675
561676
561677
561678
561679
561680
561681
561682
561683
561684
561685
561686
561687
561688
561689
561690
561691
561692
561693
561694
561695
561696
561697
561698
561699
561700
561701
561702
561703
561704
561705
561706
561707
561708
561709
561710
561711
561712
561713
561714
561715
561716
561717
561718
561719
561720
561721
561722
561723
561724
561725
561726
561727
561728
561729
561730
561731
561732
561733
561734
561735
561736
561737
561738
561739
561740
561741
561742
561743
561744
561745
561746
561747
561748
561749
561750
561751
561752
561753
561754
561755
561756
561757
561758
561759
561760
561761
561762
561763
561764
561765
561766
561767
561768
561769
561770
561771
561772
561773
561774
561775
561776
561777
561778
561779
561780
561781
561782
561783
561784
561785
561786
561787
561788
561789
561790
561791
561792
561793
561794
561795
561796
561797
561798
561799
561800
561801
561802
561803
561804
561805
561806
561807
561808
561809
561810
561811
561812
561813
561814
561815
561816
561817
561818
561819
561820
561821
561822
561823
561824
561825
561826
561827
561828
561829
561830
561831
561832
561833
561834
561835
561836
561837
561838
561839
561840
561841
561842
561843
561844
561845
561846
561847
561848
561849
561850
561851
561852
561853
561854
561855
561856
561857
561858
561859
561860
561861
561862
561863
561864
561865
561866
561867
561868
561869
561870
)


// ************************************************************************* //
