/*--------------------------------*- C++ -*----------------------------------*\
| =========                 |                                                 |
| \\      /  F ield         | OpenFOAM: The Open Source CFD Toolbox           |
|  \\    /   O peration     | Version:  2412                                  |
|   \\  /    A nd           | Website:  www.openfoam.com                      |
|    \\/     M anipulation  |                                                 |
\*---------------------------------------------------------------------------*/
FoamFile
{
    version     2.0;
    format      ascii;
    arch        "LSB;label=32;scalar=64";
    class       vectorField;
    location    "constant/solid/polyMesh";
    object      points;
}
// * * * * * * * * * * * * * * * * * * * * * * * * * * * * * * * * * * * * * //


1331
(
(0.08 0.05 0)
(0.08 0.05 0.002)
(0.08 0.05 0.004)
(0.08 0.05 0.006)
(0.08 0.05 0.008)
(0.08 0.05 0.01)
(0.08 0.05 0.012)
(0.08 0.05 0.014)
(0.08 0.05 0.016)
(0.08 0.05 0.018)
(0.08 0.05 0.02)
(0.08 0.052 0)
(0.08 0.054 0)
(0.08 0.056 0)
(0.08 0.058 0)
(0.08 0.06 0)
(0.08 0.062 0)
(0.08 0.064 0)
(0.08 0.066 0)
(0.08 0.068 0)
(0.08 0.07 0)
(0.08 0.052 0.002)
(0.08 0.054 0.002)
(0.08 0.056 0.002)
(0.08 0.058 0.002)
(0.08 0.06 0.002)
(0.08 0.062 0.002)
(0.08 0.064 0.002)
(0.08 0.066 0.002)
(0.08 0.068 0.002)
(0.08 0.07 0.002)
(0.08 0.052 0.004)
(0.08 0.054 0.004)
(0.08 0.056 0.004)
(0.08 0.058 0.004)
(0.08 0.06 0.004)
(0.08 0.062 0.004)
(0.08 0.064 0.004)
(0.08 0.066 0.004)
(0.08 0.068 0.004)
(0.08 0.07 0.004)
(0.08 0.052 0.006)
(0.08 0.054 0.006)
(0.08 0.056 0.006)
(0.08 0.058 0.006)
(0.08 0.06 0.006)
(0.08 0.062 0.006)
(0.08 0.064 0.006)
(0.08 0.066 0.006)
(0.08 0.068 0.006)
(0.08 0.07 0.006)
(0.08 0.052 0.008)
(0.08 0.054 0.008)
(0.08 0.056 0.008)
(0.08 0.058 0.008)
(0.08 0.06 0.008)
(0.08 0.062 0.008)
(0.08 0.064 0.008)
(0.08 0.066 0.008)
(0.08 0.068 0.008)
(0.08 0.07 0.008)
(0.08 0.052 0.01)
(0.08 0.054 0.01)
(0.08 0.056 0.01)
(0.08 0.058 0.01)
(0.08 0.06 0.01)
(0.08 0.062 0.01)
(0.08 0.064 0.01)
(0.08 0.066 0.01)
(0.08 0.068 0.01)
(0.08 0.07 0.01)
(0.08 0.052 0.012)
(0.08 0.054 0.012)
(0.08 0.056 0.012)
(0.08 0.058 0.012)
(0.08 0.06 0.012)
(0.08 0.062 0.012)
(0.08 0.064 0.012)
(0.08 0.066 0.012)
(0.08 0.068 0.012)
(0.08 0.07 0.012)
(0.08 0.052 0.014)
(0.08 0.054 0.014)
(0.08 0.056 0.014)
(0.08 0.058 0.014)
(0.08 0.06 0.014)
(0.08 0.062 0.014)
(0.08 0.064 0.014)
(0.08 0.066 0.014)
(0.08 0.068 0.014)
(0.08 0.07 0.014)
(0.08 0.052 0.016)
(0.08 0.054 0.016)
(0.08 0.056 0.016)
(0.08 0.058 0.016)
(0.08 0.06 0.016)
(0.08 0.062 0.016)
(0.08 0.064 0.016)
(0.08 0.066 0.016)
(0.08 0.068 0.016)
(0.08 0.07 0.016)
(0.08 0.052 0.018)
(0.08 0.054 0.018)
(0.08 0.056 0.018)
(0.08 0.058 0.018)
(0.08 0.06 0.018)
(0.08 0.062 0.018)
(0.08 0.064 0.018)
(0.08 0.066 0.018)
(0.08 0.068 0.018)
(0.08 0.07 0.018)
(0.08 0.052 0.02)
(0.08 0.054 0.02)
(0.08 0.056 0.02)
(0.08 0.058 0.02)
(0.08 0.06 0.02)
(0.08 0.062 0.02)
(0.08 0.064 0.02)
(0.08 0.066 0.02)
(0.08 0.068 0.02)
(0.08 0.07 0.02)
(0.082 0.07 0)
(0.084 0.07 0)
(0.086 0.07 0)
(0.088 0.07 0)
(0.09 0.07 0)
(0.092 0.07 0)
(0.094 0.07 0)
(0.096 0.07 0)
(0.098 0.07 0)
(0.1 0.07 0)
(0.082 0.07 0.002)
(0.084 0.07 0.002)
(0.086 0.07 0.002)
(0.088 0.07 0.002)
(0.09 0.07 0.002)
(0.092 0.07 0.002)
(0.094 0.07 0.002)
(0.096 0.07 0.002)
(0.098 0.07 0.002)
(0.1 0.07 0.002)
(0.082 0.07 0.004)
(0.084 0.07 0.004)
(0.086 0.07 0.004)
(0.088 0.07 0.004)
(0.09 0.07 0.004)
(0.092 0.07 0.004)
(0.094 0.07 0.004)
(0.096 0.07 0.004)
(0.098 0.07 0.004)
(0.1 0.07 0.004)
(0.082 0.07 0.006)
(0.084 0.07 0.006)
(0.086 0.07 0.006)
(0.088 0.07 0.006)
(0.09 0.07 0.006)
(0.092 0.07 0.006)
(0.094 0.07 0.006)
(0.096 0.07 0.006)
(0.098 0.07 0.006)
(0.1 0.07 0.006)
(0.082 0.07 0.008)
(0.084 0.07 0.008)
(0.086 0.07 0.008)
(0.088 0.07 0.008)
(0.09 0.07 0.008)
(0.092 0.07 0.008)
(0.094 0.07 0.008)
(0.096 0.07 0.008)
(0.098 0.07 0.008)
(0.1 0.07 0.008)
(0.082 0.07 0.01)
(0.084 0.07 0.01)
(0.086 0.07 0.01)
(0.088 0.07 0.01)
(0.09 0.07 0.01)
(0.092 0.07 0.01)
(0.094 0.07 0.01)
(0.096 0.07 0.01)
(0.098 0.07 0.01)
(0.1 0.07 0.01)
(0.082 0.07 0.012)
(0.084 0.07 0.012)
(0.086 0.07 0.012)
(0.088 0.07 0.012)
(0.09 0.07 0.012)
(0.092 0.07 0.012)
(0.094 0.07 0.012)
(0.096 0.07 0.012)
(0.098 0.07 0.012)
(0.1 0.07 0.012)
(0.082 0.07 0.014)
(0.084 0.07 0.014)
(0.086 0.07 0.014)
(0.088 0.07 0.014)
(0.09 0.07 0.014)
(0.092 0.07 0.014)
(0.094 0.07 0.014)
(0.096 0.07 0.014)
(0.098 0.07 0.014)
(0.1 0.07 0.014)
(0.082 0.07 0.016)
(0.084 0.07 0.016)
(0.086 0.07 0.016)
(0.088 0.07 0.016)
(0.09 0.07 0.016)
(0.092 0.07 0.016)
(0.094 0.07 0.016)
(0.096 0.07 0.016)
(0.098 0.07 0.016)
(0.1 0.07 0.016)
(0.082 0.07 0.018)
(0.084 0.07 0.018)
(0.086 0.07 0.018)
(0.088 0.07 0.018)
(0.09 0.07 0.018)
(0.092 0.07 0.018)
(0.094 0.07 0.018)
(0.096 0.07 0.018)
(0.098 0.07 0.018)
(0.1 0.07 0.018)
(0.082 0.07 0.02)
(0.084 0.07 0.02)
(0.086 0.07 0.02)
(0.088 0.07 0.02)
(0.09 0.07 0.02)
(0.092 0.07 0.02)
(0.094 0.07 0.02)
(0.096 0.07 0.02)
(0.098 0.07 0.02)
(0.1 0.07 0.02)
(0.1 0.05 0)
(0.1 0.052 0)
(0.1 0.054 0)
(0.1 0.056 0)
(0.1 0.058 0)
(0.1 0.06 0)
(0.1 0.062 0)
(0.1 0.064 0)
(0.1 0.066 0)
(0.1 0.068 0)
(0.1 0.05 0.002)
(0.1 0.052 0.002)
(0.1 0.054 0.002)
(0.1 0.056 0.002)
(0.1 0.058 0.002)
(0.1 0.06 0.002)
(0.1 0.062 0.002)
(0.1 0.064 0.002)
(0.1 0.066 0.002)
(0.1 0.068 0.002)
(0.1 0.05 0.004)
(0.1 0.052 0.004)
(0.1 0.054 0.004)
(0.1 0.056 0.004)
(0.1 0.058 0.004)
(0.1 0.06 0.004)
(0.1 0.062 0.004)
(0.1 0.064 0.004)
(0.1 0.066 0.004)
(0.1 0.068 0.004)
(0.1 0.05 0.006)
(0.1 0.052 0.006)
(0.1 0.054 0.006)
(0.1 0.056 0.006)
(0.1 0.058 0.006)
(0.1 0.06 0.006)
(0.1 0.062 0.006)
(0.1 0.064 0.006)
(0.1 0.066 0.006)
(0.1 0.068 0.006)
(0.1 0.05 0.008)
(0.1 0.052 0.008)
(0.1 0.054 0.008)
(0.1 0.056 0.008)
(0.1 0.058 0.008)
(0.1 0.06 0.008)
(0.1 0.062 0.008)
(0.1 0.064 0.008)
(0.1 0.066 0.008)
(0.1 0.068 0.008)
(0.1 0.05 0.01)
(0.1 0.052 0.01)
(0.1 0.054 0.01)
(0.1 0.056 0.01)
(0.1 0.058 0.01)
(0.1 0.06 0.01)
(0.1 0.062 0.01)
(0.1 0.064 0.01)
(0.1 0.066 0.01)
(0.1 0.068 0.01)
(0.1 0.05 0.012)
(0.1 0.052 0.012)
(0.1 0.054 0.012)
(0.1 0.056 0.012)
(0.1 0.058 0.012)
(0.1 0.06 0.012)
(0.1 0.062 0.012)
(0.1 0.064 0.012)
(0.1 0.066 0.012)
(0.1 0.068 0.012)
(0.1 0.05 0.014)
(0.1 0.052 0.014)
(0.1 0.054 0.014)
(0.1 0.056 0.014)
(0.1 0.058 0.014)
(0.1 0.06 0.014)
(0.1 0.062 0.014)
(0.1 0.064 0.014)
(0.1 0.066 0.014)
(0.1 0.068 0.014)
(0.1 0.05 0.016)
(0.1 0.052 0.016)
(0.1 0.054 0.016)
(0.1 0.056 0.016)
(0.1 0.058 0.016)
(0.1 0.06 0.016)
(0.1 0.062 0.016)
(0.1 0.064 0.016)
(0.1 0.066 0.016)
(0.1 0.068 0.016)
(0.1 0.05 0.018)
(0.1 0.052 0.018)
(0.1 0.054 0.018)
(0.1 0.056 0.018)
(0.1 0.058 0.018)
(0.1 0.06 0.018)
(0.1 0.062 0.018)
(0.1 0.064 0.018)
(0.1 0.066 0.018)
(0.1 0.068 0.018)
(0.1 0.05 0.02)
(0.1 0.052 0.02)
(0.1 0.054 0.02)
(0.1 0.056 0.02)
(0.1 0.058 0.02)
(0.1 0.06 0.02)
(0.1 0.062 0.02)
(0.1 0.064 0.02)
(0.1 0.066 0.02)
(0.1 0.068 0.02)
(0.082 0.05 0)
(0.084 0.05 0)
(0.086 0.05 0)
(0.088 0.05 0)
(0.09 0.05 0)
(0.092 0.05 0)
(0.094 0.05 0)
(0.096 0.05 0)
(0.098 0.05 0)
(0.082 0.05 0.002)
(0.084 0.05 0.002)
(0.086 0.05 0.002)
(0.088 0.05 0.002)
(0.09 0.05 0.002)
(0.092 0.05 0.002)
(0.094 0.05 0.002)
(0.096 0.05 0.002)
(0.098 0.05 0.002)
(0.082 0.05 0.004)
(0.084 0.05 0.004)
(0.086 0.05 0.004)
(0.088 0.05 0.004)
(0.09 0.05 0.004)
(0.092 0.05 0.004)
(0.094 0.05 0.004)
(0.096 0.05 0.004)
(0.098 0.05 0.004)
(0.082 0.05 0.006)
(0.084 0.05 0.006)
(0.086 0.05 0.006)
(0.088 0.05 0.006)
(0.09 0.05 0.006)
(0.092 0.05 0.006)
(0.094 0.05 0.006)
(0.096 0.05 0.006)
(0.098 0.05 0.006)
(0.082 0.05 0.008)
(0.084 0.05 0.008)
(0.086 0.05 0.008)
(0.088 0.05 0.008)
(0.09 0.05 0.008)
(0.092 0.05 0.008)
(0.094 0.05 0.008)
(0.096 0.05 0.008)
(0.098 0.05 0.008)
(0.082 0.05 0.01)
(0.084 0.05 0.01)
(0.086 0.05 0.01)
(0.088 0.05 0.01)
(0.09 0.05 0.01)
(0.092 0.05 0.01)
(0.094 0.05 0.01)
(0.096 0.05 0.01)
(0.098 0.05 0.01)
(0.082 0.05 0.012)
(0.084 0.05 0.012)
(0.086 0.05 0.012)
(0.088 0.05 0.012)
(0.09 0.05 0.012)
(0.092 0.05 0.012)
(0.094 0.05 0.012)
(0.096 0.05 0.012)
(0.098 0.05 0.012)
(0.082 0.05 0.014)
(0.084 0.05 0.014)
(0.086 0.05 0.014)
(0.088 0.05 0.014)
(0.09 0.05 0.014)
(0.092 0.05 0.014)
(0.094 0.05 0.014)
(0.096 0.05 0.014)
(0.098 0.05 0.014)
(0.082 0.05 0.016)
(0.084 0.05 0.016)
(0.086 0.05 0.016)
(0.088 0.05 0.016)
(0.09 0.05 0.016)
(0.092 0.05 0.016)
(0.094 0.05 0.016)
(0.096 0.05 0.016)
(0.098 0.05 0.016)
(0.082 0.05 0.018)
(0.084 0.05 0.018)
(0.086 0.05 0.018)
(0.088 0.05 0.018)
(0.09 0.05 0.018)
(0.092 0.05 0.018)
(0.094 0.05 0.018)
(0.096 0.05 0.018)
(0.098 0.05 0.018)
(0.082 0.05 0.02)
(0.084 0.05 0.02)
(0.086 0.05 0.02)
(0.088 0.05 0.02)
(0.09 0.05 0.02)
(0.092 0.05 0.02)
(0.094 0.05 0.02)
(0.096 0.05 0.02)
(0.098 0.05 0.02)
(0.082 0.052 0.02)
(0.084 0.052 0.02)
(0.086 0.052 0.02)
(0.088 0.052 0.02)
(0.09 0.052 0.02)
(0.092 0.052 0.02)
(0.094 0.052 0.02)
(0.096 0.052 0.02)
(0.098 0.052 0.02)
(0.082 0.054 0.02)
(0.084 0.054 0.02)
(0.086 0.054 0.02)
(0.088 0.054 0.02)
(0.09 0.054 0.02)
(0.092 0.054 0.02)
(0.094 0.054 0.02)
(0.096 0.054 0.02)
(0.098 0.054 0.02)
(0.082 0.056 0.02)
(0.084 0.056 0.02)
(0.086 0.056 0.02)
(0.088 0.056 0.02)
(0.09 0.056 0.02)
(0.092 0.056 0.02)
(0.094 0.056 0.02)
(0.096 0.056 0.02)
(0.098 0.056 0.02)
(0.082 0.058 0.02)
(0.084 0.058 0.02)
(0.086 0.058 0.02)
(0.088 0.058 0.02)
(0.09 0.058 0.02)
(0.092 0.058 0.02)
(0.094 0.058 0.02)
(0.096 0.058 0.02)
(0.098 0.058 0.02)
(0.082 0.06 0.02)
(0.084 0.06 0.02)
(0.086 0.06 0.02)
(0.088 0.06 0.02)
(0.09 0.06 0.02)
(0.092 0.06 0.02)
(0.094 0.06 0.02)
(0.096 0.06 0.02)
(0.098 0.06 0.02)
(0.082 0.062 0.02)
(0.084 0.062 0.02)
(0.086 0.062 0.02)
(0.088 0.062 0.02)
(0.09 0.062 0.02)
(0.092 0.062 0.02)
(0.094 0.062 0.02)
(0.096 0.062 0.02)
(0.098 0.062 0.02)
(0.082 0.064 0.02)
(0.084 0.064 0.02)
(0.086 0.064 0.02)
(0.088 0.064 0.02)
(0.09 0.064 0.02)
(0.092 0.064 0.02)
(0.094 0.064 0.02)
(0.096 0.064 0.02)
(0.098 0.064 0.02)
(0.082 0.066 0.02)
(0.084 0.066 0.02)
(0.086 0.066 0.02)
(0.088 0.066 0.02)
(0.09 0.066 0.02)
(0.092 0.066 0.02)
(0.094 0.066 0.02)
(0.096 0.066 0.02)
(0.098 0.066 0.02)
(0.082 0.068 0.02)
(0.084 0.068 0.02)
(0.086 0.068 0.02)
(0.088 0.068 0.02)
(0.09 0.068 0.02)
(0.092 0.068 0.02)
(0.094 0.068 0.02)
(0.096 0.068 0.02)
(0.098 0.068 0.02)
(0.082 0.052 0)
(0.084 0.052 0)
(0.086 0.052 0)
(0.088 0.052 0)
(0.09 0.052 0)
(0.092 0.052 0)
(0.094 0.052 0)
(0.096 0.052 0)
(0.098 0.052 0)
(0.082 0.054 0)
(0.084 0.054 0)
(0.086 0.054 0)
(0.088 0.054 0)
(0.09 0.054 0)
(0.092 0.054 0)
(0.094 0.054 0)
(0.096 0.054 0)
(0.098 0.054 0)
(0.082 0.056 0)
(0.084 0.056 0)
(0.086 0.056 0)
(0.088 0.056 0)
(0.09 0.056 0)
(0.092 0.056 0)
(0.094 0.056 0)
(0.096 0.056 0)
(0.098 0.056 0)
(0.082 0.058 0)
(0.084 0.058 0)
(0.086 0.058 0)
(0.088 0.058 0)
(0.09 0.058 0)
(0.092 0.058 0)
(0.094 0.058 0)
(0.096 0.058 0)
(0.098 0.058 0)
(0.082 0.06 0)
(0.084 0.06 0)
(0.086 0.06 0)
(0.088 0.06 0)
(0.09 0.06 0)
(0.092 0.06 0)
(0.094 0.06 0)
(0.096 0.06 0)
(0.098 0.06 0)
(0.082 0.062 0)
(0.084 0.062 0)
(0.086 0.062 0)
(0.088 0.062 0)
(0.09 0.062 0)
(0.092 0.062 0)
(0.094 0.062 0)
(0.096 0.062 0)
(0.098 0.062 0)
(0.082 0.064 0)
(0.084 0.064 0)
(0.086 0.064 0)
(0.088 0.064 0)
(0.09 0.064 0)
(0.092 0.064 0)
(0.094 0.064 0)
(0.096 0.064 0)
(0.098 0.064 0)
(0.082 0.066 0)
(0.084 0.066 0)
(0.086 0.066 0)
(0.088 0.066 0)
(0.09 0.066 0)
(0.092 0.066 0)
(0.094 0.066 0)
(0.096 0.066 0)
(0.098 0.066 0)
(0.082 0.068 0)
(0.084 0.068 0)
(0.086 0.068 0)
(0.088 0.068 0)
(0.09 0.068 0)
(0.092 0.068 0)
(0.094 0.068 0)
(0.096 0.068 0)
(0.098 0.068 0)
(0.082 0.052 0.002)
(0.084 0.052 0.002)
(0.086 0.052 0.002)
(0.088 0.052 0.002)
(0.09 0.052 0.002)
(0.092 0.052 0.002)
(0.094 0.052 0.002)
(0.096 0.052 0.002)
(0.098 0.052 0.002)
(0.082 0.054 0.002)
(0.084 0.054 0.002)
(0.086 0.054 0.002)
(0.088 0.054 0.002)
(0.09 0.054 0.002)
(0.092 0.054 0.002)
(0.094 0.054 0.002)
(0.096 0.054 0.002)
(0.098 0.054 0.002)
(0.082 0.056 0.002)
(0.084 0.056 0.002)
(0.086 0.056 0.002)
(0.088 0.056 0.002)
(0.09 0.056 0.002)
(0.092 0.056 0.002)
(0.094 0.056 0.002)
(0.096 0.056 0.002)
(0.098 0.056 0.002)
(0.082 0.058 0.002)
(0.084 0.058 0.002)
(0.086 0.058 0.002)
(0.088 0.058 0.002)
(0.09 0.058 0.002)
(0.092 0.058 0.002)
(0.094 0.058 0.002)
(0.096 0.058 0.002)
(0.098 0.058 0.002)
(0.082 0.06 0.002)
(0.084 0.06 0.002)
(0.086 0.06 0.002)
(0.088 0.06 0.002)
(0.09 0.06 0.002)
(0.092 0.06 0.002)
(0.094 0.06 0.002)
(0.096 0.06 0.002)
(0.098 0.06 0.002)
(0.082 0.062 0.002)
(0.084 0.062 0.002)
(0.086 0.062 0.002)
(0.088 0.062 0.002)
(0.09 0.062 0.002)
(0.092 0.062 0.002)
(0.094 0.062 0.002)
(0.096 0.062 0.002)
(0.098 0.062 0.002)
(0.082 0.064 0.002)
(0.084 0.064 0.002)
(0.086 0.064 0.002)
(0.088 0.064 0.002)
(0.09 0.064 0.002)
(0.092 0.064 0.002)
(0.094 0.064 0.002)
(0.096 0.064 0.002)
(0.098 0.064 0.002)
(0.082 0.066 0.002)
(0.084 0.066 0.002)
(0.086 0.066 0.002)
(0.088 0.066 0.002)
(0.09 0.066 0.002)
(0.092 0.066 0.002)
(0.094 0.066 0.002)
(0.096 0.066 0.002)
(0.098 0.066 0.002)
(0.082 0.068 0.002)
(0.084 0.068 0.002)
(0.086 0.068 0.002)
(0.088 0.068 0.002)
(0.09 0.068 0.002)
(0.092 0.068 0.002)
(0.094 0.068 0.002)
(0.096 0.068 0.002)
(0.098 0.068 0.002)
(0.082 0.052 0.004)
(0.084 0.052 0.004)
(0.086 0.052 0.004)
(0.088 0.052 0.004)
(0.09 0.052 0.004)
(0.092 0.052 0.004)
(0.094 0.052 0.004)
(0.096 0.052 0.004)
(0.098 0.052 0.004)
(0.082 0.054 0.004)
(0.084 0.054 0.004)
(0.086 0.054 0.004)
(0.088 0.054 0.004)
(0.09 0.054 0.004)
(0.092 0.054 0.004)
(0.094 0.054 0.004)
(0.096 0.054 0.004)
(0.098 0.054 0.004)
(0.082 0.056 0.004)
(0.084 0.056 0.004)
(0.086 0.056 0.004)
(0.088 0.056 0.004)
(0.09 0.056 0.004)
(0.092 0.056 0.004)
(0.094 0.056 0.004)
(0.096 0.056 0.004)
(0.098 0.056 0.004)
(0.082 0.058 0.004)
(0.084 0.058 0.004)
(0.086 0.058 0.004)
(0.088 0.058 0.004)
(0.09 0.058 0.004)
(0.092 0.058 0.004)
(0.094 0.058 0.004)
(0.096 0.058 0.004)
(0.098 0.058 0.004)
(0.082 0.06 0.004)
(0.084 0.06 0.004)
(0.086 0.06 0.004)
(0.088 0.06 0.004)
(0.09 0.06 0.004)
(0.092 0.06 0.004)
(0.094 0.06 0.004)
(0.096 0.06 0.004)
(0.098 0.06 0.004)
(0.082 0.062 0.004)
(0.084 0.062 0.004)
(0.086 0.062 0.004)
(0.088 0.062 0.004)
(0.09 0.062 0.004)
(0.092 0.062 0.004)
(0.094 0.062 0.004)
(0.096 0.062 0.004)
(0.098 0.062 0.004)
(0.082 0.064 0.004)
(0.084 0.064 0.004)
(0.086 0.064 0.004)
(0.088 0.064 0.004)
(0.09 0.064 0.004)
(0.092 0.064 0.004)
(0.094 0.064 0.004)
(0.096 0.064 0.004)
(0.098 0.064 0.004)
(0.082 0.066 0.004)
(0.084 0.066 0.004)
(0.086 0.066 0.004)
(0.088 0.066 0.004)
(0.09 0.066 0.004)
(0.092 0.066 0.004)
(0.094 0.066 0.004)
(0.096 0.066 0.004)
(0.098 0.066 0.004)
(0.082 0.068 0.004)
(0.084 0.068 0.004)
(0.086 0.068 0.004)
(0.088 0.068 0.004)
(0.09 0.068 0.004)
(0.092 0.068 0.004)
(0.094 0.068 0.004)
(0.096 0.068 0.004)
(0.098 0.068 0.004)
(0.082 0.052 0.006)
(0.084 0.052 0.006)
(0.086 0.052 0.006)
(0.088 0.052 0.006)
(0.09 0.052 0.006)
(0.092 0.052 0.006)
(0.094 0.052 0.006)
(0.096 0.052 0.006)
(0.098 0.052 0.006)
(0.082 0.054 0.006)
(0.084 0.054 0.006)
(0.086 0.054 0.006)
(0.088 0.054 0.006)
(0.09 0.054 0.006)
(0.092 0.054 0.006)
(0.094 0.054 0.006)
(0.096 0.054 0.006)
(0.098 0.054 0.006)
(0.082 0.056 0.006)
(0.084 0.056 0.006)
(0.086 0.056 0.006)
(0.088 0.056 0.006)
(0.09 0.056 0.006)
(0.092 0.056 0.006)
(0.094 0.056 0.006)
(0.096 0.056 0.006)
(0.098 0.056 0.006)
(0.082 0.058 0.006)
(0.084 0.058 0.006)
(0.086 0.058 0.006)
(0.088 0.058 0.006)
(0.09 0.058 0.006)
(0.092 0.058 0.006)
(0.094 0.058 0.006)
(0.096 0.058 0.006)
(0.098 0.058 0.006)
(0.082 0.06 0.006)
(0.084 0.06 0.006)
(0.086 0.06 0.006)
(0.088 0.06 0.006)
(0.09 0.06 0.006)
(0.092 0.06 0.006)
(0.094 0.06 0.006)
(0.096 0.06 0.006)
(0.098 0.06 0.006)
(0.082 0.062 0.006)
(0.084 0.062 0.006)
(0.086 0.062 0.006)
(0.088 0.062 0.006)
(0.09 0.062 0.006)
(0.092 0.062 0.006)
(0.094 0.062 0.006)
(0.096 0.062 0.006)
(0.098 0.062 0.006)
(0.082 0.064 0.006)
(0.084 0.064 0.006)
(0.086 0.064 0.006)
(0.088 0.064 0.006)
(0.09 0.064 0.006)
(0.092 0.064 0.006)
(0.094 0.064 0.006)
(0.096 0.064 0.006)
(0.098 0.064 0.006)
(0.082 0.066 0.006)
(0.084 0.066 0.006)
(0.086 0.066 0.006)
(0.088 0.066 0.006)
(0.09 0.066 0.006)
(0.092 0.066 0.006)
(0.094 0.066 0.006)
(0.096 0.066 0.006)
(0.098 0.066 0.006)
(0.082 0.068 0.006)
(0.084 0.068 0.006)
(0.086 0.068 0.006)
(0.088 0.068 0.006)
(0.09 0.068 0.006)
(0.092 0.068 0.006)
(0.094 0.068 0.006)
(0.096 0.068 0.006)
(0.098 0.068 0.006)
(0.082 0.052 0.008)
(0.084 0.052 0.008)
(0.086 0.052 0.008)
(0.088 0.052 0.008)
(0.09 0.052 0.008)
(0.092 0.052 0.008)
(0.094 0.052 0.008)
(0.096 0.052 0.008)
(0.098 0.052 0.008)
(0.082 0.054 0.008)
(0.084 0.054 0.008)
(0.086 0.054 0.008)
(0.088 0.054 0.008)
(0.09 0.054 0.008)
(0.092 0.054 0.008)
(0.094 0.054 0.008)
(0.096 0.054 0.008)
(0.098 0.054 0.008)
(0.082 0.056 0.008)
(0.084 0.056 0.008)
(0.086 0.056 0.008)
(0.088 0.056 0.008)
(0.09 0.056 0.008)
(0.092 0.056 0.008)
(0.094 0.056 0.008)
(0.096 0.056 0.008)
(0.098 0.056 0.008)
(0.082 0.058 0.008)
(0.084 0.058 0.008)
(0.086 0.058 0.008)
(0.088 0.058 0.008)
(0.09 0.058 0.008)
(0.092 0.058 0.008)
(0.094 0.058 0.008)
(0.096 0.058 0.008)
(0.098 0.058 0.008)
(0.082 0.06 0.008)
(0.084 0.06 0.008)
(0.086 0.06 0.008)
(0.088 0.06 0.008)
(0.09 0.06 0.008)
(0.092 0.06 0.008)
(0.094 0.06 0.008)
(0.096 0.06 0.008)
(0.098 0.06 0.008)
(0.082 0.062 0.008)
(0.084 0.062 0.008)
(0.086 0.062 0.008)
(0.088 0.062 0.008)
(0.09 0.062 0.008)
(0.092 0.062 0.008)
(0.094 0.062 0.008)
(0.096 0.062 0.008)
(0.098 0.062 0.008)
(0.082 0.064 0.008)
(0.084 0.064 0.008)
(0.086 0.064 0.008)
(0.088 0.064 0.008)
(0.09 0.064 0.008)
(0.092 0.064 0.008)
(0.094 0.064 0.008)
(0.096 0.064 0.008)
(0.098 0.064 0.008)
(0.082 0.066 0.008)
(0.084 0.066 0.008)
(0.086 0.066 0.008)
(0.088 0.066 0.008)
(0.09 0.066 0.008)
(0.092 0.066 0.008)
(0.094 0.066 0.008)
(0.096 0.066 0.008)
(0.098 0.066 0.008)
(0.082 0.068 0.008)
(0.084 0.068 0.008)
(0.086 0.068 0.008)
(0.088 0.068 0.008)
(0.09 0.068 0.008)
(0.092 0.068 0.008)
(0.094 0.068 0.008)
(0.096 0.068 0.008)
(0.098 0.068 0.008)
(0.082 0.052 0.01)
(0.084 0.052 0.01)
(0.086 0.052 0.01)
(0.088 0.052 0.01)
(0.09 0.052 0.01)
(0.092 0.052 0.01)
(0.094 0.052 0.01)
(0.096 0.052 0.01)
(0.098 0.052 0.01)
(0.082 0.054 0.01)
(0.084 0.054 0.01)
(0.086 0.054 0.01)
(0.088 0.054 0.01)
(0.09 0.054 0.01)
(0.092 0.054 0.01)
(0.094 0.054 0.01)
(0.096 0.054 0.01)
(0.098 0.054 0.01)
(0.082 0.056 0.01)
(0.084 0.056 0.01)
(0.086 0.056 0.01)
(0.088 0.056 0.01)
(0.09 0.056 0.01)
(0.092 0.056 0.01)
(0.094 0.056 0.01)
(0.096 0.056 0.01)
(0.098 0.056 0.01)
(0.082 0.058 0.01)
(0.084 0.058 0.01)
(0.086 0.058 0.01)
(0.088 0.058 0.01)
(0.09 0.058 0.01)
(0.092 0.058 0.01)
(0.094 0.058 0.01)
(0.096 0.058 0.01)
(0.098 0.058 0.01)
(0.082 0.06 0.01)
(0.084 0.06 0.01)
(0.086 0.06 0.01)
(0.088 0.06 0.01)
(0.09 0.06 0.01)
(0.092 0.06 0.01)
(0.094 0.06 0.01)
(0.096 0.06 0.01)
(0.098 0.06 0.01)
(0.082 0.062 0.01)
(0.084 0.062 0.01)
(0.086 0.062 0.01)
(0.088 0.062 0.01)
(0.09 0.062 0.01)
(0.092 0.062 0.01)
(0.094 0.062 0.01)
(0.096 0.062 0.01)
(0.098 0.062 0.01)
(0.082 0.064 0.01)
(0.084 0.064 0.01)
(0.086 0.064 0.01)
(0.088 0.064 0.01)
(0.09 0.064 0.01)
(0.092 0.064 0.01)
(0.094 0.064 0.01)
(0.096 0.064 0.01)
(0.098 0.064 0.01)
(0.082 0.066 0.01)
(0.084 0.066 0.01)
(0.086 0.066 0.01)
(0.088 0.066 0.01)
(0.09 0.066 0.01)
(0.092 0.066 0.01)
(0.094 0.066 0.01)
(0.096 0.066 0.01)
(0.098 0.066 0.01)
(0.082 0.068 0.01)
(0.084 0.068 0.01)
(0.086 0.068 0.01)
(0.088 0.068 0.01)
(0.09 0.068 0.01)
(0.092 0.068 0.01)
(0.094 0.068 0.01)
(0.096 0.068 0.01)
(0.098 0.068 0.01)
(0.082 0.052 0.012)
(0.084 0.052 0.012)
(0.086 0.052 0.012)
(0.088 0.052 0.012)
(0.09 0.052 0.012)
(0.092 0.052 0.012)
(0.094 0.052 0.012)
(0.096 0.052 0.012)
(0.098 0.052 0.012)
(0.082 0.054 0.012)
(0.084 0.054 0.012)
(0.086 0.054 0.012)
(0.088 0.054 0.012)
(0.09 0.054 0.012)
(0.092 0.054 0.012)
(0.094 0.054 0.012)
(0.096 0.054 0.012)
(0.098 0.054 0.012)
(0.082 0.056 0.012)
(0.084 0.056 0.012)
(0.086 0.056 0.012)
(0.088 0.056 0.012)
(0.09 0.056 0.012)
(0.092 0.056 0.012)
(0.094 0.056 0.012)
(0.096 0.056 0.012)
(0.098 0.056 0.012)
(0.082 0.058 0.012)
(0.084 0.058 0.012)
(0.086 0.058 0.012)
(0.088 0.058 0.012)
(0.09 0.058 0.012)
(0.092 0.058 0.012)
(0.094 0.058 0.012)
(0.096 0.058 0.012)
(0.098 0.058 0.012)
(0.082 0.06 0.012)
(0.084 0.06 0.012)
(0.086 0.06 0.012)
(0.088 0.06 0.012)
(0.09 0.06 0.012)
(0.092 0.06 0.012)
(0.094 0.06 0.012)
(0.096 0.06 0.012)
(0.098 0.06 0.012)
(0.082 0.062 0.012)
(0.084 0.062 0.012)
(0.086 0.062 0.012)
(0.088 0.062 0.012)
(0.09 0.062 0.012)
(0.092 0.062 0.012)
(0.094 0.062 0.012)
(0.096 0.062 0.012)
(0.098 0.062 0.012)
(0.082 0.064 0.012)
(0.084 0.064 0.012)
(0.086 0.064 0.012)
(0.088 0.064 0.012)
(0.09 0.064 0.012)
(0.092 0.064 0.012)
(0.094 0.064 0.012)
(0.096 0.064 0.012)
(0.098 0.064 0.012)
(0.082 0.066 0.012)
(0.084 0.066 0.012)
(0.086 0.066 0.012)
(0.088 0.066 0.012)
(0.09 0.066 0.012)
(0.092 0.066 0.012)
(0.094 0.066 0.012)
(0.096 0.066 0.012)
(0.098 0.066 0.012)
(0.082 0.068 0.012)
(0.084 0.068 0.012)
(0.086 0.068 0.012)
(0.088 0.068 0.012)
(0.09 0.068 0.012)
(0.092 0.068 0.012)
(0.094 0.068 0.012)
(0.096 0.068 0.012)
(0.098 0.068 0.012)
(0.082 0.052 0.014)
(0.084 0.052 0.014)
(0.086 0.052 0.014)
(0.088 0.052 0.014)
(0.09 0.052 0.014)
(0.092 0.052 0.014)
(0.094 0.052 0.014)
(0.096 0.052 0.014)
(0.098 0.052 0.014)
(0.082 0.054 0.014)
(0.084 0.054 0.014)
(0.086 0.054 0.014)
(0.088 0.054 0.014)
(0.09 0.054 0.014)
(0.092 0.054 0.014)
(0.094 0.054 0.014)
(0.096 0.054 0.014)
(0.098 0.054 0.014)
(0.082 0.056 0.014)
(0.084 0.056 0.014)
(0.086 0.056 0.014)
(0.088 0.056 0.014)
(0.09 0.056 0.014)
(0.092 0.056 0.014)
(0.094 0.056 0.014)
(0.096 0.056 0.014)
(0.098 0.056 0.014)
(0.082 0.058 0.014)
(0.084 0.058 0.014)
(0.086 0.058 0.014)
(0.088 0.058 0.014)
(0.09 0.058 0.014)
(0.092 0.058 0.014)
(0.094 0.058 0.014)
(0.096 0.058 0.014)
(0.098 0.058 0.014)
(0.082 0.06 0.014)
(0.084 0.06 0.014)
(0.086 0.06 0.014)
(0.088 0.06 0.014)
(0.09 0.06 0.014)
(0.092 0.06 0.014)
(0.094 0.06 0.014)
(0.096 0.06 0.014)
(0.098 0.06 0.014)
(0.082 0.062 0.014)
(0.084 0.062 0.014)
(0.086 0.062 0.014)
(0.088 0.062 0.014)
(0.09 0.062 0.014)
(0.092 0.062 0.014)
(0.094 0.062 0.014)
(0.096 0.062 0.014)
(0.098 0.062 0.014)
(0.082 0.064 0.014)
(0.084 0.064 0.014)
(0.086 0.064 0.014)
(0.088 0.064 0.014)
(0.09 0.064 0.014)
(0.092 0.064 0.014)
(0.094 0.064 0.014)
(0.096 0.064 0.014)
(0.098 0.064 0.014)
(0.082 0.066 0.014)
(0.084 0.066 0.014)
(0.086 0.066 0.014)
(0.088 0.066 0.014)
(0.09 0.066 0.014)
(0.092 0.066 0.014)
(0.094 0.066 0.014)
(0.096 0.066 0.014)
(0.098 0.066 0.014)
(0.082 0.068 0.014)
(0.084 0.068 0.014)
(0.086 0.068 0.014)
(0.088 0.068 0.014)
(0.09 0.068 0.014)
(0.092 0.068 0.014)
(0.094 0.068 0.014)
(0.096 0.068 0.014)
(0.098 0.068 0.014)
(0.082 0.052 0.016)
(0.084 0.052 0.016)
(0.086 0.052 0.016)
(0.088 0.052 0.016)
(0.09 0.052 0.016)
(0.092 0.052 0.016)
(0.094 0.052 0.016)
(0.096 0.052 0.016)
(0.098 0.052 0.016)
(0.082 0.054 0.016)
(0.084 0.054 0.016)
(0.086 0.054 0.016)
(0.088 0.054 0.016)
(0.09 0.054 0.016)
(0.092 0.054 0.016)
(0.094 0.054 0.016)
(0.096 0.054 0.016)
(0.098 0.054 0.016)
(0.082 0.056 0.016)
(0.084 0.056 0.016)
(0.086 0.056 0.016)
(0.088 0.056 0.016)
(0.09 0.056 0.016)
(0.092 0.056 0.016)
(0.094 0.056 0.016)
(0.096 0.056 0.016)
(0.098 0.056 0.016)
(0.082 0.058 0.016)
(0.084 0.058 0.016)
(0.086 0.058 0.016)
(0.088 0.058 0.016)
(0.09 0.058 0.016)
(0.092 0.058 0.016)
(0.094 0.058 0.016)
(0.096 0.058 0.016)
(0.098 0.058 0.016)
(0.082 0.06 0.016)
(0.084 0.06 0.016)
(0.086 0.06 0.016)
(0.088 0.06 0.016)
(0.09 0.06 0.016)
(0.092 0.06 0.016)
(0.094 0.06 0.016)
(0.096 0.06 0.016)
(0.098 0.06 0.016)
(0.082 0.062 0.016)
(0.084 0.062 0.016)
(0.086 0.062 0.016)
(0.088 0.062 0.016)
(0.09 0.062 0.016)
(0.092 0.062 0.016)
(0.094 0.062 0.016)
(0.096 0.062 0.016)
(0.098 0.062 0.016)
(0.082 0.064 0.016)
(0.084 0.064 0.016)
(0.086 0.064 0.016)
(0.088 0.064 0.016)
(0.09 0.064 0.016)
(0.092 0.064 0.016)
(0.094 0.064 0.016)
(0.096 0.064 0.016)
(0.098 0.064 0.016)
(0.082 0.066 0.016)
(0.084 0.066 0.016)
(0.086 0.066 0.016)
(0.088 0.066 0.016)
(0.09 0.066 0.016)
(0.092 0.066 0.016)
(0.094 0.066 0.016)
(0.096 0.066 0.016)
(0.098 0.066 0.016)
(0.082 0.068 0.016)
(0.084 0.068 0.016)
(0.086 0.068 0.016)
(0.088 0.068 0.016)
(0.09 0.068 0.016)
(0.092 0.068 0.016)
(0.094 0.068 0.016)
(0.096 0.068 0.016)
(0.098 0.068 0.016)
(0.082 0.052 0.018)
(0.084 0.052 0.018)
(0.086 0.052 0.018)
(0.088 0.052 0.018)
(0.09 0.052 0.018)
(0.092 0.052 0.018)
(0.094 0.052 0.018)
(0.096 0.052 0.018)
(0.098 0.052 0.018)
(0.082 0.054 0.018)
(0.084 0.054 0.018)
(0.086 0.054 0.018)
(0.088 0.054 0.018)
(0.09 0.054 0.018)
(0.092 0.054 0.018)
(0.094 0.054 0.018)
(0.096 0.054 0.018)
(0.098 0.054 0.018)
(0.082 0.056 0.018)
(0.084 0.056 0.018)
(0.086 0.056 0.018)
(0.088 0.056 0.018)
(0.09 0.056 0.018)
(0.092 0.056 0.018)
(0.094 0.056 0.018)
(0.096 0.056 0.018)
(0.098 0.056 0.018)
(0.082 0.058 0.018)
(0.084 0.058 0.018)
(0.086 0.058 0.018)
(0.088 0.058 0.018)
(0.09 0.058 0.018)
(0.092 0.058 0.018)
(0.094 0.058 0.018)
(0.096 0.058 0.018)
(0.098 0.058 0.018)
(0.082 0.06 0.018)
(0.084 0.06 0.018)
(0.086 0.06 0.018)
(0.088 0.06 0.018)
(0.09 0.06 0.018)
(0.092 0.06 0.018)
(0.094 0.06 0.018)
(0.096 0.06 0.018)
(0.098 0.06 0.018)
(0.082 0.062 0.018)
(0.084 0.062 0.018)
(0.086 0.062 0.018)
(0.088 0.062 0.018)
(0.09 0.062 0.018)
(0.092 0.062 0.018)
(0.094 0.062 0.018)
(0.096 0.062 0.018)
(0.098 0.062 0.018)
(0.082 0.064 0.018)
(0.084 0.064 0.018)
(0.086 0.064 0.018)
(0.088 0.064 0.018)
(0.09 0.064 0.018)
(0.092 0.064 0.018)
(0.094 0.064 0.018)
(0.096 0.064 0.018)
(0.098 0.064 0.018)
(0.082 0.066 0.018)
(0.084 0.066 0.018)
(0.086 0.066 0.018)
(0.088 0.066 0.018)
(0.09 0.066 0.018)
(0.092 0.066 0.018)
(0.094 0.066 0.018)
(0.096 0.066 0.018)
(0.098 0.066 0.018)
(0.082 0.068 0.018)
(0.084 0.068 0.018)
(0.086 0.068 0.018)
(0.088 0.068 0.018)
(0.09 0.068 0.018)
(0.092 0.068 0.018)
(0.094 0.068 0.018)
(0.096 0.068 0.018)
(0.098 0.068 0.018)
)


// ************************************************************************* //
