/*--------------------------------*- C++ -*----------------------------------*\
| =========                 |                                                 |
| \\      /  F ield         | OpenFOAM: The Open Source CFD Toolbox           |
|  \\    /   O peration     | Version:  2412                                  |
|   \\  /    A nd           | Website:  www.openfoam.com                      |
|    \\/     M anipulation  |                                                 |
\*---------------------------------------------------------------------------*/
FoamFile
{
    version     2.0;
    format      ascii;
    arch        "LSB;label=32;scalar=64";
    class       faceList;
    location    "constant/solid/polyMesh";
    object      faces;
}
// * * * * * * * * * * * * * * * * * * * * * * * * * * * * * * * * * * * * * //


242
(
4(24 27 45 42)
4(1 5 45 27)
4(4 42 45 5)
4(25 28 46 43)
4(27 45 46 28)
4(42 43 46 45)
4(28 46 47 29)
4(43 44 47 46)
4(27 32 50 45)
4(2 6 50 32)
4(5 45 50 6)
4(28 33 51 46)
4(32 50 51 33)
4(45 46 51 50)
4(29 34 52 47)
4(33 51 52 34)
4(46 47 52 51)
4(30 35 53 48)
4(34 52 53 35)
4(47 48 53 52)
4(35 53 54 36)
4(48 49 54 53)
4(32 37 55 50)
4(6 50 55 7)
4(33 38 56 51)
4(50 51 56 55)
4(34 39 57 52)
4(51 52 57 56)
4(35 40 58 53)
4(52 53 58 57)
4(53 54 59 58)
4(42 45 63 60)
4(5 9 63 45)
4(8 60 63 9)
4(43 46 64 61)
4(45 63 64 46)
4(60 61 64 63)
4(46 64 65 47)
4(61 62 65 64)
4(45 50 68 63)
4(6 10 68 50)
4(9 63 68 10)
4(46 51 69 64)
4(50 68 69 51)
4(63 64 69 68)
4(47 52 70 65)
4(51 69 70 52)
4(64 65 70 69)
4(48 53 71 66)
4(52 70 71 53)
4(65 66 71 70)
4(53 71 72 54)
4(66 67 72 71)
4(50 55 73 68)
4(10 68 73 11)
4(51 56 74 69)
4(68 69 74 73)
4(52 57 75 70)
4(69 70 75 74)
4(53 58 76 71)
4(70 71 76 75)
4(71 72 77 76)
4(60 63 81 78)
4(9 13 81 63)
4(12 78 81 13)
4(61 64 82 79)
4(63 81 82 64)
4(78 79 82 81)
4(64 82 83 65)
4(63 68 86 81)
4(10 14 86 68)
4(13 81 86 14)
4(64 69 87 82)
4(68 86 87 69)
4(81 82 87 86)
4(65 70 88 83)
4(69 87 88 70)
4(82 83 88 87)
4(66 71 89 84)
4(70 88 89 71)
4(83 84 89 88)
4(71 89 90 72)
4(84 85 90 89)
4(68 73 91 86)
4(14 86 91 15)
4(69 74 92 87)
4(86 87 92 91)
4(70 75 93 88)
4(87 88 93 92)
4(71 76 94 89)
4(88 89 94 93)
4(89 90 95 94)
4(78 81 98 96)
4(13 17 98 81)
4(16 96 98 17)
4(81 98 99 82)
4(96 97 99 98)
4(81 86 103 98)
4(14 18 103 86)
4(17 98 103 18)
4(82 87 104 99)
4(86 103 104 87)
4(98 99 104 103)
4(83 88 105 100)
4(87 104 105 88)
4(99 100 105 104)
4(84 89 106 101)
4(88 105 106 89)
4(100 101 106 105)
4(89 106 107 90)
4(101 102 107 106)
4(86 91 108 103)
4(18 103 108 19)
4(87 92 109 104)
4(103 104 109 108)
4(88 93 110 105)
4(104 105 110 109)
4(89 94 111 106)
4(105 106 111 110)
4(106 107 112 111)
4(96 98 115 113)
4(17 21 115 98)
4(98 115 116 99)
4(98 103 120 115)
4(18 22 120 103)
4(99 104 121 116)
4(103 120 121 104)
4(100 105 122 117)
4(104 121 122 105)
4(101 106 123 118)
4(105 122 123 106)
4(106 123 124 107)
4(103 108 125 120)
4(104 109 126 121)
4(105 110 127 122)
4(106 111 128 123)
4(0 1 27 24)
4(1 2 32 27)
4(2 3 37 32)
4(24 27 28 25)
4(27 32 33 28)
4(32 37 38 33)
4(25 28 29 26)
4(28 33 34 29)
4(33 38 39 34)
4(29 34 35 30)
4(34 39 40 35)
4(30 35 36 31)
4(35 40 41 36)
4(0 4 5 1)
4(1 5 6 2)
4(2 6 7 3)
4(4 8 9 5)
4(5 9 10 6)
4(6 10 11 7)
4(8 12 13 9)
4(9 13 14 10)
4(10 14 15 11)
4(12 16 17 13)
4(13 17 18 14)
4(14 18 19 15)
4(16 20 21 17)
4(17 21 22 18)
4(18 22 23 19)
4(31 36 54 49)
4(36 41 59 54)
4(49 54 72 67)
4(54 59 77 72)
4(67 72 90 85)
4(72 77 95 90)
4(85 90 107 102)
4(90 95 112 107)
4(102 107 124 119)
4(107 112 129 124)
4(0 24 42 4)
4(24 25 43 42)
4(25 26 44 43)
4(26 29 47 44)
4(29 30 48 47)
4(30 31 49 48)
4(4 42 60 8)
4(42 43 61 60)
4(43 44 62 61)
4(44 47 65 62)
4(47 48 66 65)
4(48 49 67 66)
4(8 60 78 12)
4(60 61 79 78)
4(61 62 80 79)
4(62 65 83 80)
4(79 80 83 82)
4(65 66 84 83)
4(66 67 85 84)
4(12 78 96 16)
4(78 79 97 96)
4(79 82 99 97)
4(82 83 100 99)
4(83 84 101 100)
4(84 85 102 101)
4(16 96 113 20)
4(96 97 114 113)
4(97 99 116 114)
4(99 100 117 116)
4(100 101 118 117)
4(101 102 119 118)
4(116 117 122 121)
4(117 118 123 122)
4(118 119 124 123)
4(121 122 127 126)
4(122 123 128 127)
4(123 124 129 128)
4(20 113 115 21)
4(113 114 116 115)
4(21 115 120 22)
4(115 116 121 120)
4(22 120 125 23)
4(120 121 126 125)
4(11 15 91 73)
4(73 91 92 74)
4(15 19 108 91)
4(91 108 109 92)
4(92 109 110 93)
4(93 110 111 94)
4(94 111 112 95)
4(19 23 125 108)
4(108 125 126 109)
4(109 126 127 110)
4(110 127 128 111)
4(111 128 129 112)
4(3 7 55 37)
4(37 55 56 38)
4(38 56 57 39)
4(39 57 58 40)
4(40 58 59 41)
4(7 11 73 55)
4(55 73 74 56)
4(56 74 75 57)
4(57 75 76 58)
4(58 76 77 59)
4(74 92 93 75)
4(75 93 94 76)
4(76 94 95 77)
)


// ************************************************************************* //
