/*--------------------------------*- C++ -*----------------------------------*\
| =========                 |                                                 |
| \\      /  F ield         | OpenFOAM: The Open Source CFD Toolbox           |
|  \\    /   O peration     | Version:  2412                                  |
|   \\  /    A nd           | Website:  www.openfoam.com                      |
|    \\/     M anipulation  |                                                 |
\*---------------------------------------------------------------------------*/
FoamFile
{
    version     2.0;
    format      ascii;
    arch        "LSB;label=32;scalar=64";
    class       labelList;
    location    "constant/solid/polyMesh";
    object      faceProcAddressing;
}
// * * * * * * * * * * * * * * * * * * * * * * * * * * * * * * * * * * * * * //


242
(
59
60
61
62
63
64
66
67
88
89
90
91
92
93
94
95
96
97
98
99
101
102
117
119
120
122
123
125
126
128
131
339
340
341
342
343
344
346
347
368
369
370
371
372
373
374
375
376
377
378
379
381
382
397
399
400
402
403
405
406
408
411
619
620
621
622
623
624
626
648
649
650
651
652
653
654
655
656
657
658
659
661
662
677
679
680
682
683
685
686
688
691
899
900
901
903
904
928
929
930
931
932
933
934
935
936
937
938
939
941
942
957
959
960
962
963
965
966
968
971
1179
1180
1183
1208
1209
1211
1212
1214
1215
1217
1218
1221
1237
1240
1243
1246
2703
2704
2705
2713
2714
2715
2723
2724
2725
2734
2735
2744
2745
2803
2804
2805
2813
2814
2815
2823
2824
2825
2833
2834
2835
2843
2844
2845
100
129
380
409
660
689
940
969
1220
1249
-31
-34
-37
65
-69
-72
-311
-314
-317
345
-349
-352
-591
-594
-597
625
627
-629
-632
-871
-874
902
-906
-909
-912
-1151
-1154
1182
-1186
-1189
-1192
1216
1219
1222
1245
1248
1251
1181
1184
1210
1213
1239
1242
678
681
958
961
964
967
970
1238
1241
1244
1247
1250
118
121
124
127
130
398
401
404
407
410
684
687
690
)


// ************************************************************************* //
