/*--------------------------------*- C++ -*----------------------------------*\
| =========                 |                                                 |
| \\      /  F ield         | OpenFOAM: The Open Source CFD Toolbox           |
|  \\    /   O peration     | Version:  2412                                  |
|   \\  /    A nd           | Website:  www.openfoam.com                      |
|    \\/     M anipulation  |                                                 |
\*---------------------------------------------------------------------------*/
FoamFile
{
    version     2.0;
    format      ascii;
    arch        "LSB;label=32;scalar=64";
    class       vectorField;
    location    "constant/solid/polyMesh";
    object      points;
}
// * * * * * * * * * * * * * * * * * * * * * * * * * * * * * * * * * * * * * //


130
(
(0.08 0.054 0)
(0.08 0.056 0)
(0.08 0.058 0)
(0.08 0.06 0)
(0.08 0.054 0.002)
(0.08 0.056 0.002)
(0.08 0.058 0.002)
(0.08 0.06 0.002)
(0.08 0.054 0.004)
(0.08 0.056 0.004)
(0.08 0.058 0.004)
(0.08 0.06 0.004)
(0.08 0.054 0.006)
(0.08 0.056 0.006)
(0.08 0.058 0.006)
(0.08 0.06 0.006)
(0.08 0.054 0.008)
(0.08 0.056 0.008)
(0.08 0.058 0.008)
(0.08 0.06 0.008)
(0.08 0.054 0.01)
(0.08 0.056 0.01)
(0.08 0.058 0.01)
(0.08 0.06 0.01)
(0.082 0.054 0)
(0.084 0.054 0)
(0.086 0.054 0)
(0.082 0.056 0)
(0.084 0.056 0)
(0.086 0.056 0)
(0.088 0.056 0)
(0.09 0.056 0)
(0.082 0.058 0)
(0.084 0.058 0)
(0.086 0.058 0)
(0.088 0.058 0)
(0.09 0.058 0)
(0.082 0.06 0)
(0.084 0.06 0)
(0.086 0.06 0)
(0.088 0.06 0)
(0.09 0.06 0)
(0.082 0.054 0.002)
(0.084 0.054 0.002)
(0.086 0.054 0.002)
(0.082 0.056 0.002)
(0.084 0.056 0.002)
(0.086 0.056 0.002)
(0.088 0.056 0.002)
(0.09 0.056 0.002)
(0.082 0.058 0.002)
(0.084 0.058 0.002)
(0.086 0.058 0.002)
(0.088 0.058 0.002)
(0.09 0.058 0.002)
(0.082 0.06 0.002)
(0.084 0.06 0.002)
(0.086 0.06 0.002)
(0.088 0.06 0.002)
(0.09 0.06 0.002)
(0.082 0.054 0.004)
(0.084 0.054 0.004)
(0.086 0.054 0.004)
(0.082 0.056 0.004)
(0.084 0.056 0.004)
(0.086 0.056 0.004)
(0.088 0.056 0.004)
(0.09 0.056 0.004)
(0.082 0.058 0.004)
(0.084 0.058 0.004)
(0.086 0.058 0.004)
(0.088 0.058 0.004)
(0.09 0.058 0.004)
(0.082 0.06 0.004)
(0.084 0.06 0.004)
(0.086 0.06 0.004)
(0.088 0.06 0.004)
(0.09 0.06 0.004)
(0.082 0.054 0.006)
(0.084 0.054 0.006)
(0.086 0.054 0.006)
(0.082 0.056 0.006)
(0.084 0.056 0.006)
(0.086 0.056 0.006)
(0.088 0.056 0.006)
(0.09 0.056 0.006)
(0.082 0.058 0.006)
(0.084 0.058 0.006)
(0.086 0.058 0.006)
(0.088 0.058 0.006)
(0.09 0.058 0.006)
(0.082 0.06 0.006)
(0.084 0.06 0.006)
(0.086 0.06 0.006)
(0.088 0.06 0.006)
(0.09 0.06 0.006)
(0.082 0.054 0.008)
(0.084 0.054 0.008)
(0.082 0.056 0.008)
(0.084 0.056 0.008)
(0.086 0.056 0.008)
(0.088 0.056 0.008)
(0.09 0.056 0.008)
(0.082 0.058 0.008)
(0.084 0.058 0.008)
(0.086 0.058 0.008)
(0.088 0.058 0.008)
(0.09 0.058 0.008)
(0.082 0.06 0.008)
(0.084 0.06 0.008)
(0.086 0.06 0.008)
(0.088 0.06 0.008)
(0.09 0.06 0.008)
(0.082 0.054 0.01)
(0.084 0.054 0.01)
(0.082 0.056 0.01)
(0.084 0.056 0.01)
(0.086 0.056 0.01)
(0.088 0.056 0.01)
(0.09 0.056 0.01)
(0.082 0.058 0.01)
(0.084 0.058 0.01)
(0.086 0.058 0.01)
(0.088 0.058 0.01)
(0.09 0.058 0.01)
(0.082 0.06 0.01)
(0.084 0.06 0.01)
(0.086 0.06 0.01)
(0.088 0.06 0.01)
(0.09 0.06 0.01)
)


// ************************************************************************* //
