/*--------------------------------*- C++ -*----------------------------------*\
| =========                 |                                                 |
| \\      /  F ield         | OpenFOAM: The Open Source CFD Toolbox           |
|  \\    /   O peration     | Version:  2412                                  |
|   \\  /    A nd           | Website:  www.openfoam.com                      |
|    \\/     M anipulation  |                                                 |
\*---------------------------------------------------------------------------*/
FoamFile
{
    version     2.0;
    format      ascii;
    arch        "LSB;label=32;scalar=64";
    class       volScalarField;
    location    "3.8/fluid";
    object      wallHeatFlux;
}
// * * * * * * * * * * * * * * * * * * * * * * * * * * * * * * * * * * * * * //

dimensions      [1 0 -3 0 0 0 0];

internalField   uniform 0;

boundaryField
{
    inlet
    {
        type            calculated;
        value           uniform 0;
    }
    outlet
    {
        type            calculated;
        value           uniform 0;
    }
    walls
    {
        type            calculated;
        value           uniform 0;
    }
    fluid_to_solid
    {
        type            calculated;
        value           nonuniform List<scalar> 
500
(
1808.16
1525.5
1402.88
1331.61
1296.19
1296.5
1332.04
1403.31
1525.94
1809.58
2365.73
2076.41
1837.89
1710.25
1654.25
1654.62
1711.12
1838.81
2077.4
2366.91
2563.83
2343.42
2157.19
2058.05
2014.6
2015.09
2058.67
2157.81
2344.04
2564.7
2550.36
2354.98
2194.09
2112.32
2077.46
2077.83
2112.81
2194.65
2355.47
2550.98
2491.58
2303.49
2151.44
2076.1
2044.02
2044.39
2076.59
2151.94
2303.99
2492.2
2420
2231.42
2078.94
2004.46
1972.63
1973
2004.89
2079.31
2231.86
2420.56
2364.31
2178.52
2026.77
1954.03
1923
1923.37
1954.4
2027.21
2178.95
2364.87
2349.97
2177.9
2035.74
1969.17
1941.48
1941.85
1969.54
2036.11
2178.33
2350.47
2397.07
2254.11
2133.89
2078.32
2055.58
2055.89
2078.76
2134.26
2254.54
2397.63
2482
2378.16
2289.03
2249.22
2233.71
2233.96
2249.6
2289.46
2378.59
2482.49
1754.49
898.58
724.557
549.356
631.468
659.128
725.859
802.576
881.897
943.233
2187.69
850.826
579.559
450.747
488.082
522.068
594.691
685.175
775.784
889.649
2353.34
953.403
554.255
441.444
469.973
492.299
556.488
637.794
733.301
971.513
2344.03
936.473
550.1
462.469
480.02
480.392
537.138
600.893
699.316
1022.24
2293.74
909.061
566.163
489.446
509.044
495.152
543.278
587.497
681.516
1008.91
2231.22
883.261
570.752
499.431
519.401
502.718
544.58
578.132
661.795
965.435
2181.86
886.796
567.217
504.021
520.455
507.184
546.007
581.419
647.158
909.309
2165.11
930.891
548.178
487.09
495.958
500.176
533.789
577.946
639.592
849.089
2195.69
1086.93
566.101
502.098
490.811
513.944
537.634
579.311
669.919
816.096
2271.6
1539.41
810.328
618.01
625.886
581.481
593.885
669.733
749.798
880.656
713.642
705.816
736.748
758.868
760.408
730.155
696.82
658.68
623.497
648.205
1107.49
1066.03
1108.79
1153.58
1168.43
1104.97
1037.25
960.908
907.795
963.127
1447.19
1402.94
1432.83
1457.41
1439.85
1392.65
1353.22
1288.65
1236.33
1289.02
1502.58
1440.9
1435.17
1403.68
1313.23
1276.94
1286.8
1276.63
1267.08
1343.67
1419.58
1344.9
1322.9
1257.84
1125.42
1085.93
1116.98
1142.25
1166.77
1270.47
1324.57
1246.56
1216.25
1118.71
964.236
911.615
947.661
997.262
1049.82
1174.04
1218.1
1142.8
1112.12
994.921
836.628
769.897
798.056
857.208
927.327
1063.75
1097.88
1033
1012.54
897.135
749.502
673.714
687.023
740.013
810.934
946.49
965.222
927.882
936.816
850.245
722.946
644.446
640.811
674.084
723.932
837.121
876.987
894.794
958.197
915.435
812.598
734.591
715.49
722.33
733.174
798.056
1752.13
895.727
720.588
547.681
629.297
662.725
734.79
815.785
897.277
959.791
2185.39
846.732
576.148
451.057
489.26
528.704
608.397
704.587
802.141
937.713
2351.54
949.682
552.333
441.817
471.523
497.509
570.132
660.368
768.9
1054.8
2342.55
932.317
546.193
459.988
479.586
484.113
546.999
620.553
735.224
1113.91
2292.37
904.099
559.775
482.314
503.587
495.276
548.612
601.513
712.587
1089.22
2229.86
877.431
562.194
489.819
510.905
499.307
545.635
586.567
684.803
1033.59
2180.55
880.594
558.286
493.974
511.091
500.734
544.146
585.016
662.105
966.117
2163.93
925.371
540.797
477.663
487.152
493.602
531.123
578.69
648.399
892.688
2194.51
1081.28
559.093
492.609
480.516
503.835
532.425
583.032
680.09
840.407
2270.36
1534.02
800.467
608.955
615.715
569.76
582.66
658.074
744.527
882.703
2254.27
1500.02
858.841
727.876
703.979
658.966
644.517
677.552
751.648
905.028
2156.09
984.126
538.435
446.617
449.211
447.543
460.449
506.635
606.172
785.547
2086.31
773.939
450.137
354.243
358.072
374.805
404.012
454.644
550.846
735.903
2052.72
699.534
491.94
398.948
381.597
380.733
397.96
433.465
491.446
696.446
2038.27
647.295
523.245
441.245
409.26
397.281
399.689
411.421
437.17
626.672
2038.89
650.136
511.575
427.846
398.578
391.662
394.935
405.679
425.376
579.929
2053.34
693.235
469.155
374.435
365.358
369.31
392.712
432.354
477.614
607.036
2087.12
773.383
440.381
348.624
355.231
374.25
405.555
455.385
545.413
667.116
2156.89
989.437
542.325
454.027
455.262
454.027
466.253
508.982
602.961
764.924
2255.07
1502.12
861.805
731.395
711.451
668.104
655.076
686.814
754.736
893.111
)
;
    }
}


// ************************************************************************* //
