/*--------------------------------*- C++ -*----------------------------------*\
| =========                 |                                                 |
| \\      /  F ield         | OpenFOAM: The Open Source CFD Toolbox           |
|  \\    /   O peration     | Version:  2412                                  |
|   \\  /    A nd           | Website:  www.openfoam.com                      |
|    \\/     M anipulation  |                                                 |
\*---------------------------------------------------------------------------*/
FoamFile
{
    version     2.0;
    format      ascii;
    arch        "LSB;label=32;scalar=64";
    class       volScalarField;
    location    "2.9/fluid";
    object      wallHeatFlux;
}
// * * * * * * * * * * * * * * * * * * * * * * * * * * * * * * * * * * * * * //

dimensions      [1 0 -3 0 0 0 0];

internalField   uniform 0;

boundaryField
{
    inlet
    {
        type            calculated;
        value           uniform 0;
    }
    outlet
    {
        type            calculated;
        value           uniform 0;
    }
    walls
    {
        type            calculated;
        value           uniform 0;
    }
    fluid_to_solid
    {
        type            calculated;
        value           nonuniform List<scalar> 
500
(
1815.94
1540.52
1421.29
1351.82
1317.33
1317.46
1351.95
1421.48
1540.65
1816.25
2318.27
2040.93
1812.48
1690.23
1636.76
1636.82
1690.47
1812.67
2041.18
2318.51
2460.43
2252.32
2076.78
1983.45
1942.59
1942.71
1983.57
2076.9
2252.5
2460.55
2399.91
2218.01
2068.5
1992.47
1960.21
1960.27
1992.59
2068.56
2218.2
2400.1
2300.9
2128.08
1988.45
1919.41
1890.05
1890.12
1919.47
1988.58
2128.2
2301.02
2197.8
2027.27
1889.44
1822.31
1793.69
1793.76
1822.37
1889.56
2027.33
2197.92
2114.42
1948.28
1812.55
1747.52
1719.96
1719.96
1747.58
1812.67
1948.4
2114.54
2075.73
1923.18
1797.03
1737.94
1713.47
1713.47
1737.94
1796.97
1923.18
2075.67
2099.46
1973.43
1867.31
1818.17
1798.02
1798.08
1818.17
1867.31
1973.37
2099.4
2164.86
2073.56
1995.07
1959.9
1946.11
1946.11
1959.96
1995.07
2073.56
2164.86
1756.91
901.804
726.914
551.961
633.514
662.725
731.255
809.832
891.137
957.187
2141.73
830.236
559.899
432.824
469.725
504.703
579.497
671.842
766.791
897.835
2257.71
910.053
522.75
412.358
439.336
461.6
527.153
610.134
712.029
978.211
2205.24
874.268
508.3
423.769
440.018
441.072
497.075
562.07
667.5
1011.76
2117.48
831.414
514.564
441.32
460.05
449.631
495.896
540.921
642.817
978.707
2025.63
793.149
511.153
445.476
464.825
452.67
492.485
526.347
615.095
919.294
1950.16
783.164
502.346
447.212
463.461
453.414
490.811
524.797
591.714
851.694
1911.21
812.188
481.012
429.537
439.708
445.724
477.973
518.905
578.38
783.35
1921.88
942.612
492.485
439.832
433.134
456.019
479.896
520.89
602.815
739.255
1980.55
1337.79
702.044
536.332
546.441
509.478
523.804
590.226
662.105
777.644
702.366
680.43
707.295
730.093
740.013
735.392
723.439
698.607
669.709
691.028
1053.46
1000.16
1035.46
1081.12
1107.86
1098.31
1069.85
1020.31
980.441
1031.83
1351.8
1298.63
1324.01
1347.12
1338.99
1332.09
1338.8
1311.01
1279.59
1329.81
1371.83
1300.97
1287.11
1252.72
1181.5
1177
1245.33
1275.58
1283.35
1351.43
1272.75
1185.32
1147.73
1078.78
970.829
967.316
1069.78
1135.28
1168
1253.96
1161.53
1064.55
1008.91
913.833
781.666
778.216
901.325
992.949
1045.51
1142.8
1044.89
944.642
879.575
771.068
631.568
626.947
754.617
858.872
922.953
1025.54
924.924
830.343
768.912
662.315
537.542
530.518
643.953
744.45
806.621
905.084
807.73
735.577
697.745
611.79
502.482
491.329
592.319
672.359
712.04
788.998
745.621
718.633
724.301
671.619
578.825
564.838
650.67
700.456
698.422
730.709
1756.41
901.308
726.293
551.527
632.894
662.849
732.061
811.072
892.874
960.598
2141.24
829.677
559.465
433.134
470.221
506.005
581.729
674.942
771.318
907.386
2257.39
909.805
523.06
413.412
440.762
463.709
530.564
614.785
719.161
994.707
2204.93
874.206
508.796
425.01
441.941
443.429
500.548
566.969
676.059
1029.38
2117.23
831.352
514.998
442.251
461.662
452.112
499.245
545.387
651.128
994.77
2025.39
793.087
511.463
446.158
466.066
454.778
495.338
530.254
622.351
933.62
1949.97
783.04
502.594
447.956
464.763
455.212
493.478
528.146
597.42
864.408
1911.15
811.94
481.57
430.777
441.569
448.018
480.95
522.006
583.156
794.637
1921.82
941.62
492.547
441.01
435.243
458.685
483.431
526.471
608.955
747.317
1980.42
1336.49
697.703
535.588
547.495
510.471
528.146
594.753
666.074
785.583
1967.88
1314.1
766.776
645.999
626.734
588.821
579.127
607.469
667.981
797.465
1881.93
863.658
480.516
402.838
404.506
402.653
413.212
450.754
534.051
687.74
1820.62
673.538
390.613
310.526
315.713
331.15
357.454
401.295
482.369
615.928
1790.91
603.393
419.51
336.09
323.926
324.111
341.832
375.793
421.98
558.133
1777.82
553.255
452.051
378.263
349.798
338.498
339.98
348.933
364.802
483.727
1777.82
552.514
451.804
378.201
349.798
337.88
338.56
346.093
359.554
472.983
1790.85
602.838
420.622
338.127
325.963
326.087
343.005
374.991
417.473
545.042
1820.55
672.735
391.045
310.094
314.911
330.471
356.466
399.689
479.158
604.752
1881.74
861.249
477.059
399.628
401.604
400.492
410.989
448.408
530.655
679.96
1967.76
1312
759.552
642.541
624.758
587.462
576.78
604.69
664.585
792.216
)
;
    }
}


// ************************************************************************* //
