/*--------------------------------*- C++ -*----------------------------------*\
| =========                 |                                                 |
| \\      /  F ield         | OpenFOAM: The Open Source CFD Toolbox           |
|  \\    /   O peration     | Version:  2412                                  |
|   \\  /    A nd           | Website:  www.openfoam.com                      |
|    \\/     M anipulation  |                                                 |
\*---------------------------------------------------------------------------*/
FoamFile
{
    version     2.0;
    format      ascii;
    arch        "LSB;label=32;scalar=64";
    class       volScalarField;
    location    "4.4/fluid";
    object      wallHeatFlux;
}
// * * * * * * * * * * * * * * * * * * * * * * * * * * * * * * * * * * * * * //

dimensions      [1 0 -3 0 0 0 0];

internalField   uniform 0;

boundaryField
{
    inlet
    {
        type            calculated;
        value           uniform 0;
    }
    outlet
    {
        type            calculated;
        value           uniform 0;
    }
    walls
    {
        type            calculated;
        value           uniform 0;
    }
    fluid_to_solid
    {
        type            calculated;
        value           nonuniform List<scalar> 
500
(
1801.54
1516.91
1392.62
1320.42
1284.88
1286.74
1323.39
1395.77
1520.07
1807.85
2384.46
2089.88
1846.66
1716.25
1660.06
1662.16
1720.88
1851.61
2094.76
2389.72
2608.83
2382.98
2191.8
2089.7
2044.33
2046.92
2092.91
2194.83
2385.82
2611.98
2616.93
2415.74
2249.78
2165.1
2128.45
2130.3
2167.2
2251.7
2417.53
2619.21
2576.5
2381.87
2224.19
2145.88
2111.95
2113.49
2147.49
2225.68
2383.16
2578.36
2519.27
2322.84
2163.68
2085.86
2051.99
2053.29
2087.1
2164.86
2323.83
2520.87
2476.06
2281.8
2122.83
2046.37
2013.3
2014.54
2047.42
2123.69
2282.66
2477.55
2472.85
2292.37
2143.04
2072.95
2043.28
2044.14
2073.63
2143.41
2292.8
2474.02
2530.83
2380.63
2254.23
2195.7
2171.16
2171.41
2195.45
2253.74
2380.32
2531.26
2624.84
2515.87
2422.17
2380.14
2363.14
2363.01
2379.21
2420.74
2514.69
2624.53
1755.23
897.277
723.813
547.247
628.305
647.965
705.021
771.691
843.942
906.704
2209.77
857.213
583.652
451.119
483.865
509.23
569.016
644.554
717.115
798.544
2397
965.125
557.294
438.716
461.042
475.182
525.851
588.179
658.322
828.127
2406.86
953.465
552.519
457.073
468.546
461.972
508.734
558.038
636.367
897.215
2373.24
931.139
569.326
483.431
497.447
479.462
520.455
554.875
630.6
915.759
2324
910.363
571.992
489.757
502.408
481.508
517.044
545.945
615.405
886.424
2286.48
919.852
562.504
481.508
488.33
472.329
502.966
533.541
591.032
824.778
2279.91
974.304
533.727
444.855
438.902
431.522
456.639
509.106
574.163
755.876
2319.54
1163.89
578.38
470.717
431.894
436.173
460.98
496.951
580.117
746.015
2403.14
1646.83
934.55
656.027
610.258
594.753
577.822
614.351
713.704
864.035
744.881
686.715
692.014
693.924
669.463
634.218
588.437
541.547
506.302
569.274
1100.04
1004.59
1004.66
1021.85
980.133
911.862
815.001
731.449
671.927
743.156
1433.38
1339.23
1336.89
1362.71
1336.65
1269.05
1153.15
1018.95
937.864
1005.89
1537.27
1427.71
1398.88
1406.21
1388.46
1349.15
1264.25
1148.16
1075.27
1147.85
1477.56
1346.5
1291.11
1280.33
1259.26
1232.7
1171.27
1085.31
1041.81
1137.56
1393.15
1246.81
1168.99
1141.2
1115.75
1093.69
1045.26
980.318
959.676
1071.14
1303.56
1148.72
1049.2
1003.3
974.033
950.618
908.226
856.9
850.184
966.392
1218.22
1066.58
947.969
891.96
858.625
829.604
787.581
741.369
735.577
840.88
1147.05
1018.09
902.188
850.553
813.707
777.846
731.202
680.061
658.125
729.046
1136.15
1055.49
982.721
943.163
907.364
866.142
811.981
747.962
695.28
710.746
1745.44
889.215
713.456
540.301
616.894
643.127
704.897
775.536
859.322
967.73
2200.96
850.267
582.536
460.236
500.61
536.89
610.258
698.385
798.234
974.366
2391.11
970.582
579.683
480.392
515.99
540.673
610.692
690.943
803.444
1134.06
2402.46
968.908
591.528
519.401
549.294
554.007
614.227
676.493
812.436
1230.56
2369.59
953.031
617.204
551.775
585.636
582.412
633.7
677.175
816.406
1228.45
2320.59
934.24
625.824
564.116
597.358
590.598
638.042
675.128
805.552
1192.05
2283.07
942.054
624.708
573.667
601.451
592.582
643.685
686.354
793.335
1148.26
2276.43
990.304
607.901
561.139
581.915
593.389
640.833
695.967
790.792
1107.02
2316.06
1142.43
613.11
574.287
576.458
611.498
653.112
725.115
840.469
1082.77
2399.66
1609.12
800.901
683.749
682.385
661.422
728.154
818.948
918.487
1140.95
2387.02
1630.8
1028.15
836.674
782.337
734.482
745.473
799.379
909.968
1118.18
2283.72
1102.56
651.433
548.5
538.188
528.37
546.092
605.987
743.065
991.721
2209.93
845.689
464.709
389.933
404.691
425.253
464.894
536.953
667.549
894.408
2174.06
751.772
465.635
358.257
362.765
389.007
432.724
498.3
603.887
824.139
2158.31
723.121
525.654
420.807
388.884
392.465
420.622
467.92
550.785
765.974
2156.21
712.192
575.854
485.58
449.149
440.257
441.986
459.399
505.401
710.71
2169.98
760.849
582.09
499.658
472.489
468.29
464.956
472.119
491.816
665.202
2203.76
814.816
530.223
449.705
458.843
462.918
472.613
500.09
528
654.211
2276.37
985.793
511.205
432.292
437.973
442.233
465.821
526.395
588.697
697.99
2379.98
1541.09
754.55
639.948
648.53
607.407
596.786
630.13
717.626
866.93
)
;
    }
}


// ************************************************************************* //
