/*--------------------------------*- C++ -*----------------------------------*\
| =========                 |                                                 |
| \\      /  F ield         | OpenFOAM: The Open Source CFD Toolbox           |
|  \\    /   O peration     | Version:  2412                                  |
|   \\  /    A nd           | Website:  www.openfoam.com                      |
|    \\/     M anipulation  |                                                 |
\*---------------------------------------------------------------------------*/
FoamFile
{
    version     2.0;
    format      ascii;
    arch        "LSB;label=32;scalar=64";
    class       volScalarField;
    location    "0.3/solid";
    object      T;
}
// * * * * * * * * * * * * * * * * * * * * * * * * * * * * * * * * * * * * * //

dimensions      [0 0 0 1 0 0 0];

internalField   nonuniform List<scalar> 
1000
(
346.188
346.195
346.198
346.199
346.198
346.198
346.199
346.198
346.196
346.191
346.191
346.197
346.199
346.2
346.199
346.199
346.2
346.199
346.198
346.194
346.193
346.197
346.198
346.198
346.197
346.198
346.198
346.199
346.199
346.195
346.194
346.198
346.199
346.198
346.197
346.197
346.198
346.2
346.2
346.197
346.192
346.197
346.198
346.198
346.196
346.197
346.198
346.199
346.199
346.197
346.191
346.196
346.198
346.198
346.196
346.197
346.198
346.199
346.199
346.197
346.192
346.197
346.199
346.199
346.198
346.197
346.199
346.199
346.199
346.197
346.192
346.197
346.199
346.199
346.198
346.198
346.199
346.199
346.198
346.195
346.19
346.196
346.198
346.199
346.198
346.199
346.2
346.2
346.198
346.194
346.185
346.193
346.196
346.197
346.197
346.197
346.199
346.198
346.196
346.191
333.133
333.145
333.15
333.152
333.149
333.149
333.151
333.151
333.148
333.142
333.136
333.144
333.148
333.15
333.148
333.148
333.15
333.149
333.148
333.143
333.137
333.144
333.144
333.144
333.142
333.143
333.145
333.146
333.148
333.145
333.139
333.145
333.146
333.143
333.14
333.141
333.145
333.149
333.151
333.149
333.136
333.142
333.143
333.142
333.139
333.14
333.145
333.148
333.149
333.147
333.132
333.138
333.142
333.142
333.139
333.14
333.145
333.147
333.149
333.147
333.133
333.14
333.144
333.145
333.142
333.141
333.145
333.147
333.15
333.148
333.134
333.14
333.145
333.146
333.144
333.143
333.146
333.146
333.146
333.144
333.132
333.14
333.143
333.146
333.145
333.146
333.151
333.151
333.148
333.143
333.125
333.136
333.141
333.145
333.144
333.146
333.151
333.151
333.148
333.142
321.602
321.612
321.617
321.618
321.614
321.615
321.619
321.619
321.617
321.612
321.602
321.609
321.612
321.615
321.611
321.612
321.616
321.615
321.614
321.611
321.602
321.606
321.604
321.605
321.603
321.604
321.607
321.607
321.612
321.612
321.604
321.609
321.608
321.604
321.6
321.6
321.607
321.612
321.616
321.616
321.6
321.604
321.604
321.602
321.597
321.599
321.606
321.611
321.614
321.614
321.596
321.599
321.599
321.599
321.595
321.598
321.606
321.61
321.613
321.614
321.6
321.602
321.602
321.603
321.599
321.6
321.606
321.61
321.615
321.615
321.601
321.604
321.602
321.605
321.601
321.603
321.608
321.607
321.61
321.611
321.6
321.606
321.604
321.604
321.604
321.609
321.615
321.616
321.614
321.611
321.595
321.604
321.605
321.604
321.604
321.61
321.617
321.619
321.617
321.612
312.205
312.212
312.216
312.216
312.212
312.212
312.217
312.219
312.217
312.214
312.203
312.208
312.211
312.212
312.208
312.208
312.213
312.214
312.213
312.211
312.201
312.202
312.201
312.203
312.199
312.2
312.205
312.204
312.208
312.211
312.204
312.206
312.203
312.2
312.195
312.195
312.202
312.207
312.213
312.215
312.2
312.202
312.201
312.198
312.192
312.193
312.201
312.206
312.21
312.212
312.199
312.201
312.198
312.195
312.19
312.193
312.201
312.207
312.21
312.212
312.205
312.207
312.204
312.201
312.195
312.195
312.202
312.209
312.213
312.215
312.208
312.21
312.207
312.204
312.198
312.198
312.202
312.204
312.21
312.211
312.208
312.212
312.211
312.206
312.202
312.205
312.211
312.212
312.212
312.211
312.205
312.211
312.211
312.207
312.203
312.208
312.215
312.218
312.217
312.214
305.13
305.135
305.136
305.136
305.132
305.133
305.138
305.139
305.139
305.138
305.128
305.13
305.133
305.132
305.129
305.129
305.134
305.135
305.134
305.135
305.126
305.125
305.124
305.125
305.121
305.121
305.126
305.127
305.13
305.134
305.127
305.127
305.124
305.122
305.117
305.117
305.123
305.127
305.133
305.137
305.124
305.125
305.123
305.12
305.115
305.115
305.122
305.126
305.131
305.133
305.125
305.126
305.124
305.121
305.115
305.115
305.122
305.127
305.131
305.133
305.131
305.132
305.131
305.127
305.12
305.118
305.124
305.13
305.134
305.136
305.135
305.136
305.134
305.131
305.124
305.121
305.123
305.126
305.131
305.133
305.136
305.138
305.137
305.133
305.127
305.127
305.132
305.133
305.134
305.135
305.134
305.137
305.137
305.134
305.129
305.13
305.136
305.139
305.139
305.138
300.209
300.211
300.209
300.208
300.206
300.207
300.211
300.21
300.211
300.214
300.209
300.209
300.206
300.205
300.204
300.205
300.208
300.207
300.21
300.213
300.207
300.206
300.201
300.202
300.2
300.201
300.203
300.203
300.209
300.213
300.205
300.203
300.199
300.2
300.197
300.198
300.2
300.203
300.209
300.212
300.202
300.2
300.198
300.198
300.194
300.194
300.197
300.201
300.206
300.209
300.203
300.203
300.201
300.199
300.194
300.194
300.199
300.203
300.206
300.208
300.209
300.209
300.207
300.204
300.199
300.198
300.202
300.205
300.207
300.208
300.212
300.213
300.211
300.207
300.201
300.198
300.202
300.203
300.206
300.209
300.213
300.214
300.213
300.209
300.204
300.202
300.206
300.208
300.211
300.213
300.213
300.214
300.214
300.211
300.206
300.205
300.21
300.213
300.215
300.215
297.043
297.043
297.04
297.039
297.039
297.04
297.042
297.041
297.043
297.046
297.043
297.042
297.039
297.038
297.037
297.038
297.04
297.039
297.042
297.045
297.041
297.04
297.035
297.036
297.035
297.036
297.037
297.037
297.042
297.045
297.039
297.036
297.033
297.035
297.033
297.033
297.034
297.037
297.042
297.044
297.036
297.034
297.032
297.032
297.03
297.03
297.032
297.035
297.039
297.041
297.037
297.036
297.033
297.032
297.029
297.03
297.034
297.036
297.038
297.04
297.041
297.04
297.038
297.035
297.032
297.033
297.036
297.038
297.039
297.04
297.043
297.043
297.04
297.038
297.034
297.033
297.036
297.037
297.039
297.041
297.045
297.045
297.043
297.039
297.035
297.035
297.038
297.04
297.044
297.045
297.044
297.045
297.044
297.04
297.037
297.038
297.042
297.044
297.046
297.047
295.158
295.158
295.155
295.154
295.154
295.155
295.157
295.156
295.157
295.16
295.158
295.157
295.154
295.154
295.153
295.154
295.155
295.154
295.157
295.16
295.156
295.155
295.151
295.152
295.152
295.152
295.153
295.153
295.157
295.159
295.155
295.153
295.15
295.152
295.151
295.151
295.151
295.153
295.156
295.158
295.152
295.15
295.149
295.149
295.148
295.148
295.149
295.151
295.154
295.156
295.151
295.15
295.148
295.148
295.146
295.148
295.151
295.152
295.154
295.155
295.154
295.152
295.151
295.15
295.148
295.15
295.152
295.154
295.154
295.155
295.156
295.154
295.152
295.151
295.149
295.15
295.152
295.152
295.154
295.156
295.157
295.156
295.153
295.152
295.15
295.151
295.154
295.156
295.158
295.159
295.157
295.157
295.155
295.152
295.151
295.153
295.156
295.158
295.16
295.161
294.145
294.144
294.142
294.142
294.142
294.142
294.143
294.143
294.144
294.146
294.144
294.143
294.141
294.141
294.141
294.142
294.143
294.142
294.144
294.146
294.143
294.142
294.139
294.141
294.14
294.141
294.141
294.14
294.143
294.145
294.142
294.14
294.139
294.14
294.139
294.139
294.14
294.14
294.143
294.145
294.14
294.139
294.138
294.138
294.137
294.138
294.138
294.14
294.142
294.143
294.139
294.138
294.138
294.138
294.137
294.138
294.139
294.14
294.141
294.142
294.14
294.14
294.14
294.14
294.138
294.139
294.14
294.141
294.142
294.143
294.141
294.141
294.141
294.141
294.139
294.139
294.14
294.14
294.142
294.143
294.142
294.142
294.141
294.141
294.14
294.14
294.141
294.143
294.145
294.146
294.142
294.142
294.141
294.141
294.14
294.141
294.143
294.145
294.146
294.147
293.712
293.711
293.71
293.709
293.709
293.71
293.711
293.711
293.711
293.713
293.711
293.71
293.709
293.709
293.709
293.709
293.71
293.71
293.711
293.712
293.71
293.709
293.708
293.709
293.708
293.709
293.709
293.709
293.71
293.712
293.709
293.708
293.708
293.708
293.708
293.708
293.708
293.708
293.71
293.712
293.708
293.707
293.707
293.707
293.706
293.706
293.707
293.708
293.709
293.71
293.708
293.708
293.707
293.707
293.706
293.706
293.707
293.708
293.709
293.71
293.709
293.709
293.709
293.708
293.707
293.707
293.708
293.709
293.709
293.71
293.71
293.71
293.709
293.709
293.708
293.707
293.708
293.709
293.71
293.711
293.71
293.71
293.71
293.709
293.708
293.708
293.709
293.711
293.712
293.713
293.71
293.71
293.71
293.71
293.709
293.709
293.711
293.712
293.713
293.714
)
;

boundaryField
{
    bodyBottom
    {
        type            fixedValue;
        value           uniform 353;
    }
    solid_to_fluid
    {
        type            compressible::turbulentTemperatureCoupledBaffleMixed;
        refValue        nonuniform List<scalar> 
500
(
315.41
318.673
320.036
320.884
321.32
321.318
320.882
320.035
318.672
315.408
304.054
306.563
308.636
309.764
310.304
310.302
309.762
308.635
306.562
304.053
299.263
300.682
301.871
302.5
302.769
302.768
302.499
301.871
300.682
299.263
297.138
298.067
298.825
299.204
299.36
299.36
299.205
298.827
298.069
297.139
295.766
296.408
296.926
297.18
297.285
297.285
297.182
296.929
296.41
295.767
294.682
295.081
295.403
295.557
295.619
295.62
295.558
295.404
295.082
294.683
294.072
294.34
294.565
294.674
294.72
294.72
294.675
294.565
294.341
294.072
293.648
293.823
293.975
294.051
294.082
294.082
294.051
293.975
293.823
293.648
293.37
293.477
293.574
293.625
293.646
293.646
293.625
293.574
293.477
293.37
293.217
293.281
293.34
293.371
293.384
293.384
293.371
293.34
293.28
293.217
316.947
330.251
332.938
335.873
334.026
333.082
331.296
328.838
325.776
321.086
306.315
322.028
326.333
328.514
327.858
326.976
325.374
323.118
320.403
315.974
301.022
312.99
317.63
319.313
319.207
318.825
317.932
316.459
314.39
310.462
298.313
306.715
309.805
311.085
311.225
311.209
310.817
310.075
308.63
305.413
296.503
301.989
303.711
304.516
304.696
304.836
304.711
304.357
303.464
301.315
295.121
298.48
299.508
299.938
300.058
300.148
300.118
299.972
299.512
298.298
294.332
296.279
296.813
297.02
297.071
297.073
297.07
297.004
296.812
296.259
293.804
294.896
295.171
295.297
295.311
295.286
295.278
295.244
295.159
294.983
293.467
294.042
294.199
294.31
294.329
294.329
294.327
294.309
294.277
294.237
293.278
293.529
293.661
293.772
293.814
293.857
293.882
293.89
293.887
293.885
321.23
323.067
324.915
326.053
328.154
328.154
326.053
324.915
323.067
321.229
313.279
315.881
319.369
321.563
324.026
324.025
321.563
319.368
315.881
313.279
307.958
310.651
314.493
316.687
318.247
318.247
316.687
314.493
310.651
307.958
303.679
306.174
309.47
311.063
312.19
312.189
311.063
309.47
306.174
303.679
300.27
302.413
304.643
305.853
306.69
306.69
305.852
304.643
302.414
300.27
297.783
299.455
300.752
301.595
302.198
302.197
301.593
300.75
299.455
297.784
296.113
297.21
297.908
298.443
298.859
298.858
298.441
297.906
297.21
296.113
295.042
295.602
295.971
296.298
296.581
296.58
296.296
295.969
295.602
295.042
294.344
294.541
294.756
294.973
295.176
295.175
294.971
294.755
294.541
294.344
293.901
293.959
294.108
294.31
294.518
294.518
294.309
294.107
293.959
293.901
316.949
330.253
332.941
335.875
334.027
333.083
331.296
328.838
325.776
321.087
306.317
322.034
326.339
328.518
327.861
326.978
325.375
323.118
320.404
315.975
301.024
312.995
317.638
319.321
319.212
318.827
317.933
316.459
314.39
310.463
298.313
306.717
309.81
311.091
311.229
311.212
310.818
310.075
308.631
305.414
296.502
301.988
303.712
304.518
304.698
304.837
304.712
304.357
303.464
301.315
295.12
298.478
299.506
299.937
300.059
300.148
300.118
299.97
299.51
298.297
294.332
296.278
296.812
297.02
297.072
297.073
297.069
297.002
296.81
296.258
293.804
294.896
295.172
295.298
295.312
295.286
295.277
295.242
295.158
294.983
293.468
294.042
294.199
294.31
294.33
294.329
294.327
294.308
294.276
294.237
293.278
293.529
293.661
293.772
293.814
293.857
293.882
293.889
293.886
293.885
293.222
293.336
293.43
293.498
293.539
293.58
293.616
293.64
293.654
293.674
293.264
293.422
293.48
293.505
293.523
293.542
293.56
293.572
293.583
293.621
293.3
293.466
293.503
293.513
293.52
293.529
293.539
293.551
293.576
293.663
293.319
293.48
293.495
293.514
293.52
293.527
293.538
293.56
293.617
293.788
293.327
293.485
293.479
293.509
293.525
293.539
293.562
293.608
293.711
293.98
293.327
293.486
293.479
293.509
293.525
293.539
293.563
293.608
293.711
293.98
293.319
293.48
293.495
293.514
293.519
293.527
293.538
293.56
293.617
293.787
293.3
293.466
293.503
293.513
293.519
293.528
293.539
293.551
293.576
293.662
293.264
293.422
293.48
293.505
293.522
293.542
293.56
293.572
293.584
293.621
293.222
293.336
293.429
293.498
293.538
293.579
293.616
293.641
293.655
293.674
)
;
        refGradient     uniform 0;
        valueFraction   nonuniform List<scalar> 
500
(
0.000301416
0.000301416
0.000301416
0.000301416
0.000301416
0.000301416
0.000301416
0.000301416
0.000301416
0.000301416
0.000301416
0.000301416
0.000301416
0.000301416
0.000301416
0.000301416
0.000301416
0.000301416
0.000301416
0.000301416
0.000301416
0.000301416
0.000301416
0.000301416
0.000301416
0.000301416
0.000301416
0.000301416
0.000301416
0.000301416
0.000301416
0.000301416
0.000301416
0.000301416
0.000301416
0.000301416
0.000301416
0.000301416
0.000301416
0.000301416
0.000301416
0.000301416
0.000301416
0.000301416
0.000301416
0.000301416
0.000301416
0.000301416
0.000301416
0.000301416
0.000301416
0.000301416
0.000301416
0.000301416
0.000301416
0.000301416
0.000301416
0.000301416
0.000301416
0.000301416
0.000301416
0.000301416
0.000301416
0.000301416
0.000301416
0.000301416
0.000301416
0.000301416
0.000301416
0.000301416
0.000301416
0.000301416
0.000301416
0.000301416
0.000301416
0.000301416
0.000301416
0.000301416
0.000301416
0.000301416
0.000301416
0.000301416
0.000301416
0.000301416
0.000301416
0.000301416
0.000301416
0.000301416
0.000301416
0.000301416
0.000301416
0.000301416
0.000301416
0.000301416
0.000301416
0.000301416
0.000301416
0.000301416
0.000301416
0.000301416
0.000302436
0.000302436
0.000302436
0.000302436
0.000302436
0.000302436
0.000302436
0.000302436
0.000302436
0.000302436
0.000302436
0.000302436
0.000302436
0.000302436
0.000302436
0.000302436
0.000302436
0.000302436
0.000302436
0.000302436
0.000302436
0.000302436
0.000302436
0.000302436
0.000302436
0.000302436
0.000302436
0.000302436
0.000302436
0.000302436
0.000302436
0.000302436
0.000302436
0.000302436
0.000302436
0.000302436
0.000302436
0.000302436
0.000302436
0.000302436
0.000302436
0.000302436
0.000302436
0.000302436
0.000302436
0.000302436
0.000302436
0.000302436
0.000302436
0.000302436
0.000302436
0.000302436
0.000302436
0.000302436
0.000302436
0.000302436
0.000302436
0.000302436
0.000302436
0.000302436
0.000302436
0.000302436
0.000302436
0.000302436
0.000302436
0.000302436
0.000302436
0.000302436
0.000302436
0.000302436
0.000302436
0.000302436
0.000302436
0.000302436
0.000302436
0.000302436
0.000302436
0.000302436
0.000302436
0.000302436
0.000302436
0.000302436
0.000302436
0.000302436
0.000302436
0.000302436
0.000302436
0.000302436
0.000302436
0.000302436
0.000302436
0.000302436
0.000302436
0.000302436
0.000302436
0.000302436
0.000302436
0.000302436
0.000302436
0.000302436
0.000300478
0.000300478
0.000300478
0.000300478
0.000300478
0.000300478
0.000300478
0.000300478
0.000300478
0.000300478
0.000300478
0.000300478
0.000300478
0.000300478
0.000300478
0.000300478
0.000300478
0.000300478
0.000300478
0.000300478
0.000300478
0.000300478
0.000300478
0.000300478
0.000300478
0.000300478
0.000300478
0.000300478
0.000300478
0.000300478
0.000300478
0.000300478
0.000300478
0.000300478
0.000300478
0.000300478
0.000300478
0.000300478
0.000300478
0.000300478
0.000300478
0.000300478
0.000300478
0.000300478
0.000300478
0.000300478
0.000300478
0.000300478
0.000300478
0.000300478
0.000300478
0.000300478
0.000300478
0.000300478
0.000300478
0.000300478
0.000300478
0.000300478
0.000300478
0.000300478
0.000300478
0.000300478
0.000300478
0.000300478
0.000300478
0.000300478
0.000300478
0.000300478
0.000300478
0.000300478
0.000300478
0.000300478
0.000300478
0.000300478
0.000300478
0.000300478
0.000300478
0.000300478
0.000300478
0.000300478
0.000300478
0.000300478
0.000300478
0.000300478
0.000300478
0.000300478
0.000300478
0.000300478
0.000300478
0.000300478
0.000300478
0.000300478
0.000300478
0.000300478
0.000300478
0.000300478
0.000300478
0.000300478
0.000300478
0.000300478
0.000302436
0.000302436
0.000302436
0.000302436
0.000302436
0.000302436
0.000302436
0.000302436
0.000302436
0.000302436
0.000302436
0.000302436
0.000302436
0.000302436
0.000302436
0.000302436
0.000302436
0.000302436
0.000302436
0.000302436
0.000302436
0.000302436
0.000302436
0.000302436
0.000302436
0.000302436
0.000302436
0.000302436
0.000302436
0.000302436
0.000302436
0.000302436
0.000302436
0.000302436
0.000302436
0.000302436
0.000302436
0.000302436
0.000302436
0.000302436
0.000302436
0.000302436
0.000302436
0.000302436
0.000302436
0.000302436
0.000302436
0.000302436
0.000302436
0.000302436
0.000302436
0.000302436
0.000302436
0.000302436
0.000302436
0.000302436
0.000302436
0.000302436
0.000302436
0.000302436
0.000302436
0.000302436
0.000302436
0.000302436
0.000302436
0.000302436
0.000302436
0.000302436
0.000302436
0.000302436
0.000302436
0.000302436
0.000302436
0.000302436
0.000302436
0.000302436
0.000302436
0.000302436
0.000302436
0.000302436
0.000302436
0.000302436
0.000302436
0.000302436
0.000302436
0.000302436
0.000302436
0.000302436
0.000302436
0.000302436
0.000302436
0.000302436
0.000302436
0.000302436
0.000302436
0.000302436
0.000302436
0.000302436
0.000302436
0.000302436
0.000301115
0.000301115
0.000301115
0.000301115
0.000301115
0.000301115
0.000301115
0.000301115
0.000301115
0.000301115
0.000301115
0.000301115
0.000301115
0.000301115
0.000301115
0.000301115
0.000301115
0.000301115
0.000301115
0.000301115
0.000301115
0.000301115
0.000301115
0.000301115
0.000301115
0.000301115
0.000301115
0.000301115
0.000301115
0.000301115
0.000301115
0.000301115
0.000301115
0.000301115
0.000301115
0.000301115
0.000301115
0.000301115
0.000301115
0.000301115
0.000301115
0.000301115
0.000301115
0.000301115
0.000301115
0.000301115
0.000301115
0.000301115
0.000301115
0.000301115
0.000301115
0.000301115
0.000301115
0.000301115
0.000301115
0.000301115
0.000301115
0.000301115
0.000301115
0.000301115
0.000301115
0.000301115
0.000301115
0.000301115
0.000301115
0.000301115
0.000301115
0.000301115
0.000301115
0.000301115
0.000301115
0.000301115
0.000301115
0.000301115
0.000301115
0.000301115
0.000301115
0.000301115
0.000301115
0.000301115
0.000301115
0.000301115
0.000301115
0.000301115
0.000301115
0.000301115
0.000301115
0.000301115
0.000301115
0.000301115
0.000301115
0.000301115
0.000301115
0.000301115
0.000301115
0.000301115
0.000301115
0.000301115
0.000301115
0.000301115
)
;
        source          uniform 0;
        Tnbr            T;
        kappaMethod     solidThermo;
        value           nonuniform List<scalar> 
500
(
346.176
346.181
346.182
346.184
346.182
346.181
346.182
346.182
346.18
346.174
333.118
333.122
333.124
333.126
333.122
333.118
333.12
333.12
333.117
333.11
321.586
321.586
321.587
321.589
321.585
321.581
321.585
321.586
321.585
321.579
312.19
312.188
312.187
312.19
312.186
312.185
312.191
312.194
312.194
312.19
305.118
305.116
305.114
305.116
305.112
305.113
305.12
305.123
305.124
305.122
300.2
300.199
300.198
300.196
300.193
300.194
300.2
300.203
300.204
300.203
297.037
297.036
297.035
297.033
297.03
297.03
297.035
297.037
297.038
297.038
295.154
295.153
295.152
295.15
295.148
295.147
295.15
295.151
295.152
295.153
294.142
294.141
294.14
294.139
294.137
294.136
294.138
294.139
294.139
294.139
293.71
293.709
293.708
293.707
293.706
293.706
293.707
293.708
293.708
293.708
346.174
346.186
346.189
346.192
346.191
346.191
346.192
346.191
346.188
346.181
333.11
333.126
333.132
333.137
333.136
333.138
333.142
333.141
333.138
333.13
321.58
321.592
321.594
321.594
321.594
321.6
321.607
321.608
321.606
321.599
312.191
312.199
312.2
312.197
312.193
312.197
312.205
312.207
312.206
312.202
305.122
305.127
305.128
305.125
305.119
305.12
305.127
305.129
305.13
305.128
300.203
300.206
300.206
300.203
300.198
300.198
300.203
300.206
300.207
300.207
297.038
297.039
297.038
297.035
297.031
297.032
297.036
297.039
297.041
297.041
295.153
295.153
295.151
295.149
295.147
295.149
295.153
295.155
295.156
295.157
294.139
294.139
294.139
294.139
294.138
294.139
294.141
294.142
294.144
294.144
293.708
293.708
293.708
293.708
293.707
293.707
293.709
293.71
293.711
293.712
346.181
346.185
346.187
346.189
346.189
346.189
346.188
346.186
346.185
346.181
333.129
333.131
333.134
333.138
333.138
333.138
333.138
333.134
333.131
333.129
321.599
321.598
321.6
321.605
321.604
321.603
321.605
321.6
321.598
321.599
312.202
312.199
312.2
312.204
312.202
312.202
312.204
312.2
312.199
312.202
305.127
305.125
305.124
305.127
305.125
305.124
305.126
305.124
305.125
305.128
300.206
300.205
300.205
300.205
300.202
300.201
300.201
300.201
300.205
300.207
297.04
297.04
297.04
297.039
297.036
297.035
297.035
297.036
297.04
297.041
295.156
295.156
295.156
295.155
295.153
295.152
295.152
295.153
295.156
295.157
294.143
294.143
294.143
294.142
294.141
294.14
294.14
294.141
294.143
294.144
293.711
293.711
293.71
293.71
293.709
293.708
293.708
293.709
293.711
293.712
346.176
346.188
346.192
346.194
346.192
346.192
346.192
346.19
346.188
346.181
333.119
333.135
333.142
333.144
333.141
333.14
333.143
333.141
333.138
333.13
321.586
321.6
321.607
321.608
321.604
321.604
321.609
321.608
321.606
321.599
312.19
312.2
312.205
312.206
312.201
312.202
312.207
312.208
312.206
312.202
305.119
305.124
305.127
305.126
305.122
305.123
305.128
305.129
305.129
305.127
300.2
300.203
300.201
300.2
300.199
300.2
300.203
300.203
300.204
300.206
297.037
297.037
297.035
297.034
297.033
297.034
297.037
297.036
297.037
297.04
295.154
295.154
295.152
295.151
295.151
295.151
295.153
295.152
295.154
295.156
294.142
294.141
294.14
294.139
294.139
294.14
294.141
294.141
294.142
294.143
293.71
293.709
293.708
293.707
293.708
293.708
293.709
293.709
293.71
293.711
293.71
293.709
293.708
293.707
293.707
293.708
293.709
293.709
293.709
293.711
293.709
293.709
293.707
293.707
293.707
293.707
293.708
293.708
293.709
293.711
293.708
293.707
293.706
293.707
293.707
293.707
293.707
293.707
293.709
293.71
293.707
293.706
293.706
293.706
293.706
293.706
293.706
293.706
293.708
293.71
293.706
293.705
293.705
293.705
293.704
293.704
293.705
293.706
293.707
293.709
293.706
293.706
293.705
293.705
293.704
293.704
293.705
293.706
293.707
293.708
293.707
293.707
293.707
293.706
293.705
293.705
293.706
293.707
293.708
293.708
293.708
293.708
293.708
293.707
293.706
293.705
293.706
293.707
293.708
293.709
293.708
293.708
293.708
293.707
293.706
293.706
293.707
293.709
293.71
293.711
293.708
293.708
293.708
293.708
293.707
293.707
293.709
293.71
293.711
293.712
)
;
    }
}


// ************************************************************************* //
