/*--------------------------------*- C++ -*----------------------------------*\
| =========                 |                                                 |
| \\      /  F ield         | OpenFOAM: The Open Source CFD Toolbox           |
|  \\    /   O peration     | Version:  2412                                  |
|   \\  /    A nd           | Website:  www.openfoam.com                      |
|    \\/     M anipulation  |                                                 |
\*---------------------------------------------------------------------------*/
FoamFile
{
    version     2.0;
    format      ascii;
    arch        "LSB;label=32;scalar=64";
    class       volScalarField;
    location    "0.3/solid";
    object      wallHeatFlux;
}
// * * * * * * * * * * * * * * * * * * * * * * * * * * * * * * * * * * * * * //

dimensions      [1 0 -3 0 0 0 0];

internalField   uniform 0;

boundaryField
{
    bodyBottom
    {
        type            calculated;
        value           nonuniform List<scalar> 
100
(
1.39646e+06
1.39585e+06
1.39544e+06
1.39523e+06
1.39564e+06
1.39585e+06
1.39564e+06
1.39564e+06
1.39605e+06
1.39708e+06
1.39503e+06
1.39461e+06
1.39461e+06
1.39441e+06
1.39461e+06
1.39482e+06
1.39461e+06
1.39461e+06
1.39482e+06
1.39544e+06
1.39441e+06
1.3942e+06
1.39441e+06
1.3942e+06
1.39441e+06
1.39441e+06
1.3942e+06
1.3942e+06
1.39441e+06
1.39482e+06
1.3942e+06
1.394e+06
1.39441e+06
1.39441e+06
1.39441e+06
1.39441e+06
1.3942e+06
1.3942e+06
1.3942e+06
1.39461e+06
1.39441e+06
1.3942e+06
1.39461e+06
1.39461e+06
1.39482e+06
1.39482e+06
1.39441e+06
1.39441e+06
1.39441e+06
1.39461e+06
1.39441e+06
1.3942e+06
1.39441e+06
1.39461e+06
1.39461e+06
1.39461e+06
1.39461e+06
1.39441e+06
1.3942e+06
1.39461e+06
1.3942e+06
1.394e+06
1.39441e+06
1.39441e+06
1.39441e+06
1.39441e+06
1.3942e+06
1.3942e+06
1.394e+06
1.3942e+06
1.39441e+06
1.3942e+06
1.3942e+06
1.394e+06
1.3942e+06
1.3942e+06
1.3942e+06
1.3942e+06
1.394e+06
1.39441e+06
1.39482e+06
1.39441e+06
1.3942e+06
1.394e+06
1.3942e+06
1.3942e+06
1.3942e+06
1.39441e+06
1.39441e+06
1.39482e+06
1.39585e+06
1.39523e+06
1.39503e+06
1.39461e+06
1.39461e+06
1.39461e+06
1.39461e+06
1.39503e+06
1.39523e+06
1.39585e+06
)
;
    }
    solid_to_fluid
    {
        type            calculated;
        value           nonuniform List<scalar> 
500
(
-2460
-2050
-2255
-2050
-2050
-2050
-2050
-2050
-2050
-2255
-3075
-2870
-2665
-2665
-2870
-2870
-2665
-2870
-3075
-3075
-3280
-3280
-3075
-3075
-3075
-3075
-3075
-3075
-3075
-3280
-3075
-3075
-2870
-2870
-2870
-2870
-2870
-2870
-2870
-3075
-2460
-2460
-2460
-2255
-2460
-2460
-2255
-2460
-2460
-2460
-1845
-2050
-1845
-1845
-1845
-1845
-1845
-1845
-1845
-2050
-1230
-1435
-1230
-1230
-1230
-1435
-1230
-1230
-1435
-1230
-820
-1025
-820
-1025
-820
-820
-820
-1025
-1025
-820
-615
-615
-615
-615
-615
-615
-410
-410
-615
-615
-410
-410
-410
-410
-410
-410
-410
-410
-410
-410
-2255
-1435
-1435
-1025
-1230
-1230
-1435
-1435
-1640
-2050
-3075
-2050
-1845
-1640
-1640
-1640
-1845
-2050
-2050
-2460
-3075
-2460
-2255
-2050
-2050
-2050
-2050
-2255
-2255
-2665
-2870
-2460
-2255
-2050
-2050
-2255
-2050
-2255
-2255
-2460
-2460
-2050
-1845
-1845
-2050
-2050
-1845
-2050
-1845
-2050
-2050
-1640
-1640
-1640
-1640
-1435
-1435
-1435
-1640
-1640
-1230
-1230
-1230
-1025
-1230
-1230
-1230
-1025
-1025
-1230
-820
-820
-820
-615
-820
-820
-615
-615
-820
-820
-615
-615
-410
-410
-410
-410
-410
-615
-410
-615
-410
-410
-410
-410
-410
-410
-410
-410
-410
-410
-2050
-1845
-1640
-1640
-1640
-1640
-1845
-1845
-1845
-2050
-2665
-2460
-2255
-2255
-1845
-1845
-2050
-2050
-2460
-2665
-2665
-2665
-2460
-2255
-2050
-2255
-2050
-2255
-2665
-2665
-2460
-2460
-2255
-2255
-2050
-2050
-2255
-2255
-2460
-2460
-2255
-2050
-2050
-2050
-1640
-1845
-2050
-1845
-2050
-2050
-1640
-1640
-1640
-1435
-1435
-1435
-1435
-1640
-1640
-1640
-1230
-1025
-1025
-1025
-1025
-1025
-1025
-1025
-1025
-1230
-820
-820
-615
-615
-615
-615
-615
-615
-615
-820
-615
-615
-410
-615
-410
-410
-615
-410
-615
-615
-410
-205
-410
-410
-205
-410
-410
-410
-410
-410
-2460
-1435
-1230
-1025
-1230
-1230
-1435
-1640
-1640
-2050
-2870
-2050
-1640
-1640
-1640
-1845
-1640
-2050
-2050
-2460
-3280
-2460
-2050
-2050
-2050
-2255
-2050
-2255
-2255
-2665
-3075
-2460
-2255
-2050
-2255
-2050
-2050
-2255
-2255
-2460
-2255
-2255
-1845
-2050
-2050
-2050
-2050
-2050
-2050
-2255
-1845
-1640
-1640
-1640
-1435
-1435
-1640
-1435
-1435
-1640
-1230
-1230
-1025
-1025
-1230
-1230
-1025
-1025
-1230
-1230
-820
-820
-615
-615
-615
-820
-820
-820
-615
-820
-615
-615
-410
-615
-615
-410
-410
-410
-410
-615
-410
-410
-410
-410
-205
-410
-410
-410
-205
-410
-410
-410
-410
-410
-410
-410
-410
-410
-410
-410
-410
-205
-410
-410
-410
-410
-410
-410
-410
-205
-410
-410
-410
-410
-205
-410
-410
-410
-205
-410
-410
-410
-410
-410
-410
-410
-410
-410
-410
-410
-410
-410
-410
-410
-410
-410
-410
-410
-410
-205
-410
-410
-410
-410
-410
-410
-410
-410
-410
-410
-410
-410
-410
-410
-410
-410
-410
-410
-205
-410
-410
-410
-205
-410
-410
-410
-410
-410
-410
-410
-410
-410
-410
-410
-410
-410
-410
-410
-410
-410
-410
-410
-410
-410
-410
-410
-410
-410
-410
-410
)
;
    }
}


// ************************************************************************* //
