/*--------------------------------*- C++ -*----------------------------------*\
| =========                 |                                                 |
| \\      /  F ield         | OpenFOAM: The Open Source CFD Toolbox           |
|  \\    /   O peration     | Version:  2412                                  |
|   \\  /    A nd           | Website:  www.openfoam.com                      |
|    \\/     M anipulation  |                                                 |
\*---------------------------------------------------------------------------*/
FoamFile
{
    version     2.0;
    format      ascii;
    arch        "LSB;label=32;scalar=64";
    class       volScalarField;
    location    "4.6/solid";
    object      T;
}
// * * * * * * * * * * * * * * * * * * * * * * * * * * * * * * * * * * * * * //

dimensions      [0 0 0 1 0 0 0];

internalField   nonuniform List<scalar> 
1000
(
352.409
352.419
352.424
352.427
352.428
352.429
352.429
352.428
352.427
352.424
352.415
352.422
352.426
352.429
352.43
352.431
352.431
352.431
352.43
352.427
352.418
352.424
352.428
352.43
352.431
352.432
352.432
352.432
352.431
352.429
352.42
352.425
352.429
352.431
352.432
352.433
352.433
352.432
352.431
352.429
352.421
352.426
352.429
352.431
352.432
352.433
352.433
352.433
352.431
352.429
352.421
352.426
352.429
352.431
352.432
352.433
352.433
352.433
352.431
352.429
352.42
352.425
352.429
352.431
352.432
352.433
352.433
352.432
352.431
352.429
352.418
352.424
352.428
352.43
352.431
352.432
352.432
352.432
352.43
352.428
352.415
352.422
352.426
352.429
352.43
352.431
352.431
352.431
352.429
352.426
352.409
352.419
352.424
352.427
352.428
352.429
352.429
352.428
352.426
352.423
351.259
351.279
351.291
351.299
351.303
351.305
351.305
351.304
351.3
351.295
351.271
351.285
351.296
351.302
351.306
351.308
351.309
351.308
351.305
351.3
351.277
351.29
351.299
351.305
351.308
351.31
351.311
351.31
351.307
351.303
351.281
351.293
351.301
351.306
351.31
351.312
351.312
351.311
351.309
351.304
351.283
351.294
351.302
351.307
351.31
351.312
351.313
351.312
351.309
351.305
351.283
351.294
351.302
351.307
351.31
351.312
351.313
351.312
351.309
351.304
351.281
351.293
351.301
351.306
351.31
351.312
351.313
351.311
351.308
351.303
351.277
351.29
351.299
351.305
351.309
351.311
351.311
351.31
351.307
351.301
351.271
351.285
351.296
351.302
351.307
351.309
351.309
351.308
351.304
351.298
351.259
351.279
351.291
351.299
351.303
351.306
351.306
351.304
351.3
351.292
350.163
350.187
350.204
350.215
350.222
350.225
350.226
350.224
350.219
350.212
350.176
350.195
350.209
350.219
350.225
350.229
350.23
350.228
350.224
350.218
350.185
350.201
350.213
350.222
350.228
350.231
350.232
350.231
350.227
350.221
350.19
350.205
350.216
350.225
350.23
350.233
350.234
350.233
350.23
350.223
350.192
350.207
350.218
350.226
350.231
350.234
350.235
350.234
350.23
350.224
350.192
350.207
350.218
350.226
350.231
350.234
350.235
350.234
350.23
350.223
350.19
350.205
350.216
350.225
350.23
350.233
350.235
350.233
350.229
350.222
350.185
350.201
350.214
350.223
350.228
350.232
350.233
350.231
350.227
350.219
350.176
350.195
350.209
350.219
350.226
350.229
350.23
350.228
350.223
350.215
350.163
350.187
350.204
350.215
350.222
350.226
350.226
350.224
350.218
350.208
349.142
349.169
349.188
349.201
349.21
349.214
349.216
349.213
349.208
349.2
349.156
349.177
349.194
349.206
349.214
349.218
349.22
349.218
349.214
349.206
349.166
349.184
349.199
349.21
349.217
349.221
349.223
349.221
349.217
349.211
349.171
349.189
349.202
349.212
349.219
349.223
349.225
349.224
349.22
349.213
349.174
349.191
349.204
349.214
349.22
349.224
349.226
349.225
349.221
349.214
349.174
349.191
349.204
349.214
349.22
349.225
349.226
349.225
349.221
349.213
349.172
349.189
349.202
349.212
349.219
349.224
349.225
349.224
349.22
349.211
349.166
349.185
349.199
349.21
349.217
349.222
349.223
349.222
349.217
349.208
349.157
349.178
349.194
349.206
349.214
349.219
349.221
349.219
349.213
349.203
349.143
349.169
349.189
349.202
349.21
349.215
349.216
349.214
349.207
349.196
348.219
348.246
348.267
348.282
348.291
348.297
348.299
348.297
348.292
348.284
348.234
348.255
348.273
348.287
348.296
348.301
348.303
348.302
348.298
348.29
348.243
348.262
348.278
348.291
348.299
348.304
348.307
348.306
348.302
348.295
348.249
348.267
348.282
348.293
348.302
348.307
348.309
348.308
348.305
348.298
348.252
348.269
348.284
348.295
348.303
348.308
348.31
348.309
348.306
348.299
348.252
348.27
348.284
348.295
348.303
348.308
348.31
348.31
348.305
348.298
348.25
348.268
348.283
348.294
348.302
348.307
348.31
348.309
348.304
348.296
348.244
348.263
348.279
348.291
348.3
348.305
348.307
348.306
348.301
348.293
348.234
348.256
348.274
348.287
348.297
348.302
348.304
348.303
348.297
348.287
348.22
348.247
348.268
348.283
348.292
348.298
348.3
348.298
348.291
348.28
347.414
347.441
347.463
347.479
347.489
347.496
347.499
347.497
347.492
347.485
347.428
347.451
347.469
347.484
347.494
347.5
347.503
347.502
347.498
347.492
347.438
347.458
347.474
347.488
347.498
347.504
347.507
347.506
347.503
347.497
347.444
347.463
347.478
347.491
347.5
347.506
347.509
347.509
347.505
347.499
347.447
347.465
347.48
347.493
347.502
347.507
347.51
347.51
347.507
347.5
347.447
347.465
347.48
347.493
347.502
347.508
347.511
347.51
347.506
347.5
347.445
347.463
347.479
347.492
347.501
347.507
347.51
347.509
347.505
347.497
347.439
347.458
347.475
347.489
347.498
347.505
347.508
347.507
347.502
347.494
347.429
347.451
347.47
347.485
347.495
347.501
347.504
347.503
347.498
347.489
347.414
347.442
347.464
347.48
347.49
347.497
347.5
347.498
347.492
347.481
346.744
346.772
346.794
346.811
346.823
346.83
346.833
346.832
346.828
346.821
346.759
346.781
346.801
346.816
346.827
346.835
346.838
346.837
346.834
346.828
346.769
346.789
346.806
346.821
346.831
346.838
346.842
346.841
346.839
346.833
346.775
346.793
346.81
346.824
346.834
346.841
346.844
346.844
346.841
346.836
346.777
346.796
346.812
346.825
346.835
346.842
346.845
346.846
346.843
346.837
346.777
346.796
346.812
346.825
346.835
346.842
346.846
346.846
346.843
346.836
346.775
346.794
346.81
346.824
346.834
346.841
346.845
346.845
346.841
346.834
346.769
346.789
346.807
346.821
346.832
346.839
346.843
346.842
346.838
346.83
346.759
346.781
346.801
346.817
346.828
346.836
346.839
346.839
346.834
346.825
346.744
346.772
346.795
346.812
346.823
346.831
346.835
346.834
346.828
346.818
346.223
346.252
346.276
346.294
346.307
346.315
346.319
346.318
346.314
346.308
346.238
346.262
346.282
346.299
346.312
346.319
346.323
346.323
346.32
346.315
346.248
346.269
346.288
346.304
346.316
346.323
346.327
346.327
346.325
346.32
346.255
346.274
346.292
346.308
346.319
346.326
346.33
346.33
346.328
346.322
346.257
346.277
346.294
346.309
346.32
346.327
346.331
346.331
346.329
346.323
346.257
346.277
346.294
346.309
346.32
346.327
346.332
346.332
346.329
346.323
346.254
346.274
346.292
346.308
346.319
346.327
346.331
346.331
346.327
346.321
346.248
346.269
346.288
346.304
346.316
346.324
346.328
346.328
346.324
346.317
346.238
346.262
346.283
346.3
346.312
346.32
346.325
346.325
346.321
346.312
346.223
346.252
346.276
346.294
346.307
346.316
346.32
346.32
346.315
346.305
345.863
345.893
345.919
345.939
345.953
345.962
345.966
345.966
345.962
345.956
345.878
345.904
345.927
345.945
345.959
345.967
345.971
345.971
345.968
345.963
345.889
345.912
345.933
345.951
345.963
345.971
345.975
345.975
345.973
345.968
345.896
345.918
345.938
345.954
345.966
345.974
345.978
345.978
345.976
345.971
345.898
345.92
345.94
345.956
345.967
345.975
345.979
345.98
345.977
345.971
345.898
345.92
345.94
345.956
345.968
345.976
345.98
345.98
345.977
345.971
345.895
345.918
345.938
345.955
345.967
345.975
345.979
345.979
345.976
345.969
345.889
345.913
345.934
345.951
345.964
345.972
345.976
345.977
345.973
345.966
345.878
345.904
345.928
345.946
345.96
345.968
345.973
345.973
345.969
345.961
345.863
345.893
345.92
345.94
345.955
345.964
345.968
345.968
345.963
345.954
345.67
345.703
345.733
345.756
345.771
345.78
345.785
345.784
345.78
345.773
345.687
345.717
345.743
345.763
345.777
345.786
345.791
345.79
345.787
345.781
345.698
345.726
345.75
345.769
345.782
345.791
345.795
345.795
345.792
345.786
345.705
345.732
345.755
345.773
345.785
345.794
345.798
345.798
345.795
345.789
345.708
345.735
345.757
345.774
345.787
345.795
345.799
345.8
345.796
345.79
345.708
345.735
345.757
345.775
345.787
345.795
345.8
345.8
345.796
345.789
345.705
345.733
345.756
345.773
345.786
345.794
345.799
345.799
345.795
345.787
345.698
345.727
345.751
345.77
345.783
345.792
345.796
345.796
345.792
345.783
345.687
345.717
345.744
345.764
345.778
345.787
345.792
345.792
345.788
345.779
345.67
345.704
345.735
345.757
345.772
345.782
345.787
345.787
345.781
345.771
)
;

boundaryField
{
    bodyBottom
    {
        type            fixedValue;
        value           uniform 353;
    }
    solid_to_fluid
    {
        type            compressible::turbulentTemperatureCoupledBaffleMixed;
        refValue        nonuniform List<scalar> 
500
(
323.163
327.842
329.862
331.037
331.632
331.657
331.077
329.904
327.883
323.255
312.487
317.297
321.257
323.384
324.343
324.373
323.451
321.326
317.366
312.566
307.686
311.385
314.504
316.169
316.917
316.954
316.216
314.549
311.427
307.735
306.458
309.763
312.479
313.863
314.466
314.494
313.895
312.509
309.793
306.496
306.118
309.322
311.907
313.191
313.748
313.771
313.216
311.931
309.345
306.15
306.181
309.421
312.035
313.314
313.869
313.891
313.336
312.055
309.441
306.211
306.157
309.367
311.983
313.239
313.782
313.802
313.259
312.001
309.385
306.186
305.646
308.633
311.094
312.248
312.734
312.751
312.263
311.108
308.648
305.671
304.312
306.805
308.895
309.86
310.259
310.27
309.866
308.899
306.812
304.329
302.571
304.392
305.946
306.638
306.911
306.915
306.636
305.94
304.388
302.579
324.249
338.09
340.939
343.74
342.525
342.136
341.2
340.137
338.879
337.068
315.662
337.566
341.934
343.941
343.345
342.816
341.702
340.337
338.731
335.667
311.408
334.554
340.974
342.658
342.131
341.745
340.65
339.36
337.411
331.735
310.126
333.573
339.819
341.081
340.639
340.536
339.528
338.439
335.997
328.933
309.661
332.897
338.504
339.638
339.109
339.1
338.21
337.397
334.832
327.747
309.589
332.371
337.571
338.64
338.116
338.159
337.334
336.608
334.123
327.337
309.473
331.537
336.943
337.889
337.47
337.544
336.664
335.789
333.624
327.25
309.015
330.181
336.722
337.684
337.413
337.203
336.382
335.32
333.398
327.466
307.977
327.182
336.182
337.208
337.332
336.822
336.117
334.862
332.436
327.817
306.4
319.274
332.225
335.131
335.076
335.818
335.218
333.556
331.448
327.487
342.888
344.45
344.367
343.902
343.337
342.735
342.156
341.681
341.444
340.267
339.297
341.032
340.972
340.245
339.292
338.146
336.894
335.946
335.118
333.298
334.238
336.271
336.292
335.275
333.811
332.295
330.869
329.971
329.001
327.043
330.855
333.072
333.272
332.328
330.945
329.557
328.26
327.343
326.185
324.131
330.306
332.781
333.261
332.558
331.346
330.002
328.639
327.369
325.797
323.587
330.796
333.379
334.016
333.476
332.368
331.01
329.545
327.989
326.031
323.748
331.765
334.276
334.906
334.415
333.338
331.938
330.369
328.631
326.347
324.122
332.899
335.096
335.513
334.927
333.811
332.372
330.764
329.058
326.694
324.719
333.791
335.321
335.26
334.418
333.19
331.746
330.238
328.778
326.981
325.563
333.429
333.976
333.234
332.035
330.679
329.302
328.057
327.077
326.272
325.995
324.103
337.963
340.769
343.606
342.315
342.019
341.151
340.134
338.974
337.691
315.527
337.424
341.824
343.949
343.408
343.021
342.095
340.927
339.768
338.229
311.312
334.506
341.068
342.955
342.57
342.351
341.547
340.576
339.421
336.43
310.048
333.605
340.056
341.554
341.333
341.445
340.683
339.894
338.559
334.124
309.592
332.978
338.808
340.147
339.888
340.205
339.517
338.953
337.672
333.034
309.523
332.468
337.943
339.238
339.017
339.396
338.802
338.328
337.188
332.902
309.407
331.618
337.414
338.708
338.575
338.848
338.36
337.873
336.958
333.259
308.95
330.206
337.337
338.735
338.812
338.941
338.554
337.725
336.653
333.662
307.913
326.813
336.344
338.027
338.621
338.545
338.105
337.399
335.961
333.252
306.338
318.749
330.542
334.994
335.645
336.077
336.312
335.253
333.366
330.95
306.542
320.278
332.811
334.886
334.76
335.374
335.694
335.494
334.123
331.376
308.262
329.337
337.371
338.999
338.926
338.749
338.365
337.468
335.77
333.322
309.472
332.296
337.418
339.002
338.984
338.772
338.229
337.409
336.356
334.016
310.044
333.216
336.291
337.634
337.883
337.863
337.764
337.481
336.919
333.764
310.281
333.803
335.82
337.191
337.732
337.887
337.917
337.747
336.921
332.932
310.267
333.69
336.155
337.68
338.287
338.417
338.318
337.777
336.341
331.935
310.011
333.185
337.146
338.984
339.23
339.117
338.548
337.539
335.635
331.034
309.421
331.948
337.868
339.459
339.354
339.001
338.319
337.095
334.872
330.287
308.201
328.182
335.918
337.598
337.629
337.691
337.351
336.211
333.781
329.245
306.483
319.357
329.894
332.738
333.367
334.233
334.335
333.413
331.359
327.398
)
;
        refGradient     uniform 0;
        valueFraction   nonuniform List<scalar> 
500
(
0.000301416
0.000301416
0.000301416
0.000301416
0.000301416
0.000301416
0.000301416
0.000301416
0.000301416
0.000301416
0.000301416
0.000301416
0.000301416
0.000301416
0.000301416
0.000301416
0.000301416
0.000301416
0.000301416
0.000301416
0.000301416
0.000301416
0.000301416
0.000301416
0.000301416
0.000301416
0.000301416
0.000301416
0.000301416
0.000301416
0.000301416
0.000301416
0.000301416
0.000301416
0.000301416
0.000301416
0.000301416
0.000301416
0.000301416
0.000301416
0.000301416
0.000301416
0.000301416
0.000301416
0.000301416
0.000301416
0.000301416
0.000301416
0.000301416
0.000301416
0.000301416
0.000301416
0.000301416
0.000301416
0.000301416
0.000301416
0.000301416
0.000301416
0.000301416
0.000301416
0.000301416
0.000301416
0.000301416
0.000301416
0.000301416
0.000301416
0.000301416
0.000301416
0.000301416
0.000301416
0.000301416
0.000301416
0.000301416
0.000301416
0.000301416
0.000301416
0.000301416
0.000301416
0.000301416
0.000301416
0.000301416
0.000301416
0.000301416
0.000301416
0.000301416
0.000301416
0.000301416
0.000301416
0.000301416
0.000301416
0.000301416
0.000301416
0.000301416
0.000301416
0.000301416
0.000301416
0.000301416
0.000301416
0.000301416
0.000301416
0.000302436
0.000302436
0.000302436
0.000302436
0.000302436
0.000302436
0.000302436
0.000302436
0.000302436
0.000302436
0.000302436
0.000302436
0.000302436
0.000302436
0.000302436
0.000302436
0.000302436
0.000302436
0.000302436
0.000302436
0.000302436
0.000302436
0.000302436
0.000302436
0.000302436
0.000302436
0.000302436
0.000302436
0.000302436
0.000302436
0.000302436
0.000302436
0.000302436
0.000302436
0.000302436
0.000302436
0.000302436
0.000302436
0.000302436
0.000302436
0.000302436
0.000302436
0.000302436
0.000302436
0.000302436
0.000302436
0.000302436
0.000302436
0.000302436
0.000302436
0.000302436
0.000302436
0.000302436
0.000302436
0.000302436
0.000302436
0.000302436
0.000302436
0.000302436
0.000302436
0.000302436
0.000302436
0.000302436
0.000302436
0.000302436
0.000302436
0.000302436
0.000302436
0.000302436
0.000302436
0.000302436
0.000302436
0.000302436
0.000302436
0.000302436
0.000302436
0.000302436
0.000302436
0.000302436
0.000302436
0.000302436
0.000302436
0.000302436
0.000302436
0.000302436
0.000302436
0.000302436
0.000302436
0.000302436
0.000302436
0.000302436
0.000302436
0.000302436
0.000302436
0.000302436
0.000302436
0.000302436
0.000302436
0.000302436
0.000302436
0.000300478
0.000300478
0.000300478
0.000300478
0.000300478
0.000300478
0.000300478
0.000300478
0.000300478
0.000300478
0.000300478
0.000300478
0.000300478
0.000300478
0.000300478
0.000300478
0.000300478
0.000300478
0.000300478
0.000300478
0.000300478
0.000300478
0.000300478
0.000300478
0.000300478
0.000300478
0.000300478
0.000300478
0.000300478
0.000300478
0.000300478
0.000300478
0.000300478
0.000300478
0.000300478
0.000300478
0.000300478
0.000300478
0.000300478
0.000300478
0.000300478
0.000300478
0.000300478
0.000300478
0.000300478
0.000300478
0.000300478
0.000300478
0.000300478
0.000300478
0.000300478
0.000300478
0.000300478
0.000300478
0.000300478
0.000300478
0.000300478
0.000300478
0.000300478
0.000300478
0.000300478
0.000300478
0.000300478
0.000300478
0.000300478
0.000300478
0.000300478
0.000300478
0.000300478
0.000300478
0.000300478
0.000300478
0.000300478
0.000300478
0.000300478
0.000300478
0.000300478
0.000300478
0.000300478
0.000300478
0.000300478
0.000300478
0.000300478
0.000300478
0.000300478
0.000300478
0.000300478
0.000300478
0.000300478
0.000300478
0.000300478
0.000300478
0.000300478
0.000300478
0.000300478
0.000300478
0.000300478
0.000300478
0.000300478
0.000300478
0.000302436
0.000302436
0.000302436
0.000302436
0.000302436
0.000302436
0.000302436
0.000302436
0.000302436
0.000302436
0.000302436
0.000302436
0.000302436
0.000302436
0.000302436
0.000302436
0.000302436
0.000302436
0.000302436
0.000302436
0.000302436
0.000302436
0.000302436
0.000302436
0.000302436
0.000302436
0.000302436
0.000302436
0.000302436
0.000302436
0.000302436
0.000302436
0.000302436
0.000302436
0.000302436
0.000302436
0.000302436
0.000302436
0.000302436
0.000302436
0.000302436
0.000302436
0.000302436
0.000302436
0.000302436
0.000302436
0.000302436
0.000302436
0.000302436
0.000302436
0.000302436
0.000302436
0.000302436
0.000302436
0.000302436
0.000302436
0.000302436
0.000302436
0.000302436
0.000302436
0.000302436
0.000302436
0.000302436
0.000302436
0.000302436
0.000302436
0.000302436
0.000302436
0.000302436
0.000302436
0.000302436
0.000302436
0.000302436
0.000302436
0.000302436
0.000302436
0.000302436
0.000302436
0.000302436
0.000302436
0.000302436
0.000302436
0.000302436
0.000302436
0.000302436
0.000302436
0.000302436
0.000302436
0.000302436
0.000302436
0.000302436
0.000302436
0.000302436
0.000302436
0.000302436
0.000302436
0.000302436
0.000302436
0.000302436
0.000302436
0.000301115
0.000301115
0.000301115
0.000301115
0.000301115
0.000301115
0.000301115
0.000301115
0.000301115
0.000301115
0.000301115
0.000301115
0.000301115
0.000301115
0.000301115
0.000301115
0.000301115
0.000301115
0.000301115
0.000301115
0.000301115
0.000301115
0.000301115
0.000301115
0.000301115
0.000301115
0.000301115
0.000301115
0.000301115
0.000301115
0.000301115
0.000301115
0.000301115
0.000301115
0.000301115
0.000301115
0.000301115
0.000301115
0.000301115
0.000301115
0.000301115
0.000301115
0.000301115
0.000301115
0.000301115
0.000301115
0.000301115
0.000301115
0.000301115
0.000301115
0.000301115
0.000301115
0.000301115
0.000301115
0.000301115
0.000301115
0.000301115
0.000301115
0.000301115
0.000301115
0.000301115
0.000301115
0.000301115
0.000301115
0.000301115
0.000301115
0.000301115
0.000301115
0.000301115
0.000301115
0.000301115
0.000301115
0.000301115
0.000301115
0.000301115
0.000301115
0.000301115
0.000301115
0.000301115
0.000301115
0.000301115
0.000301115
0.000301115
0.000301115
0.000301115
0.000301115
0.000301115
0.000301115
0.000301115
0.000301115
0.000301115
0.000301115
0.000301115
0.000301115
0.000301115
0.000301115
0.000301115
0.000301115
0.000301115
0.000301115
)
;
        source          uniform 0;
        Tnbr            T;
        kappaMethod     solidThermo;
        value           nonuniform List<scalar> 
500
(
352.4
352.408
352.411
352.413
352.414
352.414
352.413
352.412
352.408
352.4
351.247
351.26
351.268
351.273
351.275
351.275
351.273
351.268
351.26
351.247
350.149
350.164
350.174
350.179
350.182
350.182
350.179
350.174
350.164
350.15
349.129
349.144
349.154
349.16
349.163
349.163
349.161
349.155
349.145
349.129
348.206
348.221
348.232
348.238
348.241
348.241
348.239
348.232
348.222
348.206
347.401
347.416
347.427
347.433
347.436
347.436
347.434
347.427
347.417
347.401
346.731
346.747
346.757
346.764
346.767
346.767
346.764
346.758
346.747
346.731
346.21
346.226
346.237
346.244
346.246
346.246
346.243
346.237
346.226
346.21
345.85
345.866
345.877
345.884
345.887
345.887
345.884
345.877
345.866
345.849
345.656
345.673
345.685
345.692
345.695
345.695
345.692
345.685
345.674
345.657
352.4
352.414
352.42
352.424
352.425
352.426
352.426
352.424
352.422
352.418
351.248
351.274
351.288
351.297
351.301
351.303
351.303
351.3
351.296
351.287
350.151
350.182
350.201
350.213
350.219
350.223
350.223
350.22
350.214
350.202
349.13
349.164
349.185
349.199
349.207
349.212
349.213
349.21
349.203
349.189
348.207
348.242
348.264
348.279
348.289
348.295
348.296
348.294
348.287
348.273
347.402
347.437
347.46
347.476
347.487
347.494
347.496
347.494
347.487
347.474
346.732
346.767
346.791
346.808
346.82
346.828
346.831
346.83
346.824
346.811
346.211
346.246
346.272
346.291
346.304
346.313
346.317
346.316
346.31
346.298
345.851
345.887
345.916
345.937
345.951
345.96
345.965
345.964
345.958
345.947
345.658
345.695
345.73
345.753
345.768
345.778
345.783
345.782
345.776
345.765
352.421
352.425
352.426
352.426
352.426
352.426
352.425
352.424
352.423
352.419
351.291
351.297
351.3
351.301
351.301
351.3
351.299
351.296
351.293
351.287
350.207
350.213
350.217
350.219
350.219
350.218
350.216
350.213
350.208
350.201
349.194
349.201
349.206
349.208
349.208
349.207
349.205
349.201
349.196
349.188
348.278
348.285
348.29
348.293
348.293
348.292
348.29
348.286
348.28
348.272
347.479
347.487
347.492
347.495
347.495
347.494
347.492
347.487
347.482
347.473
346.816
346.824
346.829
346.832
346.832
346.831
346.828
346.824
346.819
346.81
346.303
346.31
346.316
346.318
346.319
346.318
346.315
346.311
346.306
346.298
345.951
345.959
345.964
345.966
345.967
345.966
345.963
345.96
345.954
345.947
345.769
345.776
345.781
345.784
345.784
345.783
345.781
345.777
345.772
345.765
352.4
352.414
352.42
352.424
352.425
352.426
352.425
352.424
352.423
352.42
351.248
351.274
351.288
351.296
351.301
351.302
351.302
351.3
351.297
351.291
350.15
350.182
350.201
350.213
350.219
350.222
350.223
350.22
350.216
350.207
349.13
349.163
349.185
349.199
349.207
349.211
349.213
349.21
349.205
349.195
348.207
348.241
348.264
348.279
348.288
348.294
348.296
348.294
348.288
348.278
347.402
347.436
347.459
347.476
347.486
347.493
347.495
347.494
347.489
347.48
346.732
346.766
346.791
346.808
346.82
346.827
346.83
346.829
346.825
346.816
346.211
346.246
346.272
346.291
346.304
346.312
346.316
346.315
346.311
346.303
345.851
345.886
345.915
345.936
345.95
345.959
345.963
345.962
345.958
345.951
345.657
345.694
345.728
345.752
345.767
345.776
345.781
345.78
345.775
345.768
345.657
345.695
345.729
345.752
345.767
345.776
345.781
345.78
345.776
345.768
345.675
345.711
345.739
345.76
345.774
345.783
345.788
345.787
345.783
345.776
345.686
345.721
345.747
345.766
345.78
345.788
345.792
345.791
345.788
345.782
345.693
345.728
345.751
345.77
345.782
345.791
345.795
345.795
345.792
345.784
345.696
345.731
345.753
345.771
345.784
345.792
345.796
345.796
345.793
345.785
345.697
345.731
345.754
345.771
345.784
345.792
345.797
345.797
345.793
345.784
345.694
345.728
345.752
345.771
345.783
345.792
345.796
345.796
345.791
345.781
345.686
345.722
345.748
345.767
345.781
345.789
345.793
345.793
345.788
345.778
345.675
345.711
345.74
345.761
345.775
345.784
345.789
345.789
345.783
345.773
345.658
345.695
345.729
345.752
345.768
345.778
345.783
345.782
345.776
345.765
)
;
    }
}


// ************************************************************************* //
