/*--------------------------------*- C++ -*----------------------------------*\
| =========                 |                                                 |
| \\      /  F ield         | OpenFOAM: The Open Source CFD Toolbox           |
|  \\    /   O peration     | Version:  2412                                  |
|   \\  /    A nd           | Website:  www.openfoam.com                      |
|    \\/     M anipulation  |                                                 |
\*---------------------------------------------------------------------------*/
FoamFile
{
    version     2.0;
    format      ascii;
    arch        "LSB;label=32;scalar=64";
    class       volScalarField;
    location    "4.6/solid";
    object      wallHeatFlux;
}
// * * * * * * * * * * * * * * * * * * * * * * * * * * * * * * * * * * * * * //

dimensions      [1 0 -3 0 0 0 0];

internalField   uniform 0;

boundaryField
{
    bodyBottom
    {
        type            calculated;
        value           nonuniform List<scalar> 
100
(
121155
119925
119310
118900
118695
118695
118900
119310
119925
121155
119105
118490
118080
117875
117670
117670
117875
118080
118490
119105
118080
117670
117260
117055
117055
117055
117055
117260
117670
118080
117465
117055
116850
116645
116645
116645
116645
116850
117055
117465
117260
116850
116645
116440
116440
116440
116440
116645
116850
117260
117055
116645
116440
116235
116235
116235
116235
116440
116645
117055
117055
116645
116440
116235
116235
116235
116235
116440
116645
117055
117260
116645
116440
116440
116235
116235
116440
116440
116645
117260
117465
116850
116645
116645
116645
116645
116645
116850
117055
117670
118080
117465
117055
117055
117055
117055
117055
117260
117670
118285
)
;
    }
    solid_to_fluid
    {
        type            calculated;
        value           nonuniform List<scalar> 
500
(
-1845
-1435
-1435
-1435
-1435
-1435
-1435
-1230
-1435
-1845
-2460
-2255
-1845
-1640
-1640
-1640
-1640
-1845
-2255
-2460
-2870
-2460
-2255
-2255
-2050
-2050
-2255
-2255
-2460
-2665
-2665
-2460
-2460
-2255
-2255
-2255
-2255
-2255
-2460
-2870
-2665
-2665
-2255
-2255
-2255
-2255
-2255
-2460
-2460
-2870
-2665
-2460
-2255
-2255
-2255
-2255
-2255
-2460
-2460
-2665
-2665
-2460
-2460
-2255
-2050
-2050
-2255
-2255
-2460
-2665
-2665
-2460
-2255
-2255
-2255
-2255
-2255
-2255
-2460
-2665
-2665
-2460
-2460
-2460
-2255
-2255
-2255
-2460
-2460
-2870
-2870
-2870
-2665
-2665
-2665
-2665
-2665
-2665
-2665
-2665
-1845
-1025
-820
-615
-615
-615
-615
-820
-820
-1025
-2255
-1025
-615
-410
-410
-615
-615
-820
-820
-1025
-2460
-1025
-615
-410
-615
-615
-615
-820
-820
-1230
-2665
-1025
-820
-615
-615
-615
-615
-820
-820
-1435
-2665
-1025
-820
-820
-615
-615
-820
-820
-820
-1435
-2460
-1025
-820
-820
-615
-615
-820
-820
-1025
-1435
-2460
-1025
-820
-820
-615
-615
-820
-820
-820
-1435
-2460
-1230
-820
-615
-615
-615
-615
-820
-1025
-1435
-2460
-1230
-820
-615
-820
-820
-615
-820
-1025
-1435
-2460
-1845
-1025
-820
-820
-820
-820
-1025
-1025
-1230
-615
-410
-615
-615
-615
-615
-820
-820
-615
-820
-820
-615
-615
-615
-820
-820
-820
-1025
-1025
-1025
-1025
-1025
-820
-820
-1025
-1025
-1230
-1230
-1435
-1435
-1230
-1025
-1025
-1025
-1230
-1230
-1230
-1435
-1435
-1640
-1230
-1025
-1025
-1025
-1230
-1230
-1230
-1435
-1435
-1640
-1230
-1025
-1025
-820
-1025
-1230
-1025
-1435
-1435
-1640
-1025
-820
-820
-820
-1025
-1025
-1230
-1230
-1230
-1640
-1025
-1025
-820
-820
-820
-1025
-1230
-1230
-1230
-1435
-1025
-820
-820
-1025
-820
-1025
-1230
-1230
-1435
-1435
-820
-1025
-1025
-1025
-1230
-1230
-1230
-1230
-1435
-1230
-1845
-1025
-820
-615
-615
-615
-820
-820
-820
-820
-2255
-1025
-615
-615
-410
-615
-615
-820
-615
-820
-2665
-1025
-615
-410
-615
-615
-615
-820
-615
-1025
-2460
-1230
-615
-410
-615
-615
-615
-615
-615
-1025
-2460
-1025
-615
-615
-615
-615
-615
-615
-820
-1230
-2460
-1025
-820
-615
-615
-615
-820
-615
-615
-1025
-2460
-1230
-615
-615
-615
-615
-615
-615
-615
-1025
-2460
-1230
-820
-615
-615
-615
-615
-615
-615
-1025
-2460
-1435
-820
-615
-615
-615
-615
-820
-820
-1025
-2665
-1845
-1025
-820
-820
-820
-820
-820
-1025
-1025
-2665
-1640
-820
-820
-820
-820
-820
-820
-820
-1025
-2460
-1230
-820
-615
-615
-615
-615
-615
-820
-1025
-2460
-1025
-615
-615
-410
-615
-615
-820
-820
-820
-2460
-820
-820
-615
-615
-615
-615
-615
-615
-1025
-2460
-820
-820
-615
-615
-615
-615
-820
-615
-1025
-2255
-820
-615
-820
-615
-615
-615
-615
-615
-1025
-2255
-1025
-820
-410
-615
-410
-615
-615
-820
-1230
-2460
-1025
-615
-615
-410
-615
-615
-615
-820
-1025
-2460
-1230
-820
-615
-615
-615
-615
-615
-1025
-1230
-2460
-1845
-1230
-1025
-820
-820
-820
-1025
-1025
-1230
)
;
    }
}


// ************************************************************************* //
