/*--------------------------------*- C++ -*----------------------------------*\
| =========                 |                                                 |
| \\      /  F ield         | OpenFOAM: The Open Source CFD Toolbox           |
|  \\    /   O peration     | Version:  2412                                  |
|   \\  /    A nd           | Website:  www.openfoam.com                      |
|    \\/     M anipulation  |                                                 |
\*---------------------------------------------------------------------------*/
FoamFile
{
    version     2.0;
    format      ascii;
    arch        "LSB;label=32;scalar=64";
    class       volScalarField;
    location    "2.4/fluid";
    object      wallHeatFlux;
}
// * * * * * * * * * * * * * * * * * * * * * * * * * * * * * * * * * * * * * //

dimensions      [1 0 -3 0 0 0 0];

internalField   uniform 0;

boundaryField
{
    inlet
    {
        type            calculated;
        value           uniform 0;
    }
    outlet
    {
        type            calculated;
        value           uniform 0;
    }
    walls
    {
        type            calculated;
        value           uniform 0;
    }
    fluid_to_solid
    {
        type            calculated;
        value           nonuniform List<scalar> 
500
(
1822.06
1552.64
1436.13
1368.02
1334.21
1334.27
1368.08
1436.19
1552.64
1822.13
2280.44
2012.68
1792.21
1674.28
1622.73
1622.79
1674.28
1792.27
2012.74
2280.5
2378.03
2179.75
2012.68
1923.86
1885.17
1885.17
1923.92
2012.74
2179.88
2378.03
2280.13
2108.92
1968.3
1896.91
1866.69
1866.69
1896.98
1968.37
2108.98
2280.13
2149.03
1988.39
1858.53
1794.37
1767.18
1767.24
1794.44
1858.65
1988.45
2149.09
2020.78
1864.59
1738.37
1676.94
1650.85
1650.85
1677
1738.44
1864.59
2020.78
1915.4
1764.83
1641.83
1582.8
1557.83
1557.83
1582.8
1641.77
1764.83
1915.33
1857.29
1720.2
1606.72
1553.44
1531.44
1531.44
1553.44
1606.66
1720.08
1857.17
1862.36
1749.87
1654.87
1610.8
1592.75
1592.69
1610.74
1654.81
1749.75
1862.3
1912.24
1830.96
1760.87
1729.41
1717.05
1717.05
1729.41
1760.87
1830.96
1912.24
1759.7
905.588
730.263
554.627
635.995
664.399
732.743
811.196
893.494
965.125
2105.95
815.785
545.697
418.808
455.15
489.26
563.248
655.283
752.093
892.13
2182.23
877.431
498.749
389.659
415.273
436.545
500.548
582.039
685.796
961.404
2095.22
826.887
476.733
394.249
409.195
409.691
463.337
526.595
635.065
977.777
1977.63
771.939
475.678
405.66
423.211
413.846
457.197
500.3
603.622
929.899
1862.34
724.123
466.314
405.412
423.831
413.474
450.251
482.066
569.822
858.578
1766.15
703.409
452.918
404.172
419.8
411.304
445.91
476.919
540.363
782.916
1709.53
720.216
429.227
385.38
395.923
402.311
431.832
468.918
523.246
710.975
1704.38
830.174
436.049
392.326
389.039
411.118
433.01
469.787
542.534
664.337
1749.28
1179.15
618.568
473.88
485.849
454.902
470.469
529.572
592.458
696.153
710.869
684.189
706.925
724.671
729.785
728.43
722.514
704.153
681.046
707.911
1046.99
989.683
1015.99
1050.44
1066.03
1063.13
1046.62
1011
983.891
1041.13
1315.63
1259.5
1275.34
1285.94
1265.85
1263.63
1282.73
1270.9
1253.89
1309.78
1309.41
1238
1216.19
1170.53
1091.41
1089.75
1167.02
1211.56
1232.51
1303.93
1192.59
1106.26
1061.4
983.214
871.996
870.455
978.839
1056.11
1100.72
1187.53
1067.14
972.431
910.321
809.332
679.691
677.966
803.725
903.79
966.331
1062.08
941.807
844.638
773.964
663.116
531.996
529.593
656.646
766.262
837.984
936.755
819.93
728.738
661.884
556.15
445.425
442.591
549.988
653.812
721.898
815.062
707.911
637.607
592.689
508.089
408.763
404.82
502.051
585.11
631.445
703.906
651.779
621.525
615.918
562.065
475.679
471.304
556.027
609.387
616.965
649.314
1759.64
905.402
730.201
554.503
635.871
664.523
732.991
811.63
894.052
965.931
2105.88
815.599
545.573
418.87
455.212
489.508
563.806
656.089
753.209
894.486
2182.17
877.369
498.749
389.783
415.459
436.917
501.168
583.032
687.408
965.187
2095.22
826.701
476.671
394.311
409.319
409.939
463.957
527.526
636.925
981.808
1977.63
771.753
475.554
405.536
423.273
414.095
457.569
501.044
605.172
933.372
1862.28
723.999
466.066
405.164
423.645
413.536
450.499
482.562
571
861.555
1766.21
703.223
452.608
403.924
419.676
411.304
446.096
477.229
541.107
785.335
1709.59
720.092
429.041
385.256
395.861
402.373
432.018
469.043
523.68
712.835
1704.44
830.05
435.801
392.078
388.977
411.056
433.134
470.283
543.092
665.33
1749.28
1178.9
617.886
473.57
485.663
454.654
470.469
529.386
592.458
696.773
1739.42
1162.33
681.195
573.755
558.318
525.901
517.688
542.449
594.563
707.375
1663.16
762.824
427.599
359.986
361.9
360.85
370.051
402.406
474.218
608.457
1608.58
594.131
348.624
278.171
282.925
296.51
319.295
357.207
426.858
539.547
1582.02
531.026
374.126
300.276
288.791
288.174
303.055
331.953
370.977
482.925
1570.29
481.381
402.468
336.522
310.712
299.042
299.721
306.698
318.924
413.027
1570.29
481.504
402.221
336.275
310.526
298.98
299.597
306.389
318.06
410.557
1582.02
531.087
373.879
300.029
288.668
288.236
303.117
332.014
370.421
480.208
1608.58
594.131
348.624
278.109
282.802
296.386
319.295
357.207
426.549
537.571
1663.1
762.824
427.476
359.986
361.838
360.789
369.927
402.345
473.971
607.654
1739.36
1162.21
680.762
573.693
558.318
526.024
517.812
542.634
594.625
707.005
)
;
    }
}


// ************************************************************************* //
