/*--------------------------------*- C++ -*----------------------------------*\
| =========                 |                                                 |
| \\      /  F ield         | OpenFOAM: The Open Source CFD Toolbox           |
|  \\    /   O peration     | Version:  2412                                  |
|   \\  /    A nd           | Website:  www.openfoam.com                      |
|    \\/     M anipulation  |                                                 |
\*---------------------------------------------------------------------------*/
FoamFile
{
    version     2.0;
    format      ascii;
    arch        "LSB;label=32;scalar=64";
    class       volScalarField;
    location    "3.9/fluid";
    object      wallHeatFlux;
}
// * * * * * * * * * * * * * * * * * * * * * * * * * * * * * * * * * * * * * //

dimensions      [1 0 -3 0 0 0 0];

internalField   uniform 0;

boundaryField
{
    inlet
    {
        type            calculated;
        value           uniform 0;
    }
    outlet
    {
        type            calculated;
        value           uniform 0;
    }
    walls
    {
        type            calculated;
        value           uniform 0;
    }
    fluid_to_solid
    {
        type            calculated;
        value           nonuniform List<scalar> 
500
(
1806.36
1523.47
1400.53
1329.01
1293.6
1294.52
1330.56
1402.13
1525.13
1809.7
2368.82
2078.51
1839
1710.68
1654.87
1655.98
1713.22
1841.6
2081.04
2371.61
2572.11
2350.65
2163.43
2063.61
2019.67
2020.96
2065.34
2165.1
2352.2
2573.84
2562.78
2366.35
2204.48
2122.08
2086.73
2087.72
2123.2
2205.59
2367.34
2564.02
2507.52
2318.27
2165.16
2089.2
2056.63
2057.43
2090.07
2165.97
2319.07
2508.57
2438.73
2248.67
2094.89
2019.79
1987.46
1988.21
2020.47
2095.57
2249.29
2439.6
2385.39
2198.11
2044.95
1971.46
1939.93
1940.61
1972.07
2045.5
2198.6
2386.26
2373.21
2199.65
2056.13
1988.89
1960.64
1961.13
1989.26
2056.38
2199.96
2373.83
2422.48
2278.27
2156.82
2100.76
2077.46
2077.64
2100.7
2156.76
2278.15
2422.78
2509.19
2404.49
2314.56
2274.26
2258.25
2258.25
2273.89
2314.06
2404.12
2509.13
1755.42
898.766
724.929
549.728
632.336
659.748
726.79
804.188
882.579
936.411
2192.46
852.19
579.993
450.127
486.159
519.401
591.466
681.516
769.334
870.485
2361.9
954.396
551.775
436.111
462.593
483.617
545.945
626.072
716.929
931.697
2356.13
937.031
544.891
452.98
467.926
468.112
521.882
584.086
675.128
972.381
2308.93
909.495
559.403
478.097
494.408
479.338
525.355
567.465
650.569
959.109
2248.84
884.253
563.124
487.09
503.525
485.601
525.293
557.542
631.158
920.224
2201.7
889.401
558.721
489.136
502.16
488.454
524.797
558.845
618.32
866.64
2186.88
936.162
538.255
468.298
472.578
474.066
505.633
548.674
608.335
803.196
2219.13
1101.5
562.814
482.748
461.228
479.151
498.811
533.355
625.824
774.543
2296.47
1562.17
846.981
621.483
610.444
570.008
548.674
611.498
710.107
856.965
722.083
691.768
713.703
738.719
758.252
748.455
719.125
672.79
623.435
630.459
1107.31
1037.93
1063.13
1115.2
1165.17
1151.24
1092.83
996.399
911.061
940.082
1447.86
1376.76
1391.73
1428.45
1455.63
1458.71
1424.88
1333.87
1242
1263.57
1500.79
1404.85
1374.66
1363.33
1349.58
1368.13
1381.5
1333.13
1273.3
1314.34
1417.36
1298.94
1238.86
1198.56
1163.44
1190.24
1229.93
1211.63
1179.28
1245.7
1323.03
1190.98
1106.2
1038.05
983.583
1014.21
1071.14
1078.9
1071.26
1157.4
1222.84
1087.28
987.65
895.102
828.926
854.004
915.682
940.328
951.728
1050.75
1117.48
991.655
892.884
788.321
719.68
730.34
782.652
810.133
827.509
926.834
1009.96
913.895
838.661
750.18
683.819
676.733
708.774
722.761
724.24
801.014
953.884
912.539
890.727
835.211
775.874
753.014
762.319
752.891
718.756
745.682
1750.15
894.424
719.037
545.697
626.134
658.26
728.402
807.351
889.463
963.388
2187.69
848.097
578.442
454.096
493.478
532.487
611.436
706.386
806.111
955.016
2358.67
955.574
560.891
454.034
485.911
512.393
585.698
674.26
785.893
1093.38
2353.58
942.364
560.953
480.64
503.028
506.377
570.566
642.817
767.101
1160.85
2306.76
917.433
579.001
506.749
532.549
525.479
579.187
630.6
754.45
1141.94
2246.85
892.44
583.528
516.176
542.1
532.239
579.807
620.305
732.371
1092.63
2199.72
896.099
580.675
523.184
545.139
535.402
582.101
623.157
710.789
1032.97
2184.96
940.504
564.116
510.036
524.983
533.789
574.907
625.08
702.478
970.024
2217.27
1090.9
575.9
525.293
521.572
550.162
583.156
642.073
739.999
922.394
2294.61
1544
783.97
636.057
642.817
602.505
647.034
728.03
808.405
970.831
2280.69
1539.36
939.236
773.754
737.199
688.234
686.073
724.294
803.269
965.973
2181.59
1026.79
587.586
493.669
489.655
482.492
494.903
541.029
648.16
850.505
2110.89
792.34
442.11
359.801
369.804
388.328
421.239
478.479
584.375
767.517
2076.56
706.511
461.56
356.713
348.686
364
394.873
443.159
522.072
703.3
2061.61
667.302
512.625
422.536
390.057
385.117
394.009
419.51
462.116
636.551
2060.44
654.767
532.631
449.89
416.176
401.974
400.245
406.605
423.462
586.598
2074.64
707.067
511.884
427.167
407.408
405.432
413.15
431.489
456.867
595.119
2108.17
775.236
462.795
365.358
363.135
376.658
405.185
453.718
518.367
635.749
2178.38
971.036
512.748
418.707
425.006
430.254
444.765
489.408
583.634
718.49
2277.61
1497.37
793.76
692.927
682.615
646.555
624.449
646.369
722.257
861.929
)
;
    }
}


// ************************************************************************* //
