/*--------------------------------*- C++ -*----------------------------------*\
| =========                 |                                                 |
| \\      /  F ield         | OpenFOAM: The Open Source CFD Toolbox           |
|  \\    /   O peration     | Version:  2412                                  |
|   \\  /    A nd           | Website:  www.openfoam.com                      |
|    \\/     M anipulation  |                                                 |
\*---------------------------------------------------------------------------*/
FoamFile
{
    version     2.0;
    format      ascii;
    arch        "LSB;label=32;scalar=64";
    class       volScalarField;
    location    "0.6/solid";
    object      T;
}
// * * * * * * * * * * * * * * * * * * * * * * * * * * * * * * * * * * * * * //

dimensions      [0 0 0 1 0 0 0];

internalField   nonuniform List<scalar> 
1000
(
348.204
348.212
348.216
348.218
348.218
348.218
348.218
348.217
348.216
348.212
348.209
348.215
348.218
348.219
348.219
348.22
348.22
348.219
348.218
348.215
348.211
348.216
348.218
348.219
348.219
348.219
348.22
348.22
348.219
348.216
348.212
348.217
348.219
348.219
348.219
348.219
348.22
348.22
348.219
348.217
348.212
348.217
348.218
348.219
348.219
348.219
348.22
348.22
348.219
348.217
348.211
348.216
348.218
348.219
348.219
348.219
348.22
348.22
348.219
348.217
348.211
348.216
348.219
348.219
348.219
348.219
348.22
348.22
348.219
348.217
348.211
348.216
348.218
348.219
348.219
348.219
348.22
348.219
348.219
348.216
348.209
348.215
348.217
348.219
348.219
348.219
348.22
348.219
348.218
348.215
348.203
348.212
348.215
348.217
348.217
348.218
348.218
348.217
348.216
348.212
338.826
338.84
338.848
338.851
338.852
338.852
338.853
338.852
338.848
338.842
338.833
338.843
338.849
338.852
338.853
338.853
338.854
338.853
338.851
338.845
338.836
338.845
338.849
338.851
338.851
338.852
338.853
338.853
338.852
338.847
338.839
338.846
338.85
338.851
338.851
338.851
338.853
338.854
338.853
338.849
338.838
338.845
338.849
338.85
338.85
338.851
338.853
338.854
338.852
338.848
338.836
338.844
338.849
338.85
338.85
338.851
338.853
338.853
338.852
338.848
338.837
338.845
338.849
338.851
338.851
338.851
338.853
338.853
338.853
338.848
338.835
338.844
338.849
338.851
338.851
338.852
338.853
338.852
338.851
338.846
338.832
338.842
338.847
338.851
338.851
338.852
338.854
338.853
338.85
338.845
338.824
338.837
338.845
338.849
338.85
338.851
338.852
338.851
338.848
338.842
330.018
330.032
330.041
330.045
330.045
330.046
330.047
330.046
330.043
330.036
330.024
330.034
330.04
330.044
330.045
330.046
330.047
330.046
330.044
330.038
330.027
330.035
330.038
330.041
330.042
330.043
330.044
330.044
330.044
330.04
330.029
330.037
330.04
330.041
330.041
330.042
330.044
330.046
330.046
330.042
330.028
330.036
330.039
330.04
330.04
330.041
330.044
330.046
330.045
330.041
330.027
330.034
330.037
330.039
330.039
330.041
330.044
330.045
330.045
330.041
330.028
330.035
330.038
330.041
330.04
330.041
330.044
330.045
330.045
330.042
330.028
330.035
330.038
330.041
330.041
330.042
330.044
330.043
330.043
330.039
330.024
330.034
330.038
330.041
330.042
330.044
330.047
330.046
330.043
330.038
330.017
330.03
330.037
330.039
330.041
330.044
330.046
330.046
330.043
330.036
322.076
322.089
322.096
322.099
322.099
322.1
322.103
322.103
322.1
322.095
322.08
322.089
322.096
322.099
322.098
322.099
322.102
322.102
322.099
322.095
322.082
322.088
322.092
322.095
322.095
322.096
322.098
322.098
322.098
322.096
322.084
322.091
322.093
322.094
322.093
322.094
322.097
322.099
322.101
322.099
322.083
322.09
322.092
322.093
322.092
322.093
322.097
322.099
322.1
322.098
322.084
322.09
322.092
322.092
322.091
322.093
322.097
322.099
322.1
322.097
322.086
322.093
322.095
322.095
322.093
322.094
322.097
322.1
322.101
322.098
322.087
322.094
322.096
322.097
322.095
322.095
322.097
322.097
322.099
322.096
322.084
322.093
322.097
322.097
322.096
322.098
322.101
322.1
322.099
322.095
322.078
322.09
322.096
322.097
322.096
322.098
322.102
322.102
322.1
322.095
315.213
315.223
315.228
315.23
315.23
315.231
315.234
315.234
315.233
315.23
315.216
315.222
315.227
315.229
315.228
315.23
315.233
315.233
315.232
315.23
315.216
315.221
315.223
315.225
315.225
315.226
315.229
315.229
315.23
315.23
315.218
315.222
315.223
315.224
315.223
315.224
315.227
315.229
315.232
315.232
315.216
315.221
315.222
315.223
315.221
315.222
315.226
315.229
315.231
315.23
315.217
315.222
315.224
315.224
315.221
315.222
315.226
315.229
315.23
315.23
315.221
315.226
315.228
315.227
315.224
315.224
315.227
315.231
315.232
315.231
315.222
315.228
315.23
315.229
315.226
315.225
315.227
315.229
315.23
315.229
315.221
315.228
315.231
315.231
315.228
315.228
315.231
315.232
315.232
315.23
315.217
315.225
315.23
315.23
315.228
315.229
315.233
315.234
315.234
315.23
309.551
309.557
309.559
309.56
309.56
309.562
309.565
309.564
309.565
309.565
309.554
309.558
309.558
309.559
309.56
309.561
309.564
309.562
309.565
309.566
309.554
309.556
309.555
309.557
309.557
309.558
309.56
309.561
309.565
309.566
309.552
309.554
309.553
309.556
309.555
309.556
309.558
309.561
309.565
309.566
309.55
309.551
309.552
309.554
309.552
309.553
309.556
309.559
309.562
309.563
309.551
309.554
309.555
309.554
309.552
309.553
309.557
309.56
309.562
309.562
309.555
309.558
309.559
309.558
309.555
309.556
309.559
309.562
309.562
309.562
309.557
309.561
309.562
309.561
309.557
309.556
309.559
309.56
309.562
309.563
309.557
309.561
309.563
309.562
309.559
309.558
309.561
309.564
309.566
309.565
309.554
309.56
309.563
309.562
309.56
309.56
309.564
309.567
309.568
309.566
305.121
305.124
305.124
305.124
305.125
305.126
305.129
305.128
305.13
305.132
305.122
305.124
305.123
305.123
305.124
305.125
305.128
305.127
305.13
305.133
305.122
305.122
305.12
305.121
305.122
305.123
305.125
305.125
305.13
305.133
305.119
305.119
305.118
305.12
305.12
305.12
305.122
305.125
305.13
305.132
305.116
305.116
305.116
305.117
305.116
305.117
305.119
305.122
305.127
305.129
305.116
305.117
305.117
305.116
305.115
305.117
305.121
305.124
305.126
305.127
305.12
305.122
305.121
305.12
305.117
305.119
305.124
305.126
305.127
305.127
305.122
305.124
305.123
305.122
305.119
305.12
305.123
305.124
305.126
305.129
305.123
305.125
305.125
305.123
305.121
305.121
305.125
305.128
305.131
305.132
305.121
305.125
305.126
305.124
305.121
305.124
305.129
305.132
305.134
305.134
301.885
301.887
301.885
301.885
301.886
301.887
301.89
301.89
301.892
301.895
301.886
301.887
301.884
301.885
301.885
301.887
301.889
301.888
301.892
301.895
301.885
301.885
301.881
301.883
301.884
301.885
301.886
301.886
301.892
301.895
301.882
301.881
301.879
301.882
301.881
301.882
301.884
301.886
301.891
301.894
301.878
301.877
301.877
301.879
301.878
301.878
301.881
301.884
301.888
301.89
301.877
301.876
301.876
301.877
301.876
301.878
301.882
301.885
301.888
301.889
301.88
301.88
301.88
301.88
301.879
301.881
301.885
301.887
301.888
301.889
301.882
301.882
301.881
301.882
301.88
301.881
301.884
301.885
301.888
301.891
301.882
301.884
301.882
301.882
301.881
301.882
301.887
301.89
301.893
301.895
301.881
301.884
301.883
301.883
301.882
301.885
301.89
301.893
301.896
301.897
299.782
299.783
299.781
299.781
299.781
299.783
299.786
299.786
299.788
299.791
299.783
299.783
299.779
299.78
299.781
299.782
299.785
299.785
299.787
299.791
299.781
299.78
299.777
299.78
299.78
299.781
299.782
299.781
299.786
299.79
299.779
299.777
299.777
299.779
299.778
299.778
299.779
299.781
299.786
299.789
299.775
299.774
299.774
299.776
299.774
299.775
299.777
299.779
299.784
299.786
299.773
299.774
299.775
299.776
299.774
299.775
299.778
299.78
299.783
299.785
299.776
299.777
299.779
299.779
299.777
299.777
299.78
299.781
299.784
299.785
299.778
299.779
299.781
299.78
299.778
299.777
299.779
299.781
299.785
299.787
299.779
299.78
299.781
299.781
299.779
299.779
299.782
299.786
299.789
299.791
299.778
299.78
299.781
299.782
299.78
299.781
299.785
299.789
299.792
299.793
298.749
298.75
298.748
298.747
298.748
298.75
298.752
298.752
298.754
298.758
298.749
298.749
298.746
298.747
298.748
298.749
298.752
298.752
298.754
298.758
298.748
298.747
298.745
298.747
298.747
298.748
298.75
298.749
298.753
298.757
298.745
298.744
298.744
298.746
298.745
298.745
298.746
298.747
298.753
298.756
298.742
298.742
298.742
298.743
298.742
298.742
298.744
298.746
298.75
298.753
298.742
298.743
298.744
298.744
298.742
298.742
298.745
298.747
298.75
298.752
298.745
298.747
298.747
298.747
298.744
298.744
298.747
298.748
298.751
298.752
298.747
298.749
298.749
298.749
298.746
298.744
298.746
298.748
298.752
298.754
298.747
298.749
298.75
298.75
298.747
298.746
298.749
298.753
298.756
298.758
298.747
298.749
298.75
298.75
298.748
298.748
298.752
298.756
298.758
298.76
)
;

boundaryField
{
    bodyBottom
    {
        type            fixedValue;
        value           uniform 353;
    }
    solid_to_fluid
    {
        type            compressible::turbulentTemperatureCoupledBaffleMixed;
        refValue        nonuniform List<scalar> 
500
(
317.862
321.527
323.084
324.027
324.501
324.501
324.026
323.084
321.527
317.862
306.597
309.768
312.38
313.789
314.425
314.425
313.788
312.38
309.768
306.597
301.641
303.675
305.381
306.285
306.675
306.675
306.286
305.382
303.675
301.642
299.556
301.076
302.319
302.944
303.205
303.205
302.945
302.32
301.077
299.557
298.17
299.39
300.374
300.858
301.059
301.06
300.859
300.375
299.391
298.171
296.945
297.889
298.651
299.019
299.171
299.172
299.02
298.652
297.89
296.946
296.085
296.84
297.463
297.765
297.89
297.89
297.765
297.464
296.84
296.085
295.333
295.912
296.403
296.64
296.737
296.737
296.639
296.402
295.912
295.333
294.684
295.096
295.457
295.633
295.706
295.705
295.633
295.457
295.096
294.683
294.223
294.496
294.741
294.858
294.905
294.905
294.858
294.741
294.496
294.223
319.278
332.846
335.647
338.622
337.107
336.567
335.208
333.512
331.662
329.498
309.158
327.009
331.409
333.593
333.027
332.398
331.109
329.264
327.093
323.279
303.976
319.448
324.725
326.488
326.303
326
325.163
323.775
321.762
317.034
301.389
314.053
318.103
319.44
319.482
319.471
318.992
318.13
316.431
312.099
299.56
309.464
312.141
313.06
313.141
313.328
313.06
312.611
311.387
308.157
297.963
305.412
307.278
307.887
307.931
308.066
307.937
307.742
307.056
304.994
296.846
302.267
303.492
303.816
303.818
303.857
303.811
303.746
303.52
302.447
295.922
299.826
300.743
300.929
300.904
300.868
300.827
300.785
300.755
300.417
295.182
297.908
298.807
298.941
298.926
298.899
298.906
298.896
298.851
298.823
294.651
296.175
297.363
297.733
297.698
297.757
297.744
297.704
297.721
297.756
332.765
334.745
335.805
336.499
336.892
336.892
336.499
335.805
334.744
332.764
318.807
320.465
321.716
322.742
323.442
323.442
322.742
321.716
320.465
318.806
312.203
313.597
315.244
316.914
318.059
318.058
316.915
315.245
313.597
312.203
308.625
309.979
311.776
313.53
314.706
314.706
313.531
311.778
309.98
308.626
305.914
307.143
308.899
310.534
311.56
311.56
310.535
308.9
307.144
305.914
303.728
304.771
306.299
307.618
308.294
308.294
307.617
306.299
304.772
303.729
301.946
302.764
303.927
304.778
305.208
305.208
304.776
303.925
302.764
301.946
300.48
301.059
301.798
302.284
302.568
302.567
302.281
301.796
301.058
300.48
299.253
299.623
300.02
300.334
300.537
300.536
300.331
300.017
299.623
299.254
298.283
298.527
298.792
299.049
299.233
299.232
299.047
298.79
298.527
298.284
319.278
332.847
335.648
338.623
337.108
336.567
335.208
333.512
331.662
329.499
309.158
327.011
331.411
333.594
333.028
332.399
331.109
329.265
327.094
323.28
303.976
319.45
324.728
326.491
326.305
326.001
325.163
323.776
321.763
317.035
301.388
314.053
318.105
319.442
319.484
319.472
318.993
318.131
316.432
312.1
299.559
309.462
312.14
313.061
313.142
313.329
313.061
312.612
311.387
308.158
297.962
305.41
307.276
307.886
307.932
308.066
307.937
307.741
307.055
304.994
296.846
302.266
303.492
303.817
303.819
303.858
303.811
303.744
303.518
302.447
295.923
299.827
300.744
300.931
300.906
300.868
300.826
300.783
300.753
300.416
295.183
297.909
298.807
298.942
298.927
298.899
298.905
298.894
298.849
298.822
294.652
296.176
297.362
297.732
297.698
297.758
297.743
297.702
297.719
297.755
294.541
295.796
296.765
297.086
297.16
297.239
297.275
297.285
297.292
297.298
294.765
296.696
297.364
297.502
297.514
297.536
297.549
297.554
297.55
297.548
294.936
297.136
297.609
297.724
297.711
297.709
297.708
297.714
297.738
297.817
295.024
297.341
297.618
297.815
297.833
297.843
297.858
297.89
297.959
298.139
295.07
297.58
297.641
297.839
297.925
297.977
298.022
298.079
298.175
298.38
295.07
297.581
297.642
297.839
297.925
297.977
298.023
298.079
298.174
298.379
295.024
297.342
297.619
297.815
297.833
297.842
297.858
297.889
297.957
298.137
294.936
297.138
297.611
297.724
297.71
297.707
297.706
297.714
297.737
297.815
294.765
296.697
297.366
297.503
297.513
297.535
297.549
297.556
297.551
297.548
294.541
295.796
296.766
297.087
297.16
297.239
297.276
297.287
297.294
297.299
)
;
        refGradient     uniform 0;
        valueFraction   nonuniform List<scalar> 
500
(
0.000301416
0.000301416
0.000301416
0.000301416
0.000301416
0.000301416
0.000301416
0.000301416
0.000301416
0.000301416
0.000301416
0.000301416
0.000301416
0.000301416
0.000301416
0.000301416
0.000301416
0.000301416
0.000301416
0.000301416
0.000301416
0.000301416
0.000301416
0.000301416
0.000301416
0.000301416
0.000301416
0.000301416
0.000301416
0.000301416
0.000301416
0.000301416
0.000301416
0.000301416
0.000301416
0.000301416
0.000301416
0.000301416
0.000301416
0.000301416
0.000301416
0.000301416
0.000301416
0.000301416
0.000301416
0.000301416
0.000301416
0.000301416
0.000301416
0.000301416
0.000301416
0.000301416
0.000301416
0.000301416
0.000301416
0.000301416
0.000301416
0.000301416
0.000301416
0.000301416
0.000301416
0.000301416
0.000301416
0.000301416
0.000301416
0.000301416
0.000301416
0.000301416
0.000301416
0.000301416
0.000301416
0.000301416
0.000301416
0.000301416
0.000301416
0.000301416
0.000301416
0.000301416
0.000301416
0.000301416
0.000301416
0.000301416
0.000301416
0.000301416
0.000301416
0.000301416
0.000301416
0.000301416
0.000301416
0.000301416
0.000301416
0.000301416
0.000301416
0.000301416
0.000301416
0.000301416
0.000301416
0.000301416
0.000301416
0.000301416
0.000302436
0.000302436
0.000302436
0.000302436
0.000302436
0.000302436
0.000302436
0.000302436
0.000302436
0.000302436
0.000302436
0.000302436
0.000302436
0.000302436
0.000302436
0.000302436
0.000302436
0.000302436
0.000302436
0.000302436
0.000302436
0.000302436
0.000302436
0.000302436
0.000302436
0.000302436
0.000302436
0.000302436
0.000302436
0.000302436
0.000302436
0.000302436
0.000302436
0.000302436
0.000302436
0.000302436
0.000302436
0.000302436
0.000302436
0.000302436
0.000302436
0.000302436
0.000302436
0.000302436
0.000302436
0.000302436
0.000302436
0.000302436
0.000302436
0.000302436
0.000302436
0.000302436
0.000302436
0.000302436
0.000302436
0.000302436
0.000302436
0.000302436
0.000302436
0.000302436
0.000302436
0.000302436
0.000302436
0.000302436
0.000302436
0.000302436
0.000302436
0.000302436
0.000302436
0.000302436
0.000302436
0.000302436
0.000302436
0.000302436
0.000302436
0.000302436
0.000302436
0.000302436
0.000302436
0.000302436
0.000302436
0.000302436
0.000302436
0.000302436
0.000302436
0.000302436
0.000302436
0.000302436
0.000302436
0.000302436
0.000302436
0.000302436
0.000302436
0.000302436
0.000302436
0.000302436
0.000302436
0.000302436
0.000302436
0.000302436
0.000300478
0.000300478
0.000300478
0.000300478
0.000300478
0.000300478
0.000300478
0.000300478
0.000300478
0.000300478
0.000300478
0.000300478
0.000300478
0.000300478
0.000300478
0.000300478
0.000300478
0.000300478
0.000300478
0.000300478
0.000300478
0.000300478
0.000300478
0.000300478
0.000300478
0.000300478
0.000300478
0.000300478
0.000300478
0.000300478
0.000300478
0.000300478
0.000300478
0.000300478
0.000300478
0.000300478
0.000300478
0.000300478
0.000300478
0.000300478
0.000300478
0.000300478
0.000300478
0.000300478
0.000300478
0.000300478
0.000300478
0.000300478
0.000300478
0.000300478
0.000300478
0.000300478
0.000300478
0.000300478
0.000300478
0.000300478
0.000300478
0.000300478
0.000300478
0.000300478
0.000300478
0.000300478
0.000300478
0.000300478
0.000300478
0.000300478
0.000300478
0.000300478
0.000300478
0.000300478
0.000300478
0.000300478
0.000300478
0.000300478
0.000300478
0.000300478
0.000300478
0.000300478
0.000300478
0.000300478
0.000300478
0.000300478
0.000300478
0.000300478
0.000300478
0.000300478
0.000300478
0.000300478
0.000300478
0.000300478
0.000300478
0.000300478
0.000300478
0.000300478
0.000300478
0.000300478
0.000300478
0.000300478
0.000300478
0.000300478
0.000302436
0.000302436
0.000302436
0.000302436
0.000302436
0.000302436
0.000302436
0.000302436
0.000302436
0.000302436
0.000302436
0.000302436
0.000302436
0.000302436
0.000302436
0.000302436
0.000302436
0.000302436
0.000302436
0.000302436
0.000302436
0.000302436
0.000302436
0.000302436
0.000302436
0.000302436
0.000302436
0.000302436
0.000302436
0.000302436
0.000302436
0.000302436
0.000302436
0.000302436
0.000302436
0.000302436
0.000302436
0.000302436
0.000302436
0.000302436
0.000302436
0.000302436
0.000302436
0.000302436
0.000302436
0.000302436
0.000302436
0.000302436
0.000302436
0.000302436
0.000302436
0.000302436
0.000302436
0.000302436
0.000302436
0.000302436
0.000302436
0.000302436
0.000302436
0.000302436
0.000302436
0.000302436
0.000302436
0.000302436
0.000302436
0.000302436
0.000302436
0.000302436
0.000302436
0.000302436
0.000302436
0.000302436
0.000302436
0.000302436
0.000302436
0.000302436
0.000302436
0.000302436
0.000302436
0.000302436
0.000302436
0.000302436
0.000302436
0.000302436
0.000302436
0.000302436
0.000302436
0.000302436
0.000302436
0.000302436
0.000302436
0.000302436
0.000302436
0.000302436
0.000302436
0.000302436
0.000302436
0.000302436
0.000302436
0.000302436
0.000301115
0.000301115
0.000301115
0.000301115
0.000301115
0.000301115
0.000301115
0.000301115
0.000301115
0.000301115
0.000301115
0.000301115
0.000301115
0.000301115
0.000301115
0.000301115
0.000301115
0.000301115
0.000301115
0.000301115
0.000301115
0.000301115
0.000301115
0.000301115
0.000301115
0.000301115
0.000301115
0.000301115
0.000301115
0.000301115
0.000301115
0.000301115
0.000301115
0.000301115
0.000301115
0.000301115
0.000301115
0.000301115
0.000301115
0.000301115
0.000301115
0.000301115
0.000301115
0.000301115
0.000301115
0.000301115
0.000301115
0.000301115
0.000301115
0.000301115
0.000301115
0.000301115
0.000301115
0.000301115
0.000301115
0.000301115
0.000301115
0.000301115
0.000301115
0.000301115
0.000301115
0.000301115
0.000301115
0.000301115
0.000301115
0.000301115
0.000301115
0.000301115
0.000301115
0.000301115
0.000301115
0.000301115
0.000301115
0.000301115
0.000301115
0.000301115
0.000301115
0.000301115
0.000301115
0.000301115
0.000301115
0.000301115
0.000301115
0.000301115
0.000301115
0.000301115
0.000301115
0.000301115
0.000301115
0.000301115
0.000301115
0.000301115
0.000301115
0.000301115
0.000301115
0.000301115
0.000301115
0.000301115
0.000301115
0.000301115
)
;
        source          uniform 0;
        Tnbr            T;
        kappaMethod     solidThermo;
        value           nonuniform List<scalar> 
500
(
348.194
348.2
348.203
348.204
348.204
348.203
348.203
348.202
348.2
348.193
338.814
338.822
338.826
338.829
338.828
338.826
338.827
338.825
338.821
338.812
330.006
330.012
330.015
330.018
330.017
330.016
330.017
330.016
330.013
330.004
322.065
322.069
322.071
322.074
322.073
322.073
322.076
322.076
322.073
322.067
315.203
315.206
315.207
315.208
315.207
315.208
315.211
315.213
315.211
315.206
309.542
309.545
309.545
309.544
309.541
309.542
309.546
309.548
309.548
309.544
305.113
305.115
305.114
305.112
305.108
305.109
305.113
305.115
305.115
305.113
301.878
301.879
301.878
301.876
301.872
301.87
301.873
301.875
301.876
301.874
299.776
299.777
299.775
299.773
299.769
299.767
299.77
299.772
299.772
299.771
298.743
298.743
298.742
298.74
298.736
298.736
298.739
298.741
298.742
298.741
348.194
348.206
348.211
348.213
348.213
348.213
348.213
348.212
348.21
348.205
338.812
338.831
338.84
338.845
338.845
338.847
338.847
338.846
338.842
338.834
330.005
330.023
330.031
330.034
330.036
330.039
330.041
330.04
330.036
330.028
322.067
322.083
322.09
322.091
322.09
322.093
322.096
322.096
322.093
322.087
315.207
315.218
315.224
315.224
315.223
315.224
315.227
315.228
315.227
315.223
309.545
309.553
309.556
309.556
309.554
309.554
309.558
309.561
309.561
309.559
305.113
305.119
305.12
305.118
305.116
305.118
305.123
305.126
305.128
305.128
301.875
301.878
301.878
301.877
301.877
301.879
301.884
301.888
301.89
301.891
299.772
299.775
299.776
299.777
299.775
299.776
299.78
299.784
299.787
299.788
298.741
298.744
298.745
298.745
298.743
298.743
298.747
298.751
298.753
298.755
348.207
348.21
348.212
348.213
348.213
348.213
348.213
348.212
348.21
348.206
338.833
338.837
338.839
338.841
338.841
338.841
338.841
338.839
338.837
338.833
330.027
330.03
330.032
330.034
330.034
330.034
330.034
330.031
330.029
330.027
322.086
322.087
322.089
322.091
322.091
322.09
322.091
322.088
322.087
322.086
315.222
315.222
315.223
315.225
315.224
315.223
315.224
315.222
315.222
315.222
309.558
309.559
309.56
309.56
309.557
309.556
309.556
309.556
309.559
309.559
305.126
305.127
305.127
305.126
305.123
305.122
305.122
305.123
305.126
305.127
301.889
301.89
301.89
301.889
301.886
301.884
301.884
301.886
301.89
301.891
299.786
299.786
299.786
299.785
299.782
299.78
299.781
299.782
299.786
299.788
298.753
298.753
298.752
298.751
298.749
298.747
298.748
298.749
298.753
298.755
348.194
348.207
348.211
348.214
348.214
348.214
348.213
348.212
348.21
348.206
338.815
338.834
338.843
338.847
338.848
338.848
338.848
338.846
338.842
338.835
330.006
330.025
330.035
330.04
330.04
330.041
330.042
330.041
330.037
330.028
322.065
322.081
322.09
322.094
322.094
322.095
322.097
322.097
322.094
322.087
315.203
315.216
315.222
315.224
315.224
315.225
315.228
315.228
315.226
315.223
309.542
309.551
309.553
309.554
309.554
309.556
309.559
309.558
309.559
309.558
305.113
305.118
305.118
305.118
305.119
305.12
305.123
305.123
305.124
305.126
301.879
301.882
301.88
301.88
301.881
301.882
301.885
301.884
301.886
301.889
299.776
299.778
299.776
299.776
299.776
299.778
299.781
299.781
299.783
299.786
298.743
298.744
298.743
298.743
298.743
298.745
298.747
298.747
298.749
298.753
298.743
298.744
298.742
298.742
298.743
298.745
298.747
298.747
298.749
298.753
298.743
298.744
298.741
298.742
298.743
298.744
298.747
298.747
298.749
298.753
298.742
298.742
298.74
298.742
298.742
298.743
298.745
298.744
298.748
298.752
298.74
298.739
298.739
298.741
298.74
298.74
298.741
298.743
298.748
298.751
298.736
298.737
298.737
298.738
298.737
298.737
298.739
298.741
298.746
298.748
298.736
298.738
298.739
298.739
298.737
298.737
298.74
298.743
298.745
298.747
298.739
298.742
298.742
298.742
298.74
298.739
298.742
298.743
298.746
298.748
298.741
298.744
298.744
298.744
298.741
298.739
298.741
298.744
298.747
298.749
298.742
298.744
298.745
298.745
298.742
298.741
298.744
298.748
298.751
298.753
298.741
298.743
298.745
298.745
298.743
298.743
298.747
298.751
298.753
298.755
)
;
    }
}


// ************************************************************************* //
