/*--------------------------------*- C++ -*----------------------------------*\
| =========                 |                                                 |
| \\      /  F ield         | OpenFOAM: The Open Source CFD Toolbox           |
|  \\    /   O peration     | Version:  2412                                  |
|   \\  /    A nd           | Website:  www.openfoam.com                      |
|    \\/     M anipulation  |                                                 |
\*---------------------------------------------------------------------------*/
FoamFile
{
    version     2.0;
    format      ascii;
    arch        "LSB;label=32;scalar=64";
    class       volScalarField;
    location    "0.6/solid";
    object      wallHeatFlux;
}
// * * * * * * * * * * * * * * * * * * * * * * * * * * * * * * * * * * * * * //

dimensions      [1 0 -3 0 0 0 0];

internalField   uniform 0;

boundaryField
{
    bodyBottom
    {
        type            calculated;
        value           nonuniform List<scalar> 
100
(
983180
982155
981745
981540
981540
981745
981745
981745
982155
983385
981540
980925
980720
980515
980515
980720
980720
980720
980925
981540
980720
980310
980310
980105
980310
980310
980105
980310
980515
980925
980310
980105
980105
980105
980105
980105
980105
980105
980105
980515
980310
980105
980105
980105
980105
980105
980105
980105
980105
980515
980310
979900
980105
980105
980105
980105
980105
980105
980105
980310
980310
979900
979900
979900
979900
979900
979900
979900
979900
980310
980515
980105
979900
979900
979900
979900
979900
980105
980105
980515
980720
980310
980105
980105
980105
980105
980105
980105
980310
980720
981540
980925
980720
980515
980515
980515
980515
980720
980925
981540
)
;
    }
    solid_to_fluid
    {
        type            calculated;
        value           nonuniform List<scalar> 
500
(
-2050
-1845
-1640
-1640
-1640
-1640
-1640
-1845
-1845
-2050
-2460
-2255
-2050
-2050
-2050
-2050
-2050
-2050
-2255
-2460
-2460
-2460
-2460
-2255
-2255
-2255
-2255
-2460
-2255
-2665
-2255
-2255
-2255
-2050
-2050
-2255
-2050
-2255
-2255
-2255
-2050
-2050
-1845
-2050
-1845
-1845
-2050
-1845
-2050
-2255
-1845
-1845
-1845
-1640
-1845
-1845
-1845
-1845
-1845
-2050
-1640
-1435
-1640
-1435
-1640
-1435
-1435
-1435
-1640
-1640
-1435
-1435
-1435
-1230
-1230
-1435
-1435
-1435
-1230
-1435
-1230
-1230
-1230
-1230
-1230
-1230
-1230
-1230
-1435
-1435
-1230
-1230
-1230
-1025
-1230
-1230
-1230
-1230
-1025
-1230
-1845
-1230
-820
-820
-820
-1025
-1025
-1025
-1230
-1435
-2460
-1230
-1025
-820
-1025
-820
-1025
-1025
-1230
-1640
-2460
-1435
-1230
-1025
-1025
-1025
-1025
-1230
-1435
-1640
-2255
-1435
-1230
-1230
-1230
-1025
-1230
-1230
-1435
-1640
-2050
-1435
-1230
-1230
-1025
-1025
-1230
-1230
-1435
-1435
-1845
-1435
-1435
-1230
-1230
-1230
-1230
-1230
-1435
-1435
-1640
-1230
-1230
-1230
-1025
-1230
-1230
-1230
-1230
-1230
-1230
-1230
-1025
-1230
-1025
-1230
-1230
-1025
-1230
-1230
-1230
-1025
-1025
-1025
-1025
-1025
-1025
-1025
-1025
-1025
-1230
-1025
-1025
-1025
-1025
-1025
-1025
-1025
-1025
-1025
-1025
-1025
-820
-820
-820
-820
-820
-820
-1025
-1230
-1845
-1640
-1640
-1640
-1435
-1435
-1435
-1435
-1640
-1845
-1845
-1640
-1640
-1640
-1435
-1435
-1640
-1640
-1845
-1845
-1845
-1640
-1435
-1640
-1435
-1435
-1435
-1640
-1640
-1845
-1640
-1640
-1435
-1435
-1230
-1435
-1435
-1435
-1640
-1640
-1435
-1435
-1230
-1230
-1230
-1230
-1230
-1435
-1230
-1435
-1230
-1230
-1230
-1230
-1230
-1025
-1025
-1230
-1230
-1435
-1230
-1025
-1025
-1025
-820
-1025
-1025
-1025
-1025
-1230
-1025
-1025
-820
-820
-820
-1025
-820
-1025
-1025
-1025
-1025
-1025
-1025
-1025
-820
-1025
-820
-1025
-1025
-1025
-2050
-1025
-1025
-820
-820
-820
-1025
-1025
-1230
-1230
-2255
-1230
-1025
-820
-820
-820
-1025
-1230
-1230
-1435
-2460
-1435
-1230
-1025
-1025
-1025
-1025
-1025
-1230
-1640
-2255
-1640
-1230
-1025
-1025
-1025
-1230
-1230
-1230
-1640
-2050
-1435
-1230
-1230
-1230
-1230
-1230
-1230
-1435
-1435
-1845
-1230
-1230
-1230
-1230
-1230
-1230
-1230
-1230
-1435
-1640
-1230
-1230
-1230
-1230
-1230
-1230
-1025
-1230
-1230
-1230
-1025
-1025
-1025
-1025
-1025
-1025
-1230
-1230
-1230
-1230
-1025
-1025
-1025
-1025
-1025
-1025
-1025
-1025
-1025
-1230
-1230
-1025
-820
-1025
-1025
-1025
-1025
-1025
-1025
-1230
-1230
-1230
-1025
-1025
-1025
-1025
-1025
-1025
-1025
-1230
-1025
-1025
-1025
-1025
-1025
-1025
-1025
-1025
-1025
-1230
-1025
-1025
-1025
-1025
-1025
-1025
-1025
-1025
-1025
-1025
-1025
-1025
-1025
-1025
-1025
-1025
-820
-1025
-1025
-1230
-1025
-1025
-1025
-1025
-1025
-1025
-1025
-820
-1025
-1230
-1025
-1025
-1025
-1025
-1025
-1025
-820
-1025
-1025
-1230
-1025
-1025
-1025
-820
-1025
-1025
-1025
-1025
-820
-1230
-1025
-1025
-1025
-1025
-1025
-1025
-820
-1025
-1025
-1025
-1025
-1025
-1025
-1025
-1025
-1025
-1025
-1025
-1025
-1230
-1230
-1025
-1025
-1025
-1025
-1025
-1025
-1025
-1025
)
;
    }
}


// ************************************************************************* //
