/*--------------------------------*- C++ -*----------------------------------*\
| =========                 |                                                 |
| \\      /  F ield         | OpenFOAM: The Open Source CFD Toolbox           |
|  \\    /   O peration     | Version:  2412                                  |
|   \\  /    A nd           | Website:  www.openfoam.com                      |
|    \\/     M anipulation  |                                                 |
\*---------------------------------------------------------------------------*/
FoamFile
{
    version     2.0;
    format      ascii;
    arch        "LSB;label=32;scalar=64";
    class       volScalarField;
    location    "2.6/fluid";
    object      wallHeatFlux;
}
// * * * * * * * * * * * * * * * * * * * * * * * * * * * * * * * * * * * * * //

dimensions      [1 0 -3 0 0 0 0];

internalField   uniform 0;

boundaryField
{
    inlet
    {
        type            calculated;
        value           uniform 0;
    }
    outlet
    {
        type            calculated;
        value           uniform 0;
    }
    walls
    {
        type            calculated;
        value           uniform 0;
    }
    fluid_to_solid
    {
        type            calculated;
        value           nonuniform List<scalar> 
500
(
1819.47
1547.45
1429.76
1361.09
1326.97
1327.04
1361.09
1429.76
1547.45
1819.47
2296.88
2024.98
1801.05
1681.2
1628.85
1628.79
1681.2
1801.05
2024.92
2296.82
2413.64
2211.15
2040.37
1949.64
1910.02
1910.02
1949.64
2040.43
2211.15
2413.57
2331.86
2156.08
2011.57
1938.26
1907.05
1907.11
1938.26
2011.57
2156.08
2331.93
2214.61
2048.72
1914.65
1848.39
1820.27
1820.27
1848.46
1914.72
2048.78
2214.67
2097.24
1934.86
1803.64
1739.73
1712.54
1712.6
1739.73
1803.64
1934.86
2097.17
2001.31
1844.07
1715.57
1653.94
1627.86
1627.86
1653.94
1715.51
1844.01
2001.25
1951.55
1807.85
1688.93
1633.18
1610
1610
1633.05
1688.8
1807.72
1951.43
1964.78
1846.42
1746.53
1700.36
1681.39
1681.39
1700.24
1746.53
1846.29
1964.66
2021.34
1935.67
1861.93
1828.92
1815.94
1815.94
1828.92
1861.93
1935.67
2021.21
1758.4
903.727
728.65
553.325
634.755
663.779
732.433
811.196
893.246
962.706
2121.2
821.739
551.651
424.886
461.476
496.206
570.938
663.283
759.659
896.719
2214.73
891.261
508.982
399.396
425.692
447.646
512.765
595.249
698.819
972.443
2142.66
847.105
490.129
406.776
422.467
423.397
478.469
542.968
650.941
997.498
2037.98
797.304
492.113
420.668
438.902
429.289
474.19
518.595
622.289
955.636
1932.73
753.581
485.229
422.219
441.072
430.219
468.546
501.726
590.722
888.781
1845.53
737.519
473.818
422.281
438.282
429.289
465.321
497.881
563.248
815.723
1796.54
759.597
451.181
404.11
414.591
420.917
451.926
490.687
547.495
744.217
1798.15
878.424
460.112
412.482
407.769
430.281
453.352
492.485
569.326
697.579
1849.07
1247.37
654.166
500.486
511.711
478.097
493.292
555.496
622.723
732.123
702.181
677.534
702.735
723.5
731.634
733.42
726.581
706.371
680.862
704.153
1038.55
983.337
1014.88
1055.06
1075.45
1079.46
1060.97
1021.79
989.745
1043.54
1320.26
1266.22
1288.15
1304.42
1288.21
1291.6
1309.84
1294.75
1272.75
1325.55
1328.51
1258.33
1241.88
1200.29
1123.82
1126.9
1207.13
1249.64
1265.29
1333.69
1220.44
1133.99
1093.75
1019.07
910.753
914.141
1027.82
1103.06
1141.2
1225.12
1101.33
1005.03
946.552
848.458
722.268
726.088
859.303
957.766
1012.97
1105.95
979.332
879.082
810.687
702.674
574.265
578.825
714.689
823.196
887.523
983.83
857.824
762.442
697.005
594.66
483.258
487.694
605.936
709.452
770.39
861.706
744.203
669.709
626.269
544.813
445.302
450.786
554.794
637.237
675.994
746.36
688.009
655.291
651.717
600.391
514.867
520.351
609.202
660.528
659.111
687.578
1758.46
903.851
728.774
553.449
634.755
663.593
731.937
810.514
892.44
962.272
2121.33
821.987
551.775
425.01
461.6
496.144
570.566
662.725
758.853
895.603
2214.73
891.571
509.292
399.83
426.126
448.018
512.827
595.001
698.137
970.831
2142.66
847.415
490.687
407.583
423.273
424.017
478.903
543.092
650.755
996.01
2037.98
797.738
492.857
421.723
440.018
430.281
475.058
519.153
622.661
954.768
1932.79
754.139
486.097
423.397
442.375
431.398
469.601
502.47
591.404
888.471
1845.6
738.077
474.748
423.521
439.646
430.591
466.624
498.873
564.178
815.971
1796.66
760.031
452.174
405.474
416.017
422.405
453.352
492.051
548.736
745.209
1798.4
878.61
460.732
413.784
409.505
432.204
455.212
494.284
571
699.191
1849.13
1247.37
653.36
500.92
512.889
479.4
495.772
558.162
624.584
734.356
1838.09
1227.72
717.564
604.813
588.08
553.563
544.733
571.099
626.795
746.214
1757.57
806.294
450.26
378.572
380.363
379.128
388.945
423.462
499.967
641.8
1700.08
628.154
366.284
291.879
296.942
311.514
335.905
376.411
450.693
569.309
1672.17
561.652
392.712
314.787
303.364
303.364
319.665
350.847
392.218
511.02
1659.95
512.378
423.215
353.811
327.075
315.837
316.763
324.481
337.572
439.825
1659.76
511.575
424.08
354.861
327.877
315.96
316.763
324.173
337.325
441.492
1672.11
562.208
394.935
317.38
305.278
304.907
320.53
350.662
391.724
513.057
1700.02
627.907
367.272
292.126
296.819
311.144
335.349
375.67
449.89
569.926
1757.45
805.059
448.778
376.843
378.881
377.769
387.587
422.351
499.041
640.133
1837.9
1226.79
714.785
603.393
586.845
552.267
543.005
569.309
625.128
744.671
)
;
    }
}


// ************************************************************************* //
