/*--------------------------------*- C++ -*----------------------------------*\
| =========                 |                                                 |
| \\      /  F ield         | OpenFOAM: The Open Source CFD Toolbox           |
|  \\    /   O peration     | Version:  2412                                  |
|   \\  /    A nd           | Website:  www.openfoam.com                      |
|    \\/     M anipulation  |                                                 |
\*---------------------------------------------------------------------------*/
FoamFile
{
    version     2.0;
    format      ascii;
    arch        "LSB;label=32;scalar=64";
    class       labelList;
    location    "constant/solid/polyMesh";
    object      faceProcAddressing;
}
// * * * * * * * * * * * * * * * * * * * * * * * * * * * * * * * * * * * * * //


242
(
80
81
82
83
84
85
86
87
103
104
105
106
107
108
109
110
111
112
113
114
115
116
132
134
135
137
138
140
141
143
145
360
361
362
363
364
365
366
367
383
384
385
386
387
388
389
390
391
392
393
394
395
396
412
414
415
417
418
420
421
423
425
640
641
643
644
645
646
647
663
664
665
666
667
668
669
670
671
672
673
674
675
676
692
694
695
697
698
700
701
703
705
923
924
925
926
927
943
944
945
946
947
948
949
950
951
952
953
954
955
956
972
974
975
977
978
980
981
983
985
1203
1204
1206
1223
1224
1226
1227
1229
1230
1232
1233
1235
1252
1255
1258
1261
2754
2755
2764
2765
2773
2774
2775
2783
2784
2785
2793
2794
2795
3003
3004
3005
3013
3014
3015
3023
3024
3025
3033
3034
3035
3043
3044
3045
-52
-55
-57
-75
-77
-78
-332
-335
-337
-355
-357
-358
-612
-615
-617
-635
-637
-638
642
-895
-897
-915
-918
-920
-921
-1175
-1177
-1195
-1198
-1200
-1201
133
136
139
142
144
413
416
419
422
424
693
696
699
702
704
973
976
979
982
984
1253
1256
1259
1262
1264
1225
1228
1254
1257
1205
1207
1231
1234
1236
1260
1263
1265
-100
-129
-380
-409
-660
-689
-940
-969
-1220
-1249
)


// ************************************************************************* //
