/*--------------------------------*- C++ -*----------------------------------*\
| =========                 |                                                 |
| \\      /  F ield         | OpenFOAM: The Open Source CFD Toolbox           |
|  \\    /   O peration     | Version:  2412                                  |
|   \\  /    A nd           | Website:  www.openfoam.com                      |
|    \\/     M anipulation  |                                                 |
\*---------------------------------------------------------------------------*/
FoamFile
{
    version     2.0;
    format      ascii;
    arch        "LSB;label=32;scalar=64";
    note        "nPoints:130  nCells:63  nFaces:242  nInternalFaces:136";
    class       labelList;
    location    "constant/solid/polyMesh";
    object      owner;
}
// * * * * * * * * * * * * * * * * * * * * * * * * * * * * * * * * * * * * * //


242
(
0
0
0
1
1
1
2
2
3
3
3
4
4
4
5
5
5
6
6
6
7
7
8
8
9
9
10
10
11
11
12
13
13
13
14
14
14
15
15
16
16
16
17
17
17
18
18
18
19
19
19
20
20
21
21
22
22
23
23
24
24
25
26
26
27
27
27
28
28
29
29
29
30
30
30
31
31
31
32
32
32
33
33
34
34
35
35
36
36
37
37
38
39
39
39
40
40
41
41
41
42
42
42
43
43
43
44
44
44
45
45
46
46
47
47
48
48
49
49
50
51
51
52
53
53
54
54
55
55
56
56
57
58
59
60
61
3
8
4
9
0
5
10
1
6
11
2
7
12
2
7
12
15
20
25
28
33
38
40
45
50
52
57
62
0
1
2
3
0
4
13
14
15
16
13
17
26
27
28
29
26
30
26
39
40
41
42
39
43
51
52
53
54
51
55
8
9
10
11
12
21
22
23
24
25
34
35
36
37
38
46
47
48
49
50
58
59
60
61
62
53
54
58
59
51
52
55
56
57
60
61
62
3
8
16
21
29
34
41
46
53
58
)


// ************************************************************************* //
