/*--------------------------------*- C++ -*----------------------------------*\
| =========                 |                                                 |
| \\      /  F ield         | OpenFOAM: The Open Source CFD Toolbox           |
|  \\    /   O peration     | Version:  2412                                  |
|   \\  /    A nd           | Website:  www.openfoam.com                      |
|    \\/     M anipulation  |                                                 |
\*---------------------------------------------------------------------------*/
FoamFile
{
    version     2.0;
    format      ascii;
    arch        "LSB;label=32;scalar=64";
    class       volScalarField;
    location    "1/fluid";
    object      wallHeatFlux;
}
// * * * * * * * * * * * * * * * * * * * * * * * * * * * * * * * * * * * * * //

dimensions      [1 0 -3 0 0 0 0];

internalField   uniform 0;

boundaryField
{
    inlet
    {
        type            calculated;
        value           uniform 0;
    }
    outlet
    {
        type            calculated;
        value           uniform 0;
    }
    walls
    {
        type            calculated;
        value           uniform 0;
    }
    fluid_to_solid
    {
        type            calculated;
        value           nonuniform List<scalar> 
500
(
1854.51
1612.9
1509.5
1447.81
1417.09
1417.09
1447.75
1509.5
1612.96
1854.45
2099.46
1877.75
1695.23
1597.33
1554.18
1554.12
1597.26
1695.29
1877.82
2099.34
1981.96
1830.9
1703.82
1636.45
1607.22
1607.22
1636.45
1703.82
1830.9
1981.96
1706.67
1586.2
1487.55
1437.74
1416.78
1416.78
1437.74
1487.68
1586.39
1706.73
1426.49
1322.59
1238.71
1197.42
1180.05
1180.05
1197.49
1238.9
1322.71
1426.61
1183.95
1094.2
1021.7
986.531
971.697
971.759
986.593
1021.76
1094.33
1183.95
980.289
901.482
836.768
805.493
792.328
792.328
805.493
836.707
901.482
980.227
836.954
770.695
715.19
688.798
677.796
677.672
688.674
715.129
770.509
836.707
760.002
708.948
665.002
644.172
635.457
635.395
644.048
664.878
708.762
759.816
740.841
705.239
673.902
659.377
653.443
653.505
659.377
673.84
705.177
740.779
1778.93
931.201
755.566
574.845
660.678
689.889
764.496
851.88
941.372
1021.75
1937.75
757.426
485.415
354.619
389.163
424.203
498.935
599.528
709.486
885.804
1821.66
729.952
383.148
273.19
290.431
309.842
366.403
448.949
561.015
841.275
1570.42
606.537
318.525
236.041
240.258
242.491
280.942
338.619
442.375
734.294
1313.36
490.687
278.957
216.691
220.536
211.171
238.894
273.81
359.457
601.079
1091.33
400.885
239.948
194.675
200.132
193.124
212.288
232.63
291.485
470.469
902.301
332.851
206.024
178.302
184.008
180.162
195.667
209.683
239.638
359.891
767.659
296.446
174.953
156.285
162.425
167.945
179.728
193.31
210.737
277.593
692.804
315.734
167.325
151.758
154.177
163.914
170.736
182.147
204.474
237.591
676.307
446.096
239.018
180.038
187.915
178.86
184.814
203.481
220.846
247.142
789.738
767.618
783.884
788.752
785.918
785.918
788.752
783.884
767.618
789.8
1119.32
1067.07
1075.33
1084.45
1089.63
1089.69
1084.45
1075.33
1067.07
1119.39
1197.95
1145.33
1132.57
1106.08
1063.01
1063.07
1106.08
1132.45
1145.33
1198.01
1007.8
946.367
905.885
840.079
764.475
764.537
840.14
905.823
946.367
1007.86
792.634
726.519
670.572
585.356
495.581
495.581
585.295
670.448
726.519
792.757
596.57
531.319
468.162
376.476
288.427
288.488
376.415
468.038
531.257
596.694
432.732
372.964
311.594
225.886
160.511
160.511
225.763
311.471
372.903
432.917
306.727
256.879
205.676
137.281
91.8701
91.8701
137.158
205.552
256.941
306.911
222.928
187.314
152.624
104.317
67.2235
67.2235
104.193
152.562
187.376
223.113
195.447
175.484
161.189
129.887
92.6095
92.6095
129.887
161.127
175.607
195.571
1778.93
931.201
755.566
574.845
660.678
689.889
764.496
851.88
941.372
1021.75
1937.82
757.488
485.477
354.619
389.163
424.141
498.935
599.528
709.424
885.742
1821.66
729.89
383.148
273.19
290.555
309.842
366.341
448.887
560.953
841.275
1570.36
606.475
318.525
236.041
240.258
242.491
280.88
338.557
442.313
734.232
1313.29
490.625
278.895
216.629
220.474
211.171
238.832
273.81
359.395
600.955
1091.27
400.885
239.886
194.613
200.132
193.186
212.288
232.506
291.361
470.345
902.425
332.913
205.9
178.302
184.132
180.224
195.667
209.559
239.514
359.767
767.907
296.632
174.953
156.348
162.487
168.007
179.79
193.248
210.675
277.469
693.052
315.92
167.325
151.696
154.239
163.914
170.798
182.023
204.287
237.529
676.431
446.158
238.894
179.914
187.915
178.922
184.814
203.419
220.722
247.018
678.787
460.696
284.963
239.394
234.639
223.833
220.684
227.044
240.011
269.403
647.11
306.081
185.18
161.531
162.58
162.457
164.618
172.892
192.466
229.823
623.708
238.159
152.948
127.94
130.225
134.424
141.216
151.528
170.36
197.838
611.976
210.558
161.407
131.027
125.594
123.741
128.002
134.732
143.747
163.013
606.357
181.104
170.793
142.636
130.472
123.247
121.333
120.901
119.851
129.484
606.357
181.166
170.854
142.574
130.472
123.247
121.395
121.086
119.913
129.546
611.976
210.62
161.531
131.089
125.655
123.741
128.064
134.979
143.809
163.074
623.646
238.282
153.195
128.125
130.225
134.362
141.154
151.528
170.422
197.9
647.048
306.142
185.427
161.654
162.642
162.333
164.556
172.954
192.528
229.885
678.725
460.696
285.025
239.517
234.639
223.833
220.684
227.106
240.135
269.526
)
;
    }
}


// ************************************************************************* //
