/*--------------------------------*- C++ -*----------------------------------*\
| =========                 |                                                 |
| \\      /  F ield         | OpenFOAM: The Open Source CFD Toolbox           |
|  \\    /   O peration     | Version:  2412                                  |
|   \\  /    A nd           | Website:  www.openfoam.com                      |
|    \\/     M anipulation  |                                                 |
\*---------------------------------------------------------------------------*/
FoamFile
{
    version     2.0;
    format      ascii;
    arch        "LSB;label=32;scalar=64";
    class       volScalarField;
    location    "3.3/fluid";
    object      wallHeatFlux;
}
// * * * * * * * * * * * * * * * * * * * * * * * * * * * * * * * * * * * * * //

dimensions      [1 0 -3 0 0 0 0];

internalField   uniform 0;

boundaryField
{
    inlet
    {
        type            calculated;
        value           uniform 0;
    }
    outlet
    {
        type            calculated;
        value           uniform 0;
    }
    walls
    {
        type            calculated;
        value           uniform 0;
    }
    fluid_to_solid
    {
        type            calculated;
        value           nonuniform List<scalar> 
500
(
1812.24
1533.05
1412.15
1341.81
1306.76
1306.76
1341.81
1412.15
1533.05
1812.48
2342.37
2058.92
1825.46
1700.55
1645.72
1645.72
1700.61
1825.52
2059.04
2342.56
2512.53
2298.24
2117.26
2021.09
1979
1979
2021.15
2117.45
2298.36
2512.72
2475.63
2286.99
2131.73
2052.86
2019.3
2019.36
2052.92
2131.85
2287.11
2475.75
2396.82
2216.4
2070.47
1998.34
1967.62
1967.62
1998.4
2070.6
2216.53
2396.95
2309.61
2130
1984.81
1914.04
1883.81
1883.87
1914.1
1984.87
2130.12
2309.74
2240.14
2064.17
1920.4
1851.48
1822.25
1822.31
1851.55
1920.46
2064.29
2240.26
2213.68
2051.31
1917.19
1854.33
1828.24
1828.31
1854.39
1917.19
2051.37
2213.68
2249.16
2114.67
2001.43
1949.08
1927.63
1927.76
1949.2
2001.56
2114.73
2249.22
2324.32
2226.73
2142.91
2105.46
2090.81
2090.87
2105.58
2143.04
2226.91
2324.45
1755.11
899.634
724.929
550.224
631.902
661.36
730.076
808.529
889.463
953.714
2164.24
839.972
569.388
442.189
479.586
515.122
590.35
682.881
777.21
904.037
2305.4
931.573
538.937
427.987
456.205
479.338
545.945
629.855
731.069
992.723
2274.64
905.464
529.82
444.483
462.034
463.337
521.138
587.249
692.432
1036.82
2205.8
870.423
540.983
466.376
486.222
475.12
523.37
569.512
671.469
1012.75
2128.71
838.298
541.48
473.322
493.664
480.206
522.13
557.356
647.282
960.412
2066.38
834.949
535.464
476.981
494.036
482.935
522.192
558.162
627.561
898.083
2038.6
871.54
515.742
460.422
470.841
476.671
510.657
553.945
616.832
833.088
2059.25
1013.87
529.696
473.012
465.383
489.26
514.688
559.217
646.414
791.474
2126.6
1437.52
751.225
576.582
587.869
547.185
564.798
636.057
711.161
836.065
696.019
682.402
714.319
740.322
750.55
738.227
719.434
690.289
659.666
681.17
1058.63
1014.21
1060.17
1112.98
1141.38
1114.33
1072.8
1014.27
970.644
1023.63
1377.31
1332.76
1369.43
1400.3
1392.72
1371.4
1363.45
1324.45
1287.48
1339.23
1414.84
1353.1
1352.17
1325.25
1247.61
1229.74
1281.38
1300.17
1304.54
1376.63
1325.55
1247.55
1225.8
1165.35
1045.57
1026.41
1109.59
1164.92
1197.39
1290.31
1222.53
1135.65
1098.68
1011.56
862.692
840.448
941.376
1024.8
1080.32
1187.35
1110.45
1020.31
975.203
872.242
715.798
688.749
793.188
891.405
961.093
1075.33
989.683
904.899
863.616
761.333
616.164
588.191
681.478
777.599
846.795
957.519
865.403
803.417
786.349
705.508
582.275
549.434
631.384
708.404
754.493
842.543
794.482
780.495
809.517
763.982
662.5
628.18
697.56
744.511
746.914
787.396
1754.68
899.014
724.061
549.914
631.592
662.601
732.743
812.436
893.68
956.752
2163.87
838.856
568.333
441.879
479.4
516.176
593.203
687.16
782.73
912.968
2305.02
930.271
537.572
426.746
454.964
478.779
547.309
633.39
737.271
1007.48
2274.39
903.665
527.339
441.631
459.306
461.786
520.58
589.109
697.207
1052.26
2205.49
868.191
537.51
461.972
481.632
471.709
521.076
569.264
673.516
1024.54
2128.4
835.817
537.386
468.236
488.268
475.864
518.471
555.31
646.848
968.722
2066.13
832.654
531.185
471.523
488.144
477.663
517.665
554.565
625.142
903.045
2038.47
869.493
511.711
454.654
464.515
470.593
505.075
548.798
612.676
833.709
2059.12
1012.88
526.657
467.182
458.003
481.198
507.184
552.395
640.584
787.381
2126.41
1437.08
752.775
573.791
582.225
540.921
554.255
624.832
703.471
828.437
2111.88
1406.42
808.764
685.27
664.955
624.14
611.482
641.553
707.437
846.183
2019.75
922.935
507.623
423.277
425.438
424.141
435.626
476.75
566.715
728.555
1954.17
722.998
419.51
331.212
335.658
351.897
379.622
426.364
513.551
661.312
1922.56
650.012
454.027
366.531
352.268
352.144
369.31
402.777
450.94
608.21
1908.85
598.33
485.024
407.037
376.719
364.185
365.42
374.435
391.909
532.384
1909.1
601.109
480.887
401.665
372.397
362.703
364.74
374.25
390.613
517.565
1922.87
648.407
444.147
354.614
343.685
345.29
365.852
403.332
450.878
586.969
1954.61
724.047
415.62
330.1
336.028
353.009
381.783
429.266
516.083
649.765
2020.18
928.245
513.922
430.686
431.86
429.822
441.183
481.381
570.606
732.754
2112.25
1409.93
819.632
691.445
670.821
629.759
619.139
649.58
714.476
851.555
)
;
    }
}


// ************************************************************************* //
