/*--------------------------------*- C++ -*----------------------------------*\
| =========                 |                                                 |
| \\      /  F ield         | OpenFOAM: The Open Source CFD Toolbox           |
|  \\    /   O peration     | Version:  2412                                  |
|   \\  /    A nd           | Website:  www.openfoam.com                      |
|    \\/     M anipulation  |                                                 |
\*---------------------------------------------------------------------------*/
FoamFile
{
    version     2.0;
    format      ascii;
    arch        "LSB;label=32;scalar=64";
    class       volScalarField;
    location    "1.7/fluid";
    object      wallHeatFlux;
}
// * * * * * * * * * * * * * * * * * * * * * * * * * * * * * * * * * * * * * //

dimensions      [1 0 -3 0 0 0 0];

internalField   uniform 0;

boundaryField
{
    inlet
    {
        type            calculated;
        value           uniform 0;
    }
    outlet
    {
        type            calculated;
        value           uniform 0;
    }
    walls
    {
        type            calculated;
        value           uniform 0;
    }
    fluid_to_solid
    {
        type            calculated;
        value           nonuniform List<scalar> 
500
(
1834.24
1576.25
1464.99
1399.41
1367.03
1367.03
1399.41
1464.99
1576.25
1834.24
2207.81
1958.6
1753.46
1643.5
1595.72
1595.72
1643.56
1753.39
1958.6
2207.81
2219.49
2040.25
1889.31
1809.15
1774.35
1774.29
1809.15
1889.37
2040.31
2219.49
2049.58
1899.08
1775.4
1712.85
1686.39
1686.39
1712.79
1775.46
1899.08
2049.64
1856.99
1719.4
1608.33
1553.57
1530.39
1530.39
1553.57
1608.45
1719.52
1856.99
1680.52
1551.59
1447.44
1396.82
1375.37
1375.43
1396.88
1447.44
1551.65
1680.52
1532.86
1411.9
1312.94
1265.41
1245.45
1245.33
1265.41
1312.88
1411.9
1532.74
1437.67
1330
1240.44
1198.41
1180.98
1180.92
1198.35
1240.38
1329.82
1437.43
1407.39
1320.36
1246.5
1212.13
1197.92
1197.86
1212.01
1246.44
1320.24
1407.14
1427.72
1365.36
1311.34
1286.86
1277.22
1277.22
1286.86
1311.28
1365.36
1427.6
1766.21
914.394
738.697
560.891
642.817
669.857
738.325
817.956
902.673
982.924
2037.98
790.482
520.207
392.512
427.801
460.608
533.541
626.754
728.092
884.998
2037.54
816.902
452.98
345.13
367.891
387.613
448.328
528.208
635.685
922.643
1884.05
737.519
415.645
335.704
347.239
347.239
395.613
455.709
566.535
895.851
1708.97
658.57
400.016
335.022
349.038
340.727
377.752
417.009
517.975
815.847
1548.71
592.582
378.62
325.905
341.037
333.161
363.364
390.342
470.779
720.278
1412.71
551.464
355.984
318.215
331.362
325.161
353.255
377.504
430.343
628.801
1322.16
545.015
327.765
296.756
306.803
313.129
336.696
364.852
406.156
550.596
1286.81
616.397
326.587
297.687
298.927
317.718
333.905
360.883
414.095
502.78
1305.54
875.509
460.856
353.999
366.341
345.689
359.891
403.303
447.77
522.936
738.165
704.091
719.372
727.012
724.424
724.548
727.32
719.742
704.584
738.596
1060.54
997.262
1006.94
1021.48
1021.29
1021.66
1022.03
1007.68
998.125
1061.4
1264.31
1202.32
1199.8
1187.72
1149.7
1149.95
1188.21
1200.47
1203.12
1265.11
1192.89
1119.94
1083.59
1021.6
936.693
936.94
1022.22
1084.39
1120.68
1193.7
1038.55
954.562
897.135
808.408
700.949
701.133
809.147
898.06
955.363
1039.28
883.765
794.421
722.391
618.198
503.406
503.653
618.999
723.377
795.345
884.504
741.307
651.964
573.772
466.745
365.262
365.57
467.484
574.881
652.888
742.047
616.472
534.153
461.137
364.03
285.469
285.777
364.708
462.123
535.077
617.089
515.545
451.525
397.118
321.699
249.547
249.916
322.377
398.042
452.265
515.976
471.304
437.415
414.925
364.153
296.56
296.991
364.769
415.664
437.908
471.489
1766.21
914.394
738.821
560.891
642.817
669.919
738.263
817.894
902.549
982.8
2038.1
790.482
520.269
392.512
427.863
460.608
533.479
626.63
727.968
884.687
2037.6
816.902
453.042
345.192
367.891
387.613
448.328
528.208
635.561
922.208
1884.05
737.457
415.707
335.766
347.301
347.301
395.551
455.647
566.411
895.479
1708.97
658.57
400.016
335.084
349.162
340.789
377.876
416.947
517.851
815.475
1548.71
592.644
378.62
325.905
341.161
333.285
363.426
390.28
470.717
719.968
1412.77
551.527
356.046
318.277
331.486
325.285
353.317
377.504
430.281
628.615
1322.35
545.139
327.889
296.88
307.051
313.315
336.82
364.852
406.094
550.472
1287
616.459
326.649
297.687
299.051
317.967
334.029
360.883
414.095
502.78
1305.67
875.509
460.794
353.999
366.403
345.875
360.077
403.365
447.832
522.998
1301.07
873.475
523.245
438.034
427.723
404.629
399.504
416.855
452.236
531.396
1243.28
574.002
329.915
280.764
282.493
281.691
287.804
309.724
359.368
455.756
1201.54
444.95
267.303
216.362
220.437
230.07
246.186
272.428
320.53
397.59
1181.1
395.305
284.531
228.218
219.079
217.597
228.032
248.1
274.96
344.426
1171.71
349.798
305.093
254.275
233.836
223.278
222.846
226.797
233.157
285.951
1171.71
349.736
305.278
254.337
233.836
223.278
222.907
226.859
233.219
286.075
1181.1
395.491
284.778
228.464
219.202
217.72
228.156
248.224
274.96
344.549
1201.54
445.012
267.55
216.486
220.376
230.008
246.062
272.367
320.53
397.59
1243.22
573.878
329.915
280.764
282.37
281.505
287.68
309.662
359.368
455.694
1300.95
873.414
523.122
438.034
427.661
404.506
399.381
416.855
452.236
531.396
)
;
    }
}


// ************************************************************************* //
