/*--------------------------------*- C++ -*----------------------------------*\
| =========                 |                                                 |
| \\      /  F ield         | OpenFOAM: The Open Source CFD Toolbox           |
|  \\    /   O peration     | Version:  2412                                  |
|   \\  /    A nd           | Website:  www.openfoam.com                      |
|    \\/     M anipulation  |                                                 |
\*---------------------------------------------------------------------------*/
FoamFile
{
    version     2.0;
    format      ascii;
    arch        "LSB;label=32;scalar=64";
    class       volScalarField;
    location    "3.1/solid";
    object      T;
}
// * * * * * * * * * * * * * * * * * * * * * * * * * * * * * * * * * * * * * //

dimensions      [0 0 0 1 0 0 0];

internalField   nonuniform List<scalar> 
1000
(
351.766
351.776
351.781
351.784
351.785
351.785
351.785
351.784
351.783
351.779
351.773
351.78
351.783
351.786
351.787
351.787
351.787
351.787
351.785
351.783
351.775
351.781
351.785
351.787
351.788
351.788
351.788
351.788
351.787
351.784
351.777
351.782
351.785
351.787
351.788
351.789
351.789
351.788
351.787
351.784
351.777
351.783
351.786
351.787
351.788
351.789
351.789
351.789
351.787
351.784
351.777
351.783
351.786
351.787
351.788
351.789
351.789
351.789
351.787
351.784
351.777
351.782
351.785
351.787
351.788
351.789
351.789
351.788
351.787
351.784
351.775
351.781
351.785
351.787
351.788
351.788
351.788
351.788
351.786
351.784
351.773
351.779
351.783
351.786
351.787
351.787
351.787
351.787
351.785
351.782
351.766
351.776
351.781
351.784
351.785
351.785
351.785
351.784
351.783
351.779
349.348
349.366
349.378
349.385
349.389
349.391
349.39
349.388
349.384
349.377
349.359
349.373
349.382
349.388
349.392
349.394
349.394
349.392
349.389
349.382
349.365
349.377
349.385
349.39
349.393
349.395
349.396
349.394
349.391
349.385
349.368
349.379
349.387
349.392
349.395
349.396
349.397
349.396
349.392
349.386
349.37
349.38
349.388
349.392
349.395
349.397
349.397
349.396
349.393
349.387
349.37
349.38
349.387
349.392
349.395
349.397
349.397
349.396
349.393
349.387
349.368
349.379
349.387
349.392
349.395
349.396
349.397
349.396
349.392
349.386
349.365
349.377
349.385
349.39
349.394
349.395
349.396
349.394
349.391
349.385
349.358
349.373
349.382
349.388
349.392
349.393
349.394
349.392
349.389
349.382
349.347
349.366
349.378
349.385
349.389
349.39
349.39
349.388
349.384
349.377
347.03
347.052
347.068
347.078
347.084
347.087
347.087
347.084
347.079
347.069
347.042
347.06
347.073
347.082
347.087
347.09
347.09
347.088
347.083
347.075
347.05
347.065
347.076
347.084
347.089
347.092
347.092
347.091
347.087
347.079
347.055
347.069
347.079
347.086
347.09
347.093
347.094
347.093
347.089
347.081
347.056
347.07
347.08
347.087
347.091
347.094
347.095
347.094
347.089
347.082
347.056
347.07
347.08
347.087
347.091
347.094
347.095
347.094
347.089
347.082
347.054
347.069
347.079
347.086
347.09
347.093
347.094
347.093
347.089
347.081
347.05
347.065
347.076
347.084
347.089
347.092
347.093
347.091
347.086
347.079
347.042
347.06
347.072
347.081
347.086
347.09
347.09
347.088
347.083
347.075
347.03
347.052
347.068
347.077
347.083
347.086
347.087
347.084
347.079
347.069
344.865
344.889
344.907
344.919
344.925
344.929
344.93
344.928
344.922
344.912
344.878
344.897
344.912
344.922
344.929
344.933
344.934
344.932
344.926
344.918
344.886
344.902
344.915
344.925
344.931
344.935
344.936
344.934
344.93
344.922
344.891
344.907
344.918
344.927
344.933
344.936
344.938
344.937
344.932
344.925
344.893
344.908
344.92
344.928
344.933
344.937
344.939
344.938
344.933
344.926
344.893
344.908
344.92
344.928
344.933
344.937
344.939
344.938
344.933
344.926
344.891
344.907
344.919
344.927
344.933
344.936
344.938
344.937
344.932
344.924
344.887
344.903
344.916
344.925
344.931
344.935
344.936
344.934
344.93
344.922
344.879
344.898
344.912
344.922
344.928
344.932
344.934
344.932
344.926
344.918
344.865
344.889
344.907
344.918
344.925
344.929
344.93
344.928
344.922
344.912
342.903
342.927
342.946
342.958
342.966
342.971
342.973
342.971
342.965
342.955
342.916
342.935
342.951
342.962
342.97
342.975
342.976
342.975
342.97
342.962
342.924
342.941
342.954
342.965
342.972
342.977
342.979
342.977
342.973
342.966
342.929
342.945
342.958
342.967
342.974
342.978
342.981
342.98
342.976
342.969
342.931
342.947
342.959
342.968
342.975
342.979
342.981
342.981
342.977
342.971
342.931
342.947
342.959
342.969
342.975
342.979
342.981
342.981
342.977
342.97
342.93
342.946
342.958
342.968
342.974
342.978
342.981
342.98
342.976
342.969
342.925
342.942
342.956
342.966
342.973
342.977
342.978
342.977
342.973
342.966
342.917
342.936
342.951
342.963
342.97
342.974
342.976
342.975
342.97
342.961
342.904
342.928
342.946
342.958
342.966
342.971
342.973
342.971
342.965
342.955
341.191
341.215
341.233
341.246
341.255
341.261
341.263
341.261
341.256
341.248
341.204
341.223
341.238
341.25
341.259
341.265
341.267
341.265
341.261
341.255
341.212
341.228
341.242
341.254
341.262
341.267
341.269
341.269
341.266
341.259
341.216
341.232
341.245
341.256
341.264
341.269
341.271
341.271
341.268
341.262
341.218
341.233
341.246
341.257
341.264
341.269
341.272
341.272
341.269
341.264
341.218
341.234
341.247
341.257
341.264
341.269
341.272
341.272
341.269
341.263
341.217
341.233
341.246
341.256
341.264
341.269
341.271
341.271
341.268
341.261
341.212
341.229
341.243
341.254
341.262
341.266
341.269
341.268
341.265
341.258
341.204
341.223
341.239
341.251
341.259
341.264
341.266
341.266
341.262
341.254
341.191
341.215
341.234
341.247
341.255
341.26
341.263
341.262
341.257
341.248
339.768
339.792
339.81
339.824
339.834
339.84
339.843
339.842
339.837
339.83
339.78
339.799
339.815
339.828
339.838
339.844
339.847
339.846
339.843
339.837
339.788
339.805
339.819
339.832
339.841
339.846
339.849
339.849
339.847
339.842
339.793
339.809
339.822
339.834
339.842
339.848
339.851
339.851
339.85
339.845
339.795
339.81
339.823
339.835
339.843
339.848
339.852
339.852
339.85
339.846
339.795
339.81
339.823
339.834
339.842
339.848
339.852
339.852
339.85
339.846
339.793
339.809
339.823
339.834
339.842
339.848
339.851
339.852
339.849
339.843
339.788
339.805
339.82
339.831
339.84
339.845
339.849
339.849
339.846
339.84
339.78
339.799
339.815
339.828
339.837
339.843
339.846
339.846
339.843
339.837
339.767
339.791
339.81
339.824
339.833
339.839
339.843
339.843
339.839
339.831
338.666
338.69
338.709
338.724
338.735
338.742
338.745
338.744
338.741
338.735
338.679
338.698
338.715
338.729
338.739
338.746
338.749
338.748
338.746
338.741
338.687
338.704
338.719
338.732
338.742
338.749
338.752
338.752
338.75
338.746
338.691
338.708
338.722
338.735
338.744
338.75
338.754
338.754
338.753
338.749
338.693
338.709
338.723
338.736
338.744
338.75
338.754
338.755
338.754
338.75
338.692
338.708
338.723
338.735
338.744
338.75
338.755
338.756
338.754
338.75
338.69
338.707
338.722
338.734
338.743
338.75
338.754
338.755
338.752
338.748
338.685
338.703
338.719
338.732
338.741
338.747
338.751
338.751
338.749
338.745
338.677
338.697
338.714
338.728
338.738
338.744
338.749
338.749
338.747
338.741
338.665
338.689
338.708
338.723
338.734
338.741
338.745
338.746
338.742
338.736
337.912
337.936
337.957
337.974
337.985
337.993
337.997
337.996
337.993
337.988
337.924
337.945
337.963
337.978
337.99
337.997
338.001
338.001
337.998
337.994
337.933
337.951
337.968
337.983
337.993
338
338.004
338.004
338.003
337.999
337.937
337.955
337.972
337.986
337.995
338.002
338.006
338.006
338.006
338.002
337.939
337.957
337.973
337.986
337.996
338.002
338.006
338.007
338.007
338.003
337.938
337.957
337.973
337.986
337.995
338.002
338.007
338.008
338.006
338.003
337.937
337.955
337.972
337.986
337.995
338.002
338.006
338.007
338.005
338.001
337.932
337.951
337.969
337.983
337.993
337.999
338.003
338.004
338.002
337.998
337.923
337.944
337.964
337.979
337.989
337.996
338
338.002
337.999
337.994
337.91
337.935
337.957
337.974
337.985
337.992
337.997
337.998
337.995
337.989
337.521
337.548
337.572
337.59
337.602
337.611
337.615
337.614
337.611
337.606
337.534
337.559
337.579
337.596
337.608
337.616
337.62
337.62
337.617
337.612
337.543
337.566
337.585
337.601
337.612
337.619
337.624
337.623
337.622
337.617
337.548
337.571
337.589
337.604
337.614
337.621
337.625
337.626
337.625
337.621
337.55
337.572
337.59
337.605
337.615
337.622
337.626
337.627
337.626
337.622
337.55
337.573
337.591
337.605
337.615
337.622
337.626
337.627
337.626
337.622
337.548
337.572
337.59
337.605
337.614
337.621
337.626
337.626
337.624
337.62
337.543
337.567
337.587
337.602
337.612
337.618
337.622
337.623
337.621
337.616
337.534
337.559
337.581
337.597
337.608
337.615
337.619
337.621
337.618
337.613
337.52
337.547
337.573
337.591
337.603
337.61
337.615
337.616
337.613
337.607
)
;

boundaryField
{
    bodyBottom
    {
        type            fixedValue;
        value           uniform 353;
    }
    solid_to_fluid
    {
        type            compressible::turbulentTemperatureCoupledBaffleMixed;
        refValue        nonuniform List<scalar> 
500
(
322.405
326.904
328.85
329.983
330.547
330.548
329.985
328.851
326.905
322.408
311.62
316.172
319.919
321.924
322.803
322.804
321.926
319.921
316.175
311.624
306.764
310.198
313.093
314.632
315.306
315.307
314.634
313.094
310.2
306.766
305.377
308.393
310.87
312.129
312.665
312.666
312.13
310.871
308.394
305.379
304.846
307.721
310.042
311.192
311.681
311.682
311.193
310.044
307.723
304.848
304.667
307.518
309.819
310.942
311.42
311.421
310.943
309.82
307.519
304.669
304.475
307.26
309.533
310.624
311.086
311.087
310.625
309.534
307.261
304.476
303.895
306.46
308.578
309.571
309.982
309.983
309.572
308.579
306.461
303.897
302.656
304.781
306.568
307.395
307.733
307.734
307.396
306.569
304.782
302.658
301.124
302.669
303.994
304.588
304.82
304.821
304.589
303.995
302.67
301.125
323.45
337.258
340.085
342.9
341.587
341.096
339.972
338.691
337.373
336.316
314.618
335.906
340.278
342.324
341.726
341.142
339.91
338.398
336.846
334.701
310.214
332.204
338.507
340.295
339.852
339.478
338.386
337.01
335.328
330.932
308.711
330.539
336.541
337.92
337.647
337.619
336.685
335.595
333.844
328.129
308.003
329.205
334.446
335.655
335.347
335.509
334.734
333.97
332.274
326.667
307.647
328.059
332.761
333.859
333.545
333.743
333.075
332.495
331.011
325.899
307.329
326.74
331.457
332.393
332.132
332.302
331.674
331.096
329.965
325.569
306.759
325.104
330.682
331.567
331.411
331.317
330.776
330.091
329.081
325.595
305.747
322.144
329.721
330.632
330.764
330.395
329.988
329.275
327.893
325.592
304.338
315.137
325.854
328.626
328.472
329.113
328.865
327.756
326.541
324.556
340.645
340.982
340.488
340.042
339.793
339.672
339.852
340.259
340.74
340.446
332.699
333.533
332.831
331.939
331.375
331.119
331.594
332.409
333.074
332.271
325.4
326.211
325.629
325.081
325.099
324.897
324.794
325.241
325.75
324.948
322.733
323.848
323.912
324.317
325.344
325.178
323.998
323.509
323.395
322.309
322.257
323.683
324.17
325.155
326.72
326.553
324.744
323.704
323.227
321.871
322.279
323.914
324.745
326.164
328.042
327.854
325.624
324.16
323.409
321.898
322.725
324.467
325.51
327.146
329.088
328.868
326.492
324.806
323.908
322.339
323.576
325.263
326.296
327.88
329.62
329.39
327.191
325.529
324.687
323.204
324.715
326.053
326.727
327.992
329.52
329.199
327.321
325.989
325.532
324.415
325.258
325.854
325.846
326.623
327.92
327.553
325.983
325.192
325.458
325.096
323.443
337.25
340.074
342.895
341.58
341.107
339.999
338.731
337.422
336.371
314.611
335.894
340.268
342.324
341.729
341.16
339.95
338.457
336.928
334.85
310.209
332.193
338.5
340.294
339.854
339.491
338.424
337.076
335.434
331.178
308.706
330.525
336.526
337.908
337.641
337.626
336.709
335.648
333.945
328.382
307.999
329.188
334.423
335.628
335.324
335.503
334.742
334.004
332.355
326.877
307.644
328.04
332.73
333.824
333.512
333.725
333.068
332.509
331.063
326.065
307.325
326.72
331.425
332.356
332.096
332.274
331.658
331.093
329.991
325.696
306.756
325.086
330.655
331.531
331.376
331.286
330.754
330.075
329.086
325.678
305.744
322.128
329.697
330.597
330.724
330.353
329.958
329.266
327.898
325.622
304.334
315.123
325.83
328.597
328.437
329.072
328.819
327.706
326.512
324.564
304.409
315.459
324.761
326.766
327.089
327.733
327.911
327.437
326.42
324.264
305.868
323.038
329.54
330.86
330.846
330.878
330.705
330.075
328.68
326.148
306.906
326.232
331.04
332.408
332.331
332.073
331.632
330.896
329.545
327.433
307.41
327.42
330.572
331.982
332.18
332.174
331.875
331.314
330.582
328.431
307.629
328.213
330.019
331.271
331.749
331.933
331.916
331.781
331.542
329.595
307.631
328.229
329.98
331.225
331.712
331.914
331.896
331.753
331.486
329.396
307.412
327.396
330.498
331.9
332.126
332.133
331.853
331.306
330.539
328.168
306.909
326.232
331.01
332.392
332.325
332.074
331.639
330.903
329.536
327.258
305.87
323.059
329.56
330.89
330.871
330.904
330.73
330.091
328.681
326.116
304.412
315.469
324.784
326.784
327.118
327.766
327.952
327.478
326.448
324.263
)
;
        refGradient     uniform 0;
        valueFraction   nonuniform List<scalar> 
500
(
0.000301416
0.000301416
0.000301416
0.000301416
0.000301416
0.000301416
0.000301416
0.000301416
0.000301416
0.000301416
0.000301416
0.000301416
0.000301416
0.000301416
0.000301416
0.000301416
0.000301416
0.000301416
0.000301416
0.000301416
0.000301416
0.000301416
0.000301416
0.000301416
0.000301416
0.000301416
0.000301416
0.000301416
0.000301416
0.000301416
0.000301416
0.000301416
0.000301416
0.000301416
0.000301416
0.000301416
0.000301416
0.000301416
0.000301416
0.000301416
0.000301416
0.000301416
0.000301416
0.000301416
0.000301416
0.000301416
0.000301416
0.000301416
0.000301416
0.000301416
0.000301416
0.000301416
0.000301416
0.000301416
0.000301416
0.000301416
0.000301416
0.000301416
0.000301416
0.000301416
0.000301416
0.000301416
0.000301416
0.000301416
0.000301416
0.000301416
0.000301416
0.000301416
0.000301416
0.000301416
0.000301416
0.000301416
0.000301416
0.000301416
0.000301416
0.000301416
0.000301416
0.000301416
0.000301416
0.000301416
0.000301416
0.000301416
0.000301416
0.000301416
0.000301416
0.000301416
0.000301416
0.000301416
0.000301416
0.000301416
0.000301416
0.000301416
0.000301416
0.000301416
0.000301416
0.000301416
0.000301416
0.000301416
0.000301416
0.000301416
0.000302436
0.000302436
0.000302436
0.000302436
0.000302436
0.000302436
0.000302436
0.000302436
0.000302436
0.000302436
0.000302436
0.000302436
0.000302436
0.000302436
0.000302436
0.000302436
0.000302436
0.000302436
0.000302436
0.000302436
0.000302436
0.000302436
0.000302436
0.000302436
0.000302436
0.000302436
0.000302436
0.000302436
0.000302436
0.000302436
0.000302436
0.000302436
0.000302436
0.000302436
0.000302436
0.000302436
0.000302436
0.000302436
0.000302436
0.000302436
0.000302436
0.000302436
0.000302436
0.000302436
0.000302436
0.000302436
0.000302436
0.000302436
0.000302436
0.000302436
0.000302436
0.000302436
0.000302436
0.000302436
0.000302436
0.000302436
0.000302436
0.000302436
0.000302436
0.000302436
0.000302436
0.000302436
0.000302436
0.000302436
0.000302436
0.000302436
0.000302436
0.000302436
0.000302436
0.000302436
0.000302436
0.000302436
0.000302436
0.000302436
0.000302436
0.000302436
0.000302436
0.000302436
0.000302436
0.000302436
0.000302436
0.000302436
0.000302436
0.000302436
0.000302436
0.000302436
0.000302436
0.000302436
0.000302436
0.000302436
0.000302436
0.000302436
0.000302436
0.000302436
0.000302436
0.000302436
0.000302436
0.000302436
0.000302436
0.000302436
0.000300478
0.000300478
0.000300478
0.000300478
0.000300478
0.000300478
0.000300478
0.000300478
0.000300478
0.000300478
0.000300478
0.000300478
0.000300478
0.000300478
0.000300478
0.000300478
0.000300478
0.000300478
0.000300478
0.000300478
0.000300478
0.000300478
0.000300478
0.000300478
0.000300478
0.000300478
0.000300478
0.000300478
0.000300478
0.000300478
0.000300478
0.000300478
0.000300478
0.000300478
0.000300478
0.000300478
0.000300478
0.000300478
0.000300478
0.000300478
0.000300478
0.000300478
0.000300478
0.000300478
0.000300478
0.000300478
0.000300478
0.000300478
0.000300478
0.000300478
0.000300478
0.000300478
0.000300478
0.000300478
0.000300478
0.000300478
0.000300478
0.000300478
0.000300478
0.000300478
0.000300478
0.000300478
0.000300478
0.000300478
0.000300478
0.000300478
0.000300478
0.000300478
0.000300478
0.000300478
0.000300478
0.000300478
0.000300478
0.000300478
0.000300478
0.000300478
0.000300478
0.000300478
0.000300478
0.000300478
0.000300478
0.000300478
0.000300478
0.000300478
0.000300478
0.000300478
0.000300478
0.000300478
0.000300478
0.000300478
0.000300478
0.000300478
0.000300478
0.000300478
0.000300478
0.000300478
0.000300478
0.000300478
0.000300478
0.000300478
0.000302436
0.000302436
0.000302436
0.000302436
0.000302436
0.000302436
0.000302436
0.000302436
0.000302436
0.000302436
0.000302436
0.000302436
0.000302436
0.000302436
0.000302436
0.000302436
0.000302436
0.000302436
0.000302436
0.000302436
0.000302436
0.000302436
0.000302436
0.000302436
0.000302436
0.000302436
0.000302436
0.000302436
0.000302436
0.000302436
0.000302436
0.000302436
0.000302436
0.000302436
0.000302436
0.000302436
0.000302436
0.000302436
0.000302436
0.000302436
0.000302436
0.000302436
0.000302436
0.000302436
0.000302436
0.000302436
0.000302436
0.000302436
0.000302436
0.000302436
0.000302436
0.000302436
0.000302436
0.000302436
0.000302436
0.000302436
0.000302436
0.000302436
0.000302436
0.000302436
0.000302436
0.000302436
0.000302436
0.000302436
0.000302436
0.000302436
0.000302436
0.000302436
0.000302436
0.000302436
0.000302436
0.000302436
0.000302436
0.000302436
0.000302436
0.000302436
0.000302436
0.000302436
0.000302436
0.000302436
0.000302436
0.000302436
0.000302436
0.000302436
0.000302436
0.000302436
0.000302436
0.000302436
0.000302436
0.000302436
0.000302436
0.000302436
0.000302436
0.000302436
0.000302436
0.000302436
0.000302436
0.000302436
0.000302436
0.000302436
0.000301115
0.000301115
0.000301115
0.000301115
0.000301115
0.000301115
0.000301115
0.000301115
0.000301115
0.000301115
0.000301115
0.000301115
0.000301115
0.000301115
0.000301115
0.000301115
0.000301115
0.000301115
0.000301115
0.000301115
0.000301115
0.000301115
0.000301115
0.000301115
0.000301115
0.000301115
0.000301115
0.000301115
0.000301115
0.000301115
0.000301115
0.000301115
0.000301115
0.000301115
0.000301115
0.000301115
0.000301115
0.000301115
0.000301115
0.000301115
0.000301115
0.000301115
0.000301115
0.000301115
0.000301115
0.000301115
0.000301115
0.000301115
0.000301115
0.000301115
0.000301115
0.000301115
0.000301115
0.000301115
0.000301115
0.000301115
0.000301115
0.000301115
0.000301115
0.000301115
0.000301115
0.000301115
0.000301115
0.000301115
0.000301115
0.000301115
0.000301115
0.000301115
0.000301115
0.000301115
0.000301115
0.000301115
0.000301115
0.000301115
0.000301115
0.000301115
0.000301115
0.000301115
0.000301115
0.000301115
0.000301115
0.000301115
0.000301115
0.000301115
0.000301115
0.000301115
0.000301115
0.000301115
0.000301115
0.000301115
0.000301115
0.000301115
0.000301115
0.000301115
0.000301115
0.000301115
0.000301115
0.000301115
0.000301115
0.000301115
)
;
        source          uniform 0;
        Tnbr            T;
        kappaMethod     solidThermo;
        value           nonuniform List<scalar> 
500
(
351.757
351.765
351.768
351.77
351.771
351.771
351.77
351.768
351.765
351.757
349.336
349.348
349.356
349.36
349.361
349.361
349.36
349.355
349.348
349.336
347.017
347.03
347.039
347.044
347.046
347.046
347.044
347.039
347.031
347.017
344.852
344.866
344.875
344.88
344.883
344.883
344.881
344.876
344.867
344.853
342.891
342.904
342.913
342.919
342.921
342.921
342.919
342.914
342.905
342.891
341.179
341.192
341.201
341.206
341.208
341.208
341.206
341.201
341.192
341.179
339.756
339.769
339.778
339.783
339.785
339.784
339.783
339.778
339.769
339.755
338.654
338.667
338.676
338.681
338.683
338.682
338.68
338.675
338.666
338.653
337.899
337.913
337.922
337.927
337.928
337.928
337.926
337.92
337.911
337.898
337.508
337.522
337.531
337.537
337.538
337.538
337.537
337.531
337.521
337.507
351.758
351.771
351.777
351.781
351.782
351.782
351.781
351.78
351.778
351.775
349.336
349.361
349.374
349.382
349.386
349.387
349.387
349.385
349.38
349.373
347.018
347.047
347.064
347.075
347.08
347.083
347.083
347.081
347.075
347.064
344.854
344.884
344.903
344.915
344.922
344.926
344.927
344.924
344.917
344.906
342.892
342.923
342.942
342.955
342.963
342.967
342.969
342.967
342.961
342.949
341.18
341.21
341.23
341.243
341.251
341.257
341.259
341.258
341.253
341.242
339.756
339.786
339.806
339.82
339.829
339.836
339.839
339.839
339.834
339.825
338.653
338.683
338.704
338.72
338.73
338.737
338.741
338.742
338.738
338.73
337.898
337.929
337.953
337.97
337.981
337.988
337.993
337.993
337.99
337.983
337.508
337.539
337.568
337.587
337.598
337.606
337.611
337.611
337.608
337.601
351.776
351.779
351.78
351.781
351.781
351.781
351.78
351.78
351.779
351.776
349.372
349.377
349.38
349.381
349.381
349.381
349.381
349.379
349.377
349.372
347.062
347.068
347.072
347.074
347.074
347.074
347.073
347.071
347.068
347.062
344.904
344.911
344.915
344.918
344.919
344.919
344.917
344.914
344.91
344.904
342.948
342.955
342.959
342.963
342.965
342.964
342.962
342.959
342.954
342.948
341.241
341.248
341.253
341.257
341.258
341.258
341.255
341.252
341.248
341.241
339.824
339.831
339.836
339.84
339.841
339.841
339.838
339.834
339.83
339.824
338.729
338.736
338.741
338.744
338.746
338.746
338.743
338.739
338.735
338.729
337.982
337.989
337.994
337.997
337.999
337.998
337.996
337.992
337.989
337.983
337.6
337.607
337.612
337.616
337.618
337.617
337.614
337.611
337.607
337.601
351.758
351.771
351.777
351.781
351.782
351.782
351.782
351.78
351.778
351.775
349.337
349.362
349.375
349.383
349.386
349.388
349.387
349.385
349.38
349.373
347.018
347.047
347.065
347.075
347.081
347.084
347.084
347.081
347.075
347.064
344.853
344.884
344.903
344.916
344.922
344.926
344.927
344.924
344.917
344.906
342.892
342.922
342.942
342.955
342.963
342.968
342.969
342.967
342.961
342.949
341.18
341.21
341.229
341.243
341.252
341.257
341.259
341.257
341.252
341.242
339.757
339.786
339.806
339.82
339.83
339.836
339.839
339.838
339.833
339.825
338.655
338.684
338.705
338.72
338.731
338.738
338.741
338.74
338.737
338.729
337.9
337.93
337.953
337.97
337.981
337.989
337.993
337.992
337.988
337.982
337.509
337.539
337.567
337.586
337.598
337.606
337.611
337.61
337.606
337.6
337.509
337.539
337.566
337.585
337.598
337.606
337.61
337.61
337.606
337.6
337.523
337.553
337.575
337.593
337.604
337.612
337.616
337.616
337.613
337.607
337.532
337.561
337.582
337.598
337.609
337.616
337.62
337.62
337.617
337.613
337.538
337.566
337.585
337.601
337.611
337.618
337.622
337.622
337.621
337.617
337.539
337.568
337.586
337.601
337.611
337.618
337.622
337.623
337.623
337.618
337.539
337.568
337.587
337.602
337.611
337.618
337.623
337.624
337.622
337.618
337.538
337.567
337.587
337.601
337.611
337.618
337.622
337.623
337.62
337.615
337.532
337.562
337.583
337.599
337.609
337.615
337.619
337.62
337.617
337.612
337.522
337.553
337.577
337.594
337.604
337.611
337.616
337.617
337.614
337.608
337.508
337.539
337.567
337.586
337.598
337.606
337.611
337.611
337.608
337.601
)
;
    }
}


// ************************************************************************* //
