/*--------------------------------*- C++ -*----------------------------------*\
| =========                 |                                                 |
| \\      /  F ield         | OpenFOAM: The Open Source CFD Toolbox           |
|  \\    /   O peration     | Version:  2412                                  |
|   \\  /    A nd           | Website:  www.openfoam.com                      |
|    \\/     M anipulation  |                                                 |
\*---------------------------------------------------------------------------*/
FoamFile
{
    version     2.0;
    format      ascii;
    arch        "LSB;label=32;scalar=64";
    class       volScalarField;
    location    "3.1/solid";
    object      wallHeatFlux;
}
// * * * * * * * * * * * * * * * * * * * * * * * * * * * * * * * * * * * * * //

dimensions      [1 0 -3 0 0 0 0];

internalField   uniform 0;

boundaryField
{
    bodyBottom
    {
        type            calculated;
        value           nonuniform List<scalar> 
100
(
252970
251535
251125
250715
250715
250715
250715
251125
251535
252970
250920
250100
249895
249690
249485
249485
249690
249895
250305
250920
249895
249485
249075
249075
248870
248870
249075
249075
249485
249895
249280
248870
248665
248665
248665
248665
248665
248665
248870
249280
249075
248665
248460
248460
248460
248460
248460
248460
248665
249075
249075
248665
248460
248255
248255
248255
248255
248460
248665
249075
249075
248665
248460
248255
248255
248255
248255
248460
248665
249075
249280
248665
248460
248460
248255
248255
248460
248460
248665
249280
249485
249075
248665
248665
248665
248665
248665
248870
249075
249485
250305
249485
249280
249280
249280
249280
249280
249280
249690
250305
)
;
    }
    solid_to_fluid
    {
        type            calculated;
        value           nonuniform List<scalar> 
500
(
-1845
-1640
-1435
-1435
-1230
-1230
-1435
-1435
-1640
-1845
-2460
-2255
-1845
-1640
-1845
-1845
-1640
-2050
-2050
-2255
-2665
-2460
-2255
-2255
-2050
-2050
-2050
-2255
-2255
-2665
-2665
-2460
-2255
-2255
-2050
-2050
-2050
-2255
-2460
-2460
-2460
-2460
-2255
-2050
-2050
-2050
-2255
-2255
-2460
-2665
-2460
-2460
-2255
-2050
-2050
-2050
-2255
-2255
-2460
-2460
-2460
-2255
-2050
-2050
-2050
-2255
-2050
-2050
-2255
-2460
-2460
-2460
-2255
-2050
-2050
-2050
-2050
-2050
-2255
-2460
-2665
-2255
-2255
-2050
-2255
-2050
-2255
-2460
-2460
-2460
-2665
-2460
-2460
-2255
-2460
-2460
-2255
-2460
-2665
-2665
-1640
-1025
-820
-615
-615
-615
-820
-820
-1025
-820
-2255
-1025
-820
-615
-615
-615
-615
-615
-820
-820
-2460
-1025
-820
-410
-615
-615
-820
-615
-820
-1025
-2255
-1025
-820
-615
-615
-615
-615
-820
-1025
-1230
-2460
-1025
-820
-615
-615
-820
-820
-820
-820
-1230
-2255
-1025
-820
-820
-820
-615
-820
-820
-820
-1230
-2255
-1025
-820
-820
-820
-615
-820
-820
-1025
-1230
-2460
-1230
-820
-615
-820
-820
-820
-820
-820
-1230
-2460
-1230
-820
-820
-820
-820
-820
-1025
-1025
-1230
-2460
-1640
-1025
-820
-1025
-820
-820
-1025
-1025
-1230
-615
-820
-820
-615
-615
-615
-820
-820
-615
-615
-1025
-1025
-1025
-1025
-1230
-1230
-1025
-1230
-1025
-1025
-1435
-1435
-1435
-1435
-1640
-1640
-1640
-1640
-1435
-1435
-1640
-1435
-1435
-1435
-1435
-1435
-1435
-1640
-1640
-1640
-1435
-1435
-1435
-1230
-1230
-1230
-1435
-1435
-1435
-1435
-1435
-1435
-1230
-1025
-1230
-1025
-1230
-1230
-1230
-1435
-1230
-1230
-1230
-1025
-1025
-1025
-1025
-1230
-1435
-1435
-1230
-1025
-1025
-1025
-820
-820
-1025
-1230
-1230
-1435
-1230
-1025
-1025
-1025
-820
-1025
-1025
-1230
-1025
-1230
-1230
-1025
-1025
-1025
-820
-1025
-1230
-1025
-1230
-1230
-1640
-1025
-820
-615
-615
-615
-615
-820
-1025
-820
-2255
-820
-615
-410
-615
-615
-615
-615
-820
-820
-2460
-1025
-615
-615
-615
-615
-615
-615
-820
-1025
-2460
-1025
-820
-615
-615
-615
-615
-820
-1025
-1230
-2255
-1025
-820
-615
-615
-615
-820
-820
-820
-1230
-2255
-1025
-820
-615
-615
-820
-820
-820
-820
-1230
-2255
-1230
-820
-820
-820
-820
-820
-820
-820
-1025
-2255
-1230
-820
-820
-820
-820
-820
-820
-820
-1230
-2460
-1230
-820
-820
-820
-820
-820
-820
-1025
-1230
-2460
-1845
-1025
-820
-820
-1025
-820
-820
-1025
-1230
-2460
-1845
-1230
-1025
-820
-1025
-1025
-820
-1025
-1230
-2255
-1230
-820
-615
-820
-820
-820
-820
-820
-1025
-2255
-1025
-615
-615
-615
-615
-820
-615
-1025
-820
-2050
-1025
-820
-615
-615
-615
-615
-820
-820
-820
-2255
-820
-820
-820
-820
-820
-820
-820
-615
-820
-2255
-1025
-820
-615
-820
-820
-615
-615
-820
-820
-2050
-1025
-615
-820
-615
-615
-820
-615
-820
-1025
-2255
-1025
-820
-615
-615
-615
-615
-615
-820
-820
-2460
-1230
-820
-615
-820
-820
-615
-820
-820
-1025
-2460
-1640
-1230
-1025
-1025
-820
-820
-1025
-1025
-1230
)
;
    }
}


// ************************************************************************* //
