/*--------------------------------*- C++ -*----------------------------------*\
| =========                 |                                                 |
| \\      /  F ield         | OpenFOAM: The Open Source CFD Toolbox           |
|  \\    /   O peration     | Version:  2412                                  |
|   \\  /    A nd           | Website:  www.openfoam.com                      |
|    \\/     M anipulation  |                                                 |
\*---------------------------------------------------------------------------*/
FoamFile
{
    version     2.0;
    format      ascii;
    arch        "LSB;label=32;scalar=64";
    class       volScalarField;
    location    "4.1/fluid";
    object      wallHeatFlux;
}
// * * * * * * * * * * * * * * * * * * * * * * * * * * * * * * * * * * * * * //

dimensions      [1 0 -3 0 0 0 0];

internalField   uniform 0;

boundaryField
{
    inlet
    {
        type            calculated;
        value           uniform 0;
    }
    outlet
    {
        type            calculated;
        value           uniform 0;
    }
    walls
    {
        type            calculated;
        value           uniform 0;
    }
    fluid_to_solid
    {
        type            calculated;
        value           nonuniform List<scalar> 
500
(
1809.08
1522.97
1399.48
1327.65
1291.5
1290.45
1325.99
1397.75
1521.36
1805.13
2379.64
2087.04
1846.05
1716.74
1658.89
1657.65
1713.96
1843.14
2084.13
2376.18
2590.41
2366.72
2177.96
2077.33
2032.58
2030.98
2075.36
2176.1
2364.93
2588.25
2587.88
2388.97
2225.49
2142.17
2106.26
2105.02
2140.81
2224.25
2387.8
2586.27
2538.74
2346.7
2191.68
2114.79
2081.6
2080.67
2113.68
2190.63
2345.65
2537.32
2474.7
2281.43
2125.36
2049.15
2016.27
2015.34
2048.16
2124.43
2280.5
2473.41
2425.69
2234.89
2079.19
2004.52
1972.44
1971.58
2003.6
2078.32
2234.02
2424.45
2417.16
2240.14
2094.02
2025.6
1996.92
1996.12
2024.86
2093.28
2239.34
2415.99
2469.88
2322.47
2198.79
2141.62
2118.07
2117.51
2141.12
2198.36
2321.97
2468.83
2559.26
2452.14
2360.36
2319.44
2303.37
2303.06
2319.32
2360.3
2451.96
2558.7
1749.22
892.874
717.177
544.767
624.956
658.446
729.58
808.963
891.385
968.536
2194.32
849.399
579.497
456.019
495.276
535.464
615.715
711.967
813.987
970.831
2373.12
959.667
562.876
455.895
488.082
515.866
591.59
682.695
799.289
1122.4
2374.86
948.38
562.38
481.012
503.959
509.416
576.582
652.74
784.838
1198.37
2333.86
924.875
579.683
505.509
531.681
527.091
583.776
639.592
771.753
1179.77
2278.54
901.122
583.404
513.447
539.309
531.619
581.853
626.816
746.883
1128.67
2235.56
906.704
580.055
518.471
539.681
531.557
580.613
625.948
720.402
1064.17
2224.28
954.148
563.434
503.09
516.424
525.727
568.892
622.661
706.448
992.041
2259.63
1111.49
578.814
518.285
510.285
537.448
571.744
632.956
739.565
932.379
2339.82
1575.26
804.436
634.941
640.957
595.497
629.111
711.781
802.328
971.699
612.036
584.124
627.009
675.563
717.4
745.99
746.976
729.292
710.746
739.52
880.561
827.201
895.78
995.845
1083.96
1142.68
1130.97
1090.43
1073.17
1143.17
1189.88
1143.42
1224.81
1331.1
1408.68
1453.35
1453.22
1422.11
1416.81
1490.07
1259.32
1192.77
1241.45
1307.25
1343.98
1368.69
1408.86
1425.68
1458.83
1554.27
1203.55
1107.31
1121.23
1153.95
1167.26
1186.86
1250.26
1298.32
1358.95
1474.17
1117.97
998.926
983.398
990.115
990.607
1015.07
1098.81
1183.59
1263.14
1386.12
1010.26
878.219
843.652
836.073
836.073
872.735
968.179
1085.56
1172.81
1291.11
889.68
760.47
723.87
717.462
727.813
779.14
880.869
1004.1
1084.57
1185.19
778.339
675.747
659.481
669.524
697.067
760.224
858.194
958.382
1004.78
1067.87
747.407
694.602
716.353
751.721
797.686
868.052
952.159
1012.05
994.428
991.162
1755.61
898.828
725.363
549.666
632.212
656.833
720.402
794.327
871.292
930.333
2200.34
856.159
583.962
452.918
488.702
519.401
587.311
673.516
758.357
857.089
2377.46
962.272
558.162
442.251
468.732
488.268
547.185
622.289
708.06
913.464
2378.33
948.442
554.131
462.407
477.601
475.864
528.456
586.753
674.322
962.52
2337.03
924.069
571.496
490.935
507.804
490.997
536.27
575.528
657.081
958.303
2281.58
901.184
576.644
500.982
517.665
497.633
536.89
567.713
640.522
922.767
2238.54
908.502
572.613
502.408
515.556
500.858
536.394
569.264
626.754
868.997
2227.19
957.373
551.899
481.26
485.291
485.787
515.432
557.542
616.211
806.669
2262.6
1126.5
577.202
496.517
474.562
491.617
510.098
543.402
637.111
786.017
2342.67
1595.48
866.082
637.422
627.251
585.388
568.085
636.987
744.899
887.292
2323.18
1529.91
820.373
712.13
702.559
664.832
642.603
666.19
738.805
878.539
2222.03
996.846
526.703
431.86
437.17
442.295
456.929
502.56
599.318
743.559
2150.41
793.019
464.524
362.271
362.765
381.721
412.718
464.339
540.967
652.606
2116.08
720.898
511.452
422.659
409.816
411.792
426.302
451.927
484.468
622.35
2101.56
678.293
547.759
465.018
434.577
424.882
424.697
431.86
453.718
637.91
2101.87
685.517
546.092
458.102
424.82
416.979
421.671
441.183
488.729
699.719
2116.88
727.937
497.744
394.132
380.116
381.721
408.643
456.744
539.238
763.257
2151.58
806.788
460.449
368.137
374.435
392.465
425.623
484.777
595.366
808.641
2223.52
1033.71
579.621
483.172
481.998
476.503
490.334
541.646
655.693
867.424
2324.6
1560.04
932.32
771.531
737.94
687.369
678.972
718.181
803.578
978.446
)
;
    }
}


// ************************************************************************* //
