/*--------------------------------*- C++ -*----------------------------------*\
| =========                 |                                                 |
| \\      /  F ield         | OpenFOAM: The Open Source CFD Toolbox           |
|  \\    /   O peration     | Version:  2412                                  |
|   \\  /    A nd           | Website:  www.openfoam.com                      |
|    \\/     M anipulation  |                                                 |
\*---------------------------------------------------------------------------*/
FoamFile
{
    version     2.0;
    format      ascii;
    arch        "LSB;label=32;scalar=64";
    class       volScalarField;
    location    "0.6/fluid";
    object      wallHeatFlux;
}
// * * * * * * * * * * * * * * * * * * * * * * * * * * * * * * * * * * * * * //

dimensions      [1 0 -3 0 0 0 0];

internalField   uniform 0;

boundaryField
{
    inlet
    {
        type            calculated;
        value           uniform 0;
    }
    outlet
    {
        type            calculated;
        value           uniform 0;
    }
    walls
    {
        type            calculated;
        value           uniform 0;
    }
    fluid_to_solid
    {
        type            calculated;
        value           nonuniform List<scalar> 
500
(
1874.79
1648.63
1552.58
1494.35
1465.06
1464.99
1494.35
1552.52
1648.63
1874.72
1991.3
1795.79
1634.6
1547.69
1508.32
1508.2
1547.63
1634.54
1795.73
1991.17
1753.21
1627.86
1522.6
1466.91
1442.74
1442.68
1466.79
1522.6
1627.92
1753.02
1391.26
1297.55
1220.85
1182.4
1166.21
1166.21
1182.47
1221.1
1297.74
1391.32
1052.79
977.569
916.811
886.957
874.472
874.472
887.081
917.12
977.816
1052.91
778.606
720.444
673.346
650.538
640.958
640.958
650.6
673.469
720.568
778.668
558.01
511.468
472.9
454.11
446.136
446.198
454.172
472.9
511.468
558.01
404.539
368.814
338.404
323.631
317.389
317.265
323.508
338.28
368.628
404.292
314.731
289.327
266.891
255.889
251.129
251.068
255.703
266.705
289.018
314.484
279.376
262.502
247.297
239.942
236.79
236.79
239.88
247.235
262.44
279.252
1793.31
952.597
779.195
594.815
688.772
722.262
806.545
911.665
1026.27
1160.17
1839.08
733.177
460.856
325.719
360.821
399.954
479.896
594.257
728.65
964.691
1614.27
655.841
329.068
219.916
231.513
250.491
302.524
388.543
513.137
805.863
1282.41
498.005
247.266
164.41
161.743
162.611
192.504
245.964
351.146
619.436
970.396
356.852
191.202
134.207
129.122
117.586
134.393
162.301
238.149
438.22
718.293
256.817
141.277
103.508
100.655
92.2829
100.531
112.811
155.355
283.112
512.703
176.875
100.965
80.7475
80.4994
78.2048
81.3677
85.5849
99.725
166.27
369.193
127.261
70.3905
58.7931
60.3436
62.7002
65.5531
68.4059
70.3905
91.4146
284.663
115.788
60.0955
51.8471
52.6533
54.3898
54.2038
55.072
58.0489
59.8474
253.654
159.324
85.7089
62.7623
64.8089
61.1498
62.2041
64.9329
64.0026
61.956
951.481
829.665
764.475
721.775
697.56
697.56
721.775
764.475
829.727
951.481
1233.93
1132.02
1055.06
991.963
948.832
948.832
991.963
1055.06
1132.02
1233.99
1098.25
1012.54
911.184
808.408
737.857
737.918
808.346
911.061
1012.48
1098.25
829.419
746.052
635.45
527.498
455.037
454.976
527.437
635.265
745.99
829.357
573.526
497.799
389.662
289.043
225.763
225.701
288.919
389.539
497.738
573.526
359.224
295.02
200.931
119.659
77.8216
77.7599
119.474
200.685
294.958
359.224
195.94
145.6
73.9397
21.4425
-5.2374
-5.29901
21.3193
73.8165
145.538
196.002
86.8176
51.2033
5.66871
-24.3385
-42.0224
-42.084
-24.4617
5.54548
51.2649
86.9408
32.8416
10.0435
-14.4182
-33.8274
-46.5204
-46.582
-33.889
-14.4799
10.0435
32.9032
28.9597
13.9253
-2.46466
-18.3617
-29.8224
-29.884
-18.4233
-2.52627
13.9253
29.0213
1793.31
952.597
779.133
594.815
688.772
722.324
806.545
911.665
1026.27
1160.17
1839.27
733.239
460.918
325.781
360.945
399.954
479.958
594.195
728.588
964.691
1614.33
655.841
329.13
220.102
231.637
250.553
302.586
388.543
513.137
805.801
1282.35
497.881
247.142
164.472
161.867
162.673
192.504
245.964
351.146
619.374
970.21
356.852
191.14
134.145
129.122
117.586
134.393
162.239
238.087
438.158
718.169
256.817
141.215
103.446
100.593
92.4069
100.593
112.687
155.293
283.05
512.703
176.875
100.841
80.6855
80.6235
78.2668
81.3677
85.5229
99.601
166.146
369.38
127.447
70.4525
58.8551
60.4676
62.8863
65.6771
68.2819
70.2665
91.3526
284.849
115.912
60.0955
51.7231
52.6533
54.5139
54.3278
55.01
57.9249
59.7854
253.716
159.262
85.6469
62.7002
64.8089
61.2118
62.2661
64.8089
63.8786
61.894
259.462
182.031
122.074
102.253
97.7458
92.9912
90.8918
90.2743
89.9656
89.8421
245.63
126.458
85.0258
76.5665
75.8873
74.5906
73.9731
73.6644
74.0348
74.4053
235.01
99.1659
69.836
62.8586
63.6613
63.8466
64.0318
63.5996
62.3646
57.7336
229.452
86.3225
69.2186
57.1779
56.0047
55.3872
54.5227
52.6703
48.7185
37.7893
226.365
71.4415
67.6749
55.5107
50.1387
46.9278
44.2727
40.8766
35.2576
22.723
226.365
71.4415
67.7366
55.5724
50.1387
46.9278
44.2727
41.0001
35.2576
22.723
229.391
86.446
69.3421
57.2396
55.9429
55.3872
54.5845
52.7321
48.7185
37.7275
234.948
99.1659
69.9595
62.9821
63.6613
63.7231
63.9083
63.5996
62.3646
57.6718
245.568
126.396
85.1493
76.69
75.8873
74.4671
73.7879
73.6026
74.0966
74.4053
259.338
181.969
122.198
102.377
97.7458
92.8677
90.8301
90.3978
90.0891
89.9039
)
;
    }
}


// ************************************************************************* //
