/*--------------------------------*- C++ -*----------------------------------*\
| =========                 |                                                 |
| \\      /  F ield         | OpenFOAM: The Open Source CFD Toolbox           |
|  \\    /   O peration     | Version:  2412                                  |
|   \\  /    A nd           | Website:  www.openfoam.com                      |
|    \\/     M anipulation  |                                                 |
\*---------------------------------------------------------------------------*/
FoamFile
{
    version     2.0;
    format      ascii;
    arch        "LSB;label=32;scalar=64";
    class       volScalarField;
    location    "4.9/fluid";
    object      wallHeatFlux;
}
// * * * * * * * * * * * * * * * * * * * * * * * * * * * * * * * * * * * * * //

dimensions      [1 0 -3 0 0 0 0];

internalField   uniform 0;

boundaryField
{
    inlet
    {
        type            calculated;
        value           uniform 0;
    }
    outlet
    {
        type            calculated;
        value           uniform 0;
    }
    walls
    {
        type            calculated;
        value           uniform 0;
    }
    fluid_to_solid
    {
        type            calculated;
        value           nonuniform List<scalar> 
500
(
1798.89
1512.22
1387.11
1314.49
1278.83
1280.49
1317.27
1390.14
1515.31
1804.7
2397.32
2099.34
1853.4
1721.5
1664.82
1666.8
1725.89
1857.97
2103.85
2402.14
2637.69
2408.26
2214.12
2110.46
2064.42
2066.76
2113.37
2216.9
2410.79
2640.47
2659.08
2453.94
2285.01
2198.73
2161.33
2163
2200.58
2286.68
2455.6
2661.06
2630.09
2431
2269.93
2189.89
2155.21
2156.57
2191.25
2271.11
2432.18
2631.57
2581.69
2380.07
2216.9
2136.98
2102.24
2103.42
2138.09
2217.76
2380.88
2582.99
2546.34
2346.39
2182.9
2104.34
2070.35
2071.34
2105.15
2183.52
2347.01
2547.51
2549.99
2363.94
2210.1
2137.91
2107.31
2107.93
2138.22
2210.1
2364.07
2550.85
2614.52
2459.56
2329.14
2268.76
2243.41
2243.54
2268.14
2328.15
2458.76
2614.52
2714.09
2601.54
2504.87
2461.6
2444.05
2443.61
2460.12
2502.89
2599.8
2713.29
1752.38
892.998
718.417
542.348
619.808
636.367
686.912
745.519
815.103
893.556
2220.49
856.717
583.218
452.36
483.493
504.827
558.349
623.095
687.594
771.132
2422.3
971.823
563.62
446.53
466.624
476.237
521.634
572.179
634.073
806.793
2444.63
965.931
563.124
469.353
478.655
467.182
510.222
550.534
625.948
890.207
2421.87
949.434
582.846
496.02
510.347
492.051
528.952
555.682
627.685
900.812
2381.06
932.441
583.714
498.253
509.478
487.958
519.215
543.278
606.537
856.159
2351.04
944.411
566.907
476.609
478.159
459.988
486.842
517.727
577.76
793.025
2350.86
1005.5
535.154
434.933
424.452
416.575
444.421
494.47
568.209
746.449
2396.07
1210.16
595.745
477.415
438.468
439.956
459.554
495.09
573.357
756.434
2484.63
1706.74
988.94
694.292
682.447
651.5
627.002
641.267
705.641
875.385
698.977
589.793
561.695
538.897
519.427
498.477
475.371
454.113
460.644
563.421
943.841
796.824
740.691
717.77
692.199
664.04
628.919
591.764
584.555
680.554
1213.72
1068
1015.13
1006.87
987.219
960.97
916.729
863.061
840.818
936.2
1386.43
1248.66
1202.44
1206.63
1196.96
1175.7
1132.76
1072.06
1036.02
1119.76
1433.32
1291.17
1228.51
1211.5
1177.92
1141.88
1088.58
1025.17
997.139
1094.43
1395.98
1244.22
1159.5
1117.91
1071.94
1024.31
962.757
900.647
886.537
1000.16
1345.52
1191.85
1085.68
1023.14
966.824
905.084
834.163
772.978
768.48
889.372
1295.24
1150.26
1025.17
955.609
891.651
818.882
741.246
679.691
675.378
787.766
1259.32
1138.67
1020.55
960.046
894.363
816.11
733.359
665.519
645.802
725.78
1277.37
1203.43
1131.52
1087.78
1030.17
953.946
867.683
787.273
736.994
761.086
1743.45
885.37
709.549
536.828
609.141
626.506
675.439
732.185
811.134
945.155
2212.62
850.454
583.776
461.104
499.679
527.898
591.466
667.81
761.334
938.457
2417.28
979.761
589.296
491.679
527.029
546.131
608.707
677.051
778.078
1057.28
2441.09
986.831
608.645
538.751
570.442
572.179
626.258
674.508
791.164
1162.53
2419.01
978.893
642.383
579.621
615.777
609.761
655.841
688.896
819.444
1214.25
2378.45
966.737
657.081
597.482
632.088
621.173
663.345
694.044
827.507
1212.89
2348.31
979.575
659.066
610.01
637.98
625.142
674.012
716.495
834.267
1200.42
2348.07
1031.67
640.895
596.242
616.832
626.01
672.338
728.898
838.67
1187.46
2393.15
1188.95
642.135
604.056
605.42
640.646
683.749
764.559
909.247
1190.99
2481.65
1667.05
837.926
710.417
713.022
689.145
760.465
872.036
991.545
1247.43
2468.1
1686.69
1064.58
865.819
810.555
762.639
778.446
847.356
984.744
1237.72
2361.33
1143
674.649
568.63
557.453
548.685
573.261
648.839
813.334
1115.83
2285.2
878.045
480.084
403.826
421.857
446.741
496.2
585.61
743.004
1024.69
2248.28
783.51
482.739
374.311
382.277
415.867
471.378
555.23
690.333
968.319
2232.04
758.132
547.944
438.281
412.595
425.747
465.635
530.47
643.714
910.338
2229.69
753.192
611.853
518.923
483.295
477.306
485.518
518.306
597.404
845.257
2243.46
804.319
632.908
550.352
523.986
520.652
518.059
530.038
565.974
783.077
2277.91
856.248
590.365
516.33
531.643
530.964
533.495
555.169
583.202
745.659
2352.57
1022.35
556.404
490.458
500.646
506.697
536.459
575.607
627.598
765.541
2459.51
1585.23
754.18
642.109
623.955
581.288
602.22
665.264
757.082
910.894
)
;
    }
}


// ************************************************************************* //
