/*--------------------------------*- C++ -*----------------------------------*\
| =========                 |                                                 |
| \\      /  F ield         | OpenFOAM: The Open Source CFD Toolbox           |
|  \\    /   O peration     | Version:  2412                                  |
|   \\  /    A nd           | Website:  www.openfoam.com                      |
|    \\/     M anipulation  |                                                 |
\*---------------------------------------------------------------------------*/
FoamFile
{
    version     2.0;
    format      ascii;
    arch        "LSB;label=32;scalar=64";
    class       volScalarField;
    location    "2.1/fluid";
    object      wallHeatFlux;
}
// * * * * * * * * * * * * * * * * * * * * * * * * * * * * * * * * * * * * * //

dimensions      [1 0 -3 0 0 0 0];

internalField   uniform 0;

boundaryField
{
    inlet
    {
        type            calculated;
        value           uniform 0;
    }
    outlet
    {
        type            calculated;
        value           uniform 0;
    }
    walls
    {
        type            calculated;
        value           uniform 0;
    }
    fluid_to_solid
    {
        type            calculated;
        value           nonuniform List<scalar> 
500
(
1826.7
1561.6
1447.13
1380.01
1346.82
1346.82
1380.07
1447.13
1561.6
1826.76
2252.56
1991.98
1777.38
1662.47
1612.41
1612.35
1662.47
1777.31
1991.98
2252.56
2317.15
2126.23
1965.4
1879.92
1842.65
1842.71
1879.92
1965.4
2126.29
2317.15
2191.68
2028.38
1894.32
1826.33
1797.53
1797.53
1826.33
1894.38
2028.51
2191.68
2036.91
1885.11
1762.6
1702.03
1676.32
1676.38
1702.03
1762.6
1885.23
2036.91
1890.12
1744.43
1626.75
1569.45
1545.16
1545.16
1569.51
1626.75
1744.49
1890.12
1768.41
1629.28
1515.55
1461.04
1437.92
1437.92
1460.98
1515.55
1629.22
1768.41
1696.04
1570.25
1466.04
1417.15
1396.82
1396.82
1417.09
1465.92
1570.13
1695.85
1687.51
1584.78
1497.88
1457.58
1441.01
1440.95
1457.51
1497.88
1584.66
1687.32
1725.95
1651.97
1587.99
1559.25
1548
1548
1559.25
1588.06
1651.9
1725.83
1762.12
908.688
733.301
556.984
638.414
666.384
734.666
813.429
896.471
971.017
2079.84
805.614
535.588
408.637
444.421
477.973
551.464
643.499
741.302
885.99
2126.66
853.802
480.95
372.356
396.853
417.443
480.082
560.581
664.958
943.233
2014.16
792.095
452.98
371.426
385.07
385.38
436.979
498.935
607.777
945.837
1874.5
728.03
446.282
378.186
394.435
385.442
426.436
468.112
570.318
886.548
1741.9
673.206
432.39
374.589
391.644
382.279
416.637
446.716
531.681
806.297
1630.33
644.678
415.459
370.93
385.628
378
410.187
438.716
497.881
724.309
1560.62
652.554
390.094
351.208
361.503
367.953
395.241
429.041
478.283
649.267
1543.88
747.876
393.877
355.86
354.371
375.209
394.869
427.676
492.981
601.823
1578.67
1062.56
558.597
427.738
440.018
413.102
427.987
481.198
537.014
629.049
718.694
689.919
710.006
723.993
725.842
726.026
724.548
710.684
690.289
718.571
1044.46
985.617
1005.58
1030.84
1038.05
1038.55
1032.01
1006.87
986.356
1044.65
1290.68
1233.5
1242.87
1242.31
1211.01
1211.44
1243.6
1244.28
1234.42
1290.99
1265.11
1194.87
1168.19
1112.73
1026.47
1027.02
1114.58
1170.22
1196.1
1265.54
1134.54
1050.93
1002.62
917.469
803.91
804.649
919.81
1005.09
1052.35
1134.97
998.31
907.487
843.406
739.212
612.899
613.761
741.924
846.24
908.966
998.741
866.266
773.656
702.304
592.134
469.702
470.503
594.783
705.077
775.073
866.574
742.416
655.784
588.868
486.893
386.458
387.259
489.111
591.21
656.831
742.416
633.663
566.378
520.043
440.003
349.673
350.474
441.667
521.768
566.871
633.232
581.721
550.173
539.637
488.557
409.749
410.365
489.789
540.746
550.112
580.735
1762.12
908.75
733.301
556.984
638.414
666.322
734.542
813.305
896.347
971.141
2079.84
805.676
535.65
408.699
444.545
478.035
551.464
643.499
741.426
886.362
2126.66
853.865
481.074
372.604
397.102
417.754
480.33
560.829
665.268
943.915
2014.22
792.281
453.166
371.798
385.504
385.752
437.413
499.307
608.397
946.581
1874.5
728.154
446.592
378.62
394.931
386
426.932
468.608
571.062
887.354
1741.9
673.392
432.638
374.899
392.202
382.837
417.195
447.212
532.363
807.041
1630.45
644.864
415.769
371.364
386.186
378.62
410.746
439.212
498.563
725.115
1560.81
652.74
390.404
351.704
362.123
368.573
395.861
429.537
478.903
650.259
1544
747.876
394.063
356.294
355.053
376.015
395.737
428.545
493.85
602.753
1578.79
1062.49
558.038
427.801
440.452
413.66
429.041
482.252
537.759
630.165
1570.91
1051.18
620.312
521.702
508.488
479.899
473.107
495.397
541.152
640.874
1501.75
689.901
389.995
329.668
331.644
330.841
338.93
367.457
430.872
550.538
1452.11
536.274
317.133
254.337
258.906
271.132
291.57
325.161
386.846
484.653
1427.9
478.294
339.177
272.12
261.623
260.882
274.404
300.276
334.855
430.316
1417.04
429.637
364.74
304.66
281.011
269.835
270.329
276.442
286.63
365.42
1416.97
429.39
365.049
304.969
281.197
269.835
270.206
276.195
286.198
365.173
1427.9
478.294
339.98
273.046
262.302
261.437
274.651
300.276
334.423
430.007
1452.11
536.212
317.566
254.398
258.844
270.947
291.323
324.852
386.29
483.912
1501.63
689.407
389.378
328.989
331.027
330.224
338.313
366.963
430.378
549.55
1570.79
1050.81
619.015
521.084
507.994
479.467
472.428
494.718
540.535
640.071
)
;
    }
}


// ************************************************************************* //
