/*--------------------------------*- C++ -*----------------------------------*\
| =========                 |                                                 |
| \\      /  F ield         | OpenFOAM: The Open Source CFD Toolbox           |
|  \\    /   O peration     | Version:  2412                                  |
|   \\  /    A nd           | Website:  www.openfoam.com                      |
|    \\/     M anipulation  |                                                 |
\*---------------------------------------------------------------------------*/
FoamFile
{
    version     2.0;
    format      ascii;
    arch        "LSB;label=32;scalar=64";
    class       volScalarField;
    location    "4.2/solid";
    object      T;
}
// * * * * * * * * * * * * * * * * * * * * * * * * * * * * * * * * * * * * * //

dimensions      [0 0 0 1 0 0 0];

internalField   nonuniform List<scalar> 
1000
(
352.283
352.293
352.298
352.301
352.303
352.303
352.303
352.302
352.301
352.298
352.29
352.297
352.301
352.303
352.305
352.305
352.305
352.305
352.303
352.301
352.293
352.299
352.302
352.304
352.306
352.306
352.306
352.306
352.305
352.302
352.294
352.3
352.303
352.305
352.306
352.307
352.307
352.306
352.305
352.302
352.295
352.3
352.303
352.305
352.306
352.307
352.307
352.307
352.305
352.302
352.295
352.3
352.303
352.305
352.306
352.307
352.307
352.306
352.305
352.302
352.294
352.3
352.303
352.305
352.306
352.307
352.307
352.306
352.305
352.302
352.293
352.299
352.302
352.304
352.306
352.306
352.306
352.306
352.304
352.301
352.29
352.297
352.301
352.303
352.305
352.305
352.305
352.305
352.303
352.3
352.283
352.293
352.298
352.301
352.302
352.303
352.303
352.302
352.3
352.297
350.885
350.905
350.917
350.925
350.929
350.931
350.931
350.929
350.926
350.92
350.897
350.912
350.922
350.928
350.932
350.934
350.935
350.933
350.93
350.924
350.904
350.916
350.925
350.93
350.934
350.936
350.937
350.935
350.932
350.926
350.907
350.919
350.927
350.932
350.935
350.937
350.938
350.937
350.933
350.927
350.909
350.92
350.928
350.933
350.936
350.938
350.938
350.937
350.934
350.927
350.909
350.92
350.928
350.933
350.936
350.938
350.938
350.937
350.934
350.927
350.907
350.919
350.927
350.932
350.935
350.937
350.938
350.936
350.933
350.927
350.904
350.916
350.925
350.931
350.934
350.936
350.936
350.935
350.931
350.925
350.897
350.912
350.922
350.928
350.932
350.934
350.934
350.933
350.929
350.922
350.885
350.905
350.917
350.925
350.929
350.931
350.931
350.928
350.924
350.917
349.55
349.574
349.591
349.602
349.608
349.612
349.612
349.61
349.605
349.597
349.564
349.582
349.596
349.606
349.612
349.615
349.616
349.614
349.61
349.602
349.572
349.588
349.6
349.609
349.615
349.618
349.619
349.617
349.613
349.605
349.577
349.592
349.603
349.611
349.616
349.619
349.62
349.619
349.615
349.606
349.579
349.594
349.604
349.612
349.617
349.62
349.621
349.62
349.615
349.607
349.579
349.594
349.604
349.612
349.617
349.62
349.621
349.62
349.615
349.607
349.577
349.592
349.603
349.611
349.616
349.619
349.62
349.619
349.614
349.606
349.572
349.588
349.6
349.609
349.615
349.618
349.618
349.616
349.612
349.603
349.564
349.582
349.596
349.606
349.612
349.615
349.616
349.613
349.608
349.6
349.55
349.574
349.591
349.602
349.608
349.611
349.612
349.609
349.603
349.593
348.306
348.332
348.351
348.365
348.373
348.377
348.378
348.376
348.371
348.361
348.32
348.341
348.357
348.369
348.376
348.381
348.382
348.381
348.375
348.367
348.329
348.347
348.361
348.372
348.379
348.383
348.385
348.383
348.379
348.37
348.335
348.352
348.365
348.375
348.381
348.385
348.387
348.386
348.381
348.372
348.337
348.354
348.366
348.376
348.382
348.386
348.388
348.386
348.382
348.373
348.337
348.354
348.366
348.376
348.382
348.386
348.388
348.386
348.382
348.373
348.335
348.352
348.365
348.375
348.381
348.385
348.387
348.385
348.38
348.372
348.33
348.348
348.362
348.372
348.379
348.383
348.385
348.383
348.378
348.369
348.321
348.341
348.357
348.369
348.376
348.38
348.382
348.379
348.374
348.364
348.306
348.332
348.351
348.364
348.372
348.376
348.377
348.375
348.368
348.357
347.18
347.207
347.227
347.242
347.251
347.257
347.259
347.257
347.251
347.242
347.194
347.215
347.233
347.246
347.255
347.26
347.263
347.261
347.256
347.248
347.203
347.222
347.238
347.25
347.258
347.263
347.266
347.264
347.26
347.252
347.209
347.227
347.241
347.252
347.26
347.265
347.268
347.267
347.262
347.254
347.212
347.229
347.243
347.254
347.261
347.266
347.269
347.268
347.263
347.255
347.212
347.229
347.243
347.254
347.261
347.266
347.269
347.267
347.263
347.255
347.21
347.227
347.242
347.253
347.261
347.265
347.267
347.266
347.262
347.254
347.204
347.223
347.238
347.25
347.258
347.263
347.265
347.264
347.259
347.25
347.195
347.216
347.233
347.246
347.255
347.26
347.262
347.26
347.254
347.245
347.18
347.207
347.227
347.241
347.25
347.256
347.257
347.255
347.249
347.238
346.198
346.224
346.245
346.261
346.271
346.278
346.281
346.279
346.275
346.266
346.212
346.233
346.251
346.266
346.276
346.282
346.285
346.284
346.28
346.272
346.221
346.24
346.256
346.27
346.279
346.285
346.288
346.287
346.284
346.276
346.227
346.245
346.26
346.272
346.281
346.287
346.29
346.29
346.286
346.279
346.23
346.247
346.262
346.274
346.282
346.288
346.291
346.29
346.287
346.28
346.23
346.247
346.262
346.274
346.282
346.288
346.291
346.291
346.287
346.279
346.227
346.245
346.261
346.273
346.281
346.287
346.29
346.289
346.285
346.278
346.222
346.241
346.257
346.27
346.279
346.285
346.287
346.286
346.282
346.275
346.212
346.234
346.252
346.266
346.275
346.281
346.284
346.283
346.278
346.27
346.198
346.225
346.246
346.261
346.271
346.277
346.28
346.278
346.272
346.262
345.38
345.407
345.429
345.446
345.457
345.465
345.468
345.467
345.463
345.456
345.395
345.417
345.435
345.451
345.462
345.469
345.472
345.472
345.468
345.462
345.404
345.424
345.44
345.455
345.465
345.472
345.475
345.475
345.472
345.466
345.41
345.428
345.444
345.458
345.468
345.474
345.478
345.478
345.475
345.469
345.412
345.43
345.446
345.459
345.469
345.475
345.479
345.479
345.476
345.469
345.412
345.43
345.446
345.459
345.468
345.475
345.479
345.479
345.476
345.469
345.41
345.428
345.444
345.458
345.467
345.474
345.478
345.478
345.474
345.468
345.404
345.424
345.441
345.455
345.465
345.472
345.475
345.475
345.471
345.464
345.395
345.417
345.436
345.45
345.461
345.468
345.471
345.471
345.467
345.459
345.38
345.407
345.429
345.445
345.456
345.464
345.467
345.466
345.461
345.452
344.746
344.774
344.797
344.815
344.827
344.836
344.84
344.839
344.836
344.829
344.761
344.783
344.803
344.82
344.832
344.84
344.844
344.844
344.841
344.835
344.77
344.791
344.809
344.824
344.836
344.843
344.847
344.847
344.845
344.84
344.776
344.795
344.813
344.828
344.838
344.846
344.85
344.85
344.848
344.842
344.779
344.797
344.814
344.829
344.839
344.846
344.85
344.851
344.849
344.843
344.778
344.797
344.814
344.829
344.839
344.846
344.851
344.851
344.848
344.843
344.776
344.795
344.813
344.827
344.838
344.845
344.85
344.85
344.847
344.841
344.77
344.79
344.809
344.824
344.835
344.843
344.847
344.847
344.843
344.838
344.76
344.783
344.803
344.819
344.831
344.839
344.843
344.843
344.839
344.833
344.745
344.773
344.796
344.814
344.826
344.834
344.838
344.838
344.834
344.825
344.309
344.338
344.363
344.383
344.397
344.406
344.41
344.41
344.407
344.401
344.324
344.348
344.37
344.388
344.402
344.41
344.415
344.415
344.412
344.407
344.334
344.356
344.376
344.393
344.406
344.414
344.418
344.419
344.417
344.411
344.34
344.362
344.381
344.397
344.408
344.416
344.421
344.421
344.419
344.414
344.343
344.364
344.383
344.398
344.41
344.417
344.422
344.422
344.42
344.415
344.342
344.364
344.383
344.398
344.41
344.417
344.422
344.423
344.42
344.415
344.34
344.362
344.381
344.397
344.409
344.416
344.421
344.421
344.418
344.413
344.333
344.356
344.377
344.394
344.406
344.413
344.417
344.418
344.415
344.409
344.323
344.348
344.371
344.389
344.401
344.409
344.414
344.414
344.411
344.404
344.308
344.337
344.363
344.383
344.396
344.404
344.409
344.409
344.404
344.397
344.077
344.109
344.139
344.16
344.175
344.185
344.19
344.19
344.186
344.18
344.093
344.122
344.147
344.167
344.181
344.19
344.195
344.195
344.192
344.187
344.104
344.131
344.154
344.173
344.186
344.194
344.199
344.199
344.197
344.192
344.111
344.137
344.159
344.176
344.189
344.197
344.201
344.202
344.2
344.194
344.113
344.14
344.161
344.178
344.19
344.198
344.202
344.203
344.201
344.195
344.113
344.14
344.161
344.178
344.19
344.198
344.203
344.203
344.201
344.194
344.111
344.138
344.16
344.177
344.189
344.197
344.201
344.202
344.198
344.192
344.104
344.132
344.156
344.174
344.186
344.194
344.198
344.198
344.195
344.188
344.093
344.122
344.148
344.167
344.181
344.189
344.194
344.194
344.19
344.183
344.077
344.109
344.139
344.16
344.174
344.183
344.188
344.188
344.183
344.175
)
;

boundaryField
{
    bodyBottom
    {
        type            fixedValue;
        value           uniform 353;
    }
    solid_to_fluid
    {
        type            compressible::turbulentTemperatureCoupledBaffleMixed;
        refValue        nonuniform List<scalar> 
500
(
323.025
327.66
329.667
330.834
331.421
331.436
330.859
329.693
327.686
323.066
312.327
317.085
321.004
323.106
324.042
324.059
323.142
321.04
317.118
312.361
307.512
311.158
314.233
315.874
316.604
316.623
315.897
314.254
311.176
307.53
306.252
309.499
312.167
313.527
314.114
314.127
313.541
312.179
309.508
306.263
305.874
309.012
311.545
312.801
313.342
313.352
312.81
311.552
309.017
305.882
305.891
309.052
311.604
312.851
313.388
313.396
312.857
311.608
309.055
305.896
305.834
308.958
311.506
312.728
313.251
313.258
312.732
311.507
308.959
305.838
305.31
308.212
310.604
311.724
312.192
312.195
311.723
310.601
308.208
305.311
303.995
306.414
308.443
309.379
309.761
309.759
309.368
308.428
306.401
303.988
302.294
304.059
305.567
306.238
306.497
306.49
306.22
305.543
304.037
302.28
324.05
337.857
340.682
343.498
342.203
341.754
340.692
339.478
338.169
336.929
315.413
337.115
341.483
343.528
342.896
342.321
341.126
339.668
338.142
335.986
311.138
333.949
340.378
342.122
341.611
341.217
340.11
338.781
337.154
332.776
309.816
332.829
339.058
340.362
340.005
339.994
339.021
337.966
336.209
330.377
309.307
332.031
337.58
338.739
338.333
338.522
337.694
336.965
335.226
329.461
309.182
331.394
336.477
337.568
337.163
337.405
336.671
336.098
334.529
329.199
309.028
330.466
335.673
336.619
336.273
336.483
335.776
335.174
333.928
329.24
308.55
329.068
335.298
336.172
335.945
335.838
335.225
334.466
333.322
329.414
307.519
326.139
334.675
335.461
335.519
335.051
334.547
333.627
332.082
329.358
305.976
318.424
331.081
333.43
333.336
333.924
333.116
331.773
330.546
327.962
342.076
341.962
340.994
340.208
339.947
340.299
340.867
341.455
341.877
341.226
335.623
335.72
333.93
332.343
331.948
332.956
334.232
335.396
335.899
334.579
328.967
328.793
326.811
325.395
325.397
326.522
327.681
328.719
329.137
327.806
326.538
326.605
325.033
324.2
324.851
326.044
326.806
327.237
327.009
325.286
326.503
326.956
325.727
325.199
326.131
327.393
328.102
328.276
327.605
325.443
326.717
327.482
326.559
326.237
327.317
328.665
329.415
329.469
328.494
326.038
327.329
328.313
327.643
327.441
328.531
329.907
330.697
330.705
329.552
326.936
328.565
329.552
328.965
328.746
329.697
330.998
331.767
331.773
330.59
327.988
330.356
330.915
330.08
329.651
330.315
331.432
332.138
332.222
331.242
328.952
331.444
331.046
329.611
328.835
329.166
330.051
330.709
330.985
330.474
328.917
323.99
337.826
340.641
343.465
342.144
341.705
340.631
339.398
338.161
337.344
315.363
337.119
341.537
343.638
343.076
342.547
341.403
339.982
338.607
337.039
311.109
334.074
340.642
342.534
342.136
341.816
340.826
339.569
338.152
334.777
309.798
333.06
339.508
341.032
340.821
340.844
339.984
339.011
337.582
332.807
309.295
332.334
338.145
339.522
339.281
339.518
338.791
338.142
336.864
331.854
309.172
331.716
337.104
338.406
338.167
338.452
337.815
337.295
336.118
331.315
309.017
330.763
336.362
337.587
337.416
337.641
337.05
336.476
335.456
331.16
308.538
329.303
336.081
337.367
337.37
337.395
336.878
336.1
335.014
331.518
307.507
326.026
335.152
336.691
337.219
337.056
336.666
336.045
334.468
331.673
305.963
318.141
329.867
333.919
334.353
334.963
335.446
334.762
332.947
330.247
306.133
319.349
331.466
333.107
333.253
333.809
334.137
333.796
332.4
329.968
307.803
328.213
335.87
337.369
337.277
337.142
336.804
335.929
334.676
332.608
308.978
331.226
336.115
337.553
337.51
337.402
337.089
336.466
335.749
333.201
309.533
332.249
335.315
336.695
337.149
337.199
337.169
336.959
336.562
333.305
309.762
333.127
335.286
336.718
337.294
337.46
337.437
337.242
336.792
333.356
309.728
332.89
335.901
337.477
338
337.959
337.634
337.016
336.202
333.153
309.474
332.317
336.77
338.514
338.47
338.097
337.496
336.603
335.198
332.596
308.896
330.831
336.857
338.094
337.867
337.555
336.99
336.008
334.218
331.478
307.707
326.793
334.09
335.669
335.786
335.924
335.703
334.931
333.145
329.967
306.041
318.318
328.219
331.062
331.73
332.51
332.468
331.799
330.454
327.863
)
;
        refGradient     uniform 0;
        valueFraction   nonuniform List<scalar> 
500
(
0.000301416
0.000301416
0.000301416
0.000301416
0.000301416
0.000301416
0.000301416
0.000301416
0.000301416
0.000301416
0.000301416
0.000301416
0.000301416
0.000301416
0.000301416
0.000301416
0.000301416
0.000301416
0.000301416
0.000301416
0.000301416
0.000301416
0.000301416
0.000301416
0.000301416
0.000301416
0.000301416
0.000301416
0.000301416
0.000301416
0.000301416
0.000301416
0.000301416
0.000301416
0.000301416
0.000301416
0.000301416
0.000301416
0.000301416
0.000301416
0.000301416
0.000301416
0.000301416
0.000301416
0.000301416
0.000301416
0.000301416
0.000301416
0.000301416
0.000301416
0.000301416
0.000301416
0.000301416
0.000301416
0.000301416
0.000301416
0.000301416
0.000301416
0.000301416
0.000301416
0.000301416
0.000301416
0.000301416
0.000301416
0.000301416
0.000301416
0.000301416
0.000301416
0.000301416
0.000301416
0.000301416
0.000301416
0.000301416
0.000301416
0.000301416
0.000301416
0.000301416
0.000301416
0.000301416
0.000301416
0.000301416
0.000301416
0.000301416
0.000301416
0.000301416
0.000301416
0.000301416
0.000301416
0.000301416
0.000301416
0.000301416
0.000301416
0.000301416
0.000301416
0.000301416
0.000301416
0.000301416
0.000301416
0.000301416
0.000301416
0.000302436
0.000302436
0.000302436
0.000302436
0.000302436
0.000302436
0.000302436
0.000302436
0.000302436
0.000302436
0.000302436
0.000302436
0.000302436
0.000302436
0.000302436
0.000302436
0.000302436
0.000302436
0.000302436
0.000302436
0.000302436
0.000302436
0.000302436
0.000302436
0.000302436
0.000302436
0.000302436
0.000302436
0.000302436
0.000302436
0.000302436
0.000302436
0.000302436
0.000302436
0.000302436
0.000302436
0.000302436
0.000302436
0.000302436
0.000302436
0.000302436
0.000302436
0.000302436
0.000302436
0.000302436
0.000302436
0.000302436
0.000302436
0.000302436
0.000302436
0.000302436
0.000302436
0.000302436
0.000302436
0.000302436
0.000302436
0.000302436
0.000302436
0.000302436
0.000302436
0.000302436
0.000302436
0.000302436
0.000302436
0.000302436
0.000302436
0.000302436
0.000302436
0.000302436
0.000302436
0.000302436
0.000302436
0.000302436
0.000302436
0.000302436
0.000302436
0.000302436
0.000302436
0.000302436
0.000302436
0.000302436
0.000302436
0.000302436
0.000302436
0.000302436
0.000302436
0.000302436
0.000302436
0.000302436
0.000302436
0.000302436
0.000302436
0.000302436
0.000302436
0.000302436
0.000302436
0.000302436
0.000302436
0.000302436
0.000302436
0.000300478
0.000300478
0.000300478
0.000300478
0.000300478
0.000300478
0.000300478
0.000300478
0.000300478
0.000300478
0.000300478
0.000300478
0.000300478
0.000300478
0.000300478
0.000300478
0.000300478
0.000300478
0.000300478
0.000300478
0.000300478
0.000300478
0.000300478
0.000300478
0.000300478
0.000300478
0.000300478
0.000300478
0.000300478
0.000300478
0.000300478
0.000300478
0.000300478
0.000300478
0.000300478
0.000300478
0.000300478
0.000300478
0.000300478
0.000300478
0.000300478
0.000300478
0.000300478
0.000300478
0.000300478
0.000300478
0.000300478
0.000300478
0.000300478
0.000300478
0.000300478
0.000300478
0.000300478
0.000300478
0.000300478
0.000300478
0.000300478
0.000300478
0.000300478
0.000300478
0.000300478
0.000300478
0.000300478
0.000300478
0.000300478
0.000300478
0.000300478
0.000300478
0.000300478
0.000300478
0.000300478
0.000300478
0.000300478
0.000300478
0.000300478
0.000300478
0.000300478
0.000300478
0.000300478
0.000300478
0.000300478
0.000300478
0.000300478
0.000300478
0.000300478
0.000300478
0.000300478
0.000300478
0.000300478
0.000300478
0.000300478
0.000300478
0.000300478
0.000300478
0.000300478
0.000300478
0.000300478
0.000300478
0.000300478
0.000300478
0.000302436
0.000302436
0.000302436
0.000302436
0.000302436
0.000302436
0.000302436
0.000302436
0.000302436
0.000302436
0.000302436
0.000302436
0.000302436
0.000302436
0.000302436
0.000302436
0.000302436
0.000302436
0.000302436
0.000302436
0.000302436
0.000302436
0.000302436
0.000302436
0.000302436
0.000302436
0.000302436
0.000302436
0.000302436
0.000302436
0.000302436
0.000302436
0.000302436
0.000302436
0.000302436
0.000302436
0.000302436
0.000302436
0.000302436
0.000302436
0.000302436
0.000302436
0.000302436
0.000302436
0.000302436
0.000302436
0.000302436
0.000302436
0.000302436
0.000302436
0.000302436
0.000302436
0.000302436
0.000302436
0.000302436
0.000302436
0.000302436
0.000302436
0.000302436
0.000302436
0.000302436
0.000302436
0.000302436
0.000302436
0.000302436
0.000302436
0.000302436
0.000302436
0.000302436
0.000302436
0.000302436
0.000302436
0.000302436
0.000302436
0.000302436
0.000302436
0.000302436
0.000302436
0.000302436
0.000302436
0.000302436
0.000302436
0.000302436
0.000302436
0.000302436
0.000302436
0.000302436
0.000302436
0.000302436
0.000302436
0.000302436
0.000302436
0.000302436
0.000302436
0.000302436
0.000302436
0.000302436
0.000302436
0.000302436
0.000302436
0.000301115
0.000301115
0.000301115
0.000301115
0.000301115
0.000301115
0.000301115
0.000301115
0.000301115
0.000301115
0.000301115
0.000301115
0.000301115
0.000301115
0.000301115
0.000301115
0.000301115
0.000301115
0.000301115
0.000301115
0.000301115
0.000301115
0.000301115
0.000301115
0.000301115
0.000301115
0.000301115
0.000301115
0.000301115
0.000301115
0.000301115
0.000301115
0.000301115
0.000301115
0.000301115
0.000301115
0.000301115
0.000301115
0.000301115
0.000301115
0.000301115
0.000301115
0.000301115
0.000301115
0.000301115
0.000301115
0.000301115
0.000301115
0.000301115
0.000301115
0.000301115
0.000301115
0.000301115
0.000301115
0.000301115
0.000301115
0.000301115
0.000301115
0.000301115
0.000301115
0.000301115
0.000301115
0.000301115
0.000301115
0.000301115
0.000301115
0.000301115
0.000301115
0.000301115
0.000301115
0.000301115
0.000301115
0.000301115
0.000301115
0.000301115
0.000301115
0.000301115
0.000301115
0.000301115
0.000301115
0.000301115
0.000301115
0.000301115
0.000301115
0.000301115
0.000301115
0.000301115
0.000301115
0.000301115
0.000301115
0.000301115
0.000301115
0.000301115
0.000301115
0.000301115
0.000301115
0.000301115
0.000301115
0.000301115
0.000301115
)
;
        source          uniform 0;
        Tnbr            T;
        kappaMethod     solidThermo;
        value           nonuniform List<scalar> 
500
(
352.274
352.282
352.286
352.288
352.289
352.288
352.288
352.286
352.282
352.275
350.874
350.886
350.894
350.899
350.901
350.901
350.899
350.894
350.886
350.874
349.537
349.552
349.561
349.566
349.569
349.569
349.567
349.561
349.552
349.537
348.293
348.308
348.318
348.324
348.326
348.327
348.324
348.318
348.308
348.293
347.167
347.182
347.192
347.198
347.201
347.201
347.199
347.193
347.183
347.167
346.185
346.2
346.21
346.216
346.219
346.219
346.217
346.21
346.2
346.185
345.368
345.383
345.393
345.399
345.402
345.402
345.399
345.393
345.383
345.368
344.734
344.749
344.759
344.765
344.768
344.768
344.765
344.759
344.748
344.733
344.296
344.311
344.322
344.329
344.331
344.331
344.328
344.322
344.311
344.295
344.064
344.08
344.092
344.098
344.101
344.101
344.098
344.092
344.08
344.063
352.275
352.289
352.294
352.298
352.299
352.3
352.299
352.298
352.296
352.292
350.874
350.9
350.914
350.922
350.926
350.928
350.927
350.925
350.92
350.912
349.538
349.569
349.588
349.599
349.605
349.608
349.608
349.605
349.599
349.588
348.294
348.327
348.348
348.361
348.369
348.373
348.374
348.371
348.364
348.351
347.168
347.202
347.224
347.238
347.247
347.253
347.254
347.251
347.244
347.232
346.186
346.219
346.242
346.257
346.267
346.274
346.276
346.274
346.268
346.256
345.368
345.402
345.425
345.442
345.453
345.46
345.463
345.462
345.457
345.446
344.734
344.767
344.793
344.81
344.823
344.831
344.835
344.834
344.829
344.82
344.296
344.331
344.359
344.379
344.392
344.401
344.405
344.404
344.4
344.391
344.064
344.1
344.134
344.156
344.17
344.179
344.184
344.183
344.178
344.169
352.295
352.298
352.298
352.298
352.298
352.298
352.298
352.298
352.297
352.294
350.915
350.919
350.921
350.921
350.921
350.922
350.922
350.92
350.918
350.912
349.59
349.595
349.598
349.599
349.599
349.599
349.599
349.597
349.593
349.586
348.354
348.36
348.363
348.364
348.365
348.366
348.365
348.362
348.357
348.35
347.235
347.241
347.245
347.247
347.248
347.248
347.247
347.244
347.239
347.231
346.259
346.266
346.27
346.272
346.273
346.273
346.272
346.269
346.264
346.255
345.449
345.456
345.46
345.462
345.464
345.464
345.462
345.459
345.454
345.446
344.823
344.83
344.834
344.836
344.838
344.838
344.836
344.833
344.827
344.819
344.396
344.402
344.406
344.409
344.41
344.41
344.408
344.404
344.399
344.391
344.175
344.182
344.186
344.189
344.19
344.189
344.187
344.183
344.178
344.169
352.275
352.289
352.294
352.298
352.299
352.3
352.299
352.298
352.296
352.293
350.874
350.9
350.914
350.922
350.926
350.928
350.928
350.926
350.922
350.915
349.538
349.569
349.588
349.6
349.606
349.609
349.609
349.607
349.601
349.592
348.294
348.327
348.348
348.362
348.37
348.374
348.375
348.373
348.367
348.356
347.168
347.202
347.224
347.239
347.248
347.254
347.255
347.253
347.248
347.237
346.186
346.219
346.242
346.258
346.268
346.275
346.277
346.276
346.271
346.261
345.369
345.402
345.426
345.442
345.454
345.461
345.465
345.464
345.459
345.45
344.734
344.768
344.793
344.812
344.824
344.832
344.836
344.836
344.832
344.824
344.297
344.331
344.36
344.38
344.394
344.402
344.407
344.407
344.403
344.396
344.065
344.1
344.133
344.156
344.171
344.181
344.186
344.186
344.182
344.175
344.065
344.101
344.134
344.156
344.171
344.181
344.186
344.186
344.182
344.175
344.081
344.117
344.144
344.164
344.178
344.187
344.192
344.192
344.189
344.183
344.093
344.127
344.151
344.17
344.183
344.191
344.196
344.196
344.194
344.187
344.099
344.133
344.155
344.173
344.186
344.194
344.198
344.199
344.197
344.19
344.102
344.135
344.157
344.175
344.187
344.195
344.199
344.2
344.198
344.191
344.102
344.136
344.158
344.175
344.187
344.195
344.2
344.2
344.197
344.19
344.099
344.133
344.157
344.175
344.186
344.194
344.199
344.198
344.195
344.188
344.093
344.127
344.152
344.171
344.183
344.191
344.195
344.195
344.191
344.184
344.081
344.116
344.144
344.164
344.177
344.186
344.19
344.19
344.186
344.178
344.065
344.1
344.133
344.155
344.169
344.179
344.183
344.183
344.178
344.169
)
;
    }
}


// ************************************************************************* //
