/*--------------------------------*- C++ -*----------------------------------*\
| =========                 |                                                 |
| \\      /  F ield         | OpenFOAM: The Open Source CFD Toolbox           |
|  \\    /   O peration     | Version:  2412                                  |
|   \\  /    A nd           | Website:  www.openfoam.com                      |
|    \\/     M anipulation  |                                                 |
\*---------------------------------------------------------------------------*/
FoamFile
{
    version     2.0;
    format      ascii;
    arch        "LSB;label=32;scalar=64";
    class       volScalarField;
    location    "4.2/solid";
    object      wallHeatFlux;
}
// * * * * * * * * * * * * * * * * * * * * * * * * * * * * * * * * * * * * * //

dimensions      [1 0 -3 0 0 0 0];

internalField   uniform 0;

boundaryField
{
    bodyBottom
    {
        type            calculated;
        value           nonuniform List<scalar> 
100
(
146985
145550
144935
144730
144525
144525
144730
144935
145550
146985
144935
144115
143705
143500
143500
143500
143500
143705
144115
144935
143910
143295
143090
142885
142885
142885
142885
143090
143295
143910
143295
142885
142680
142475
142475
142475
142475
142680
142885
143295
142885
142475
142270
142270
142270
142270
142270
142270
142475
143090
142885
142475
142270
142065
142065
142065
142065
142270
142475
142885
142885
142475
142270
142065
142065
142065
142065
142270
142475
142885
143090
142475
142270
142270
142065
142270
142270
142270
142475
143090
143295
142885
142475
142475
142475
142475
142475
142680
142885
143500
143910
143295
143090
143090
143090
143090
143090
143295
143500
144115
)
;
    }
    solid_to_fluid
    {
        type            calculated;
        value           nonuniform List<scalar> 
500
(
-1845
-1640
-1435
-1230
-1230
-1435
-1230
-1435
-1640
-1640
-2255
-2255
-2050
-1640
-1640
-1640
-1640
-2050
-2255
-2255
-2665
-2460
-2255
-2255
-2050
-2050
-2050
-2255
-2460
-2665
-2665
-2460
-2255
-2255
-2255
-2050
-2255
-2460
-2665
-2665
-2665
-2460
-2255
-2255
-2255
-2255
-2255
-2255
-2460
-2665
-2665
-2460
-2255
-2255
-2255
-2255
-2050
-2460
-2460
-2665
-2460
-2460
-2255
-2255
-2050
-2050
-2255
-2255
-2460
-2460
-2460
-2460
-2255
-2255
-2255
-2050
-2255
-2255
-2460
-2460
-2665
-2665
-2460
-2255
-2460
-2255
-2460
-2255
-2460
-2665
-2665
-2665
-2460
-2665
-2460
-2460
-2665
-2460
-2665
-2870
-1640
-820
-820
-615
-615
-615
-820
-820
-820
-1025
-2255
-1025
-615
-615
-615
-615
-820
-615
-820
-1025
-2460
-1025
-615
-615
-615
-615
-820
-820
-820
-1025
-2460
-1025
-615
-615
-615
-615
-615
-820
-820
-1230
-2460
-1025
-615
-615
-615
-615
-615
-820
-1025
-1230
-2460
-1230
-820
-820
-820
-615
-820
-820
-820
-1230
-2460
-1025
-820
-615
-615
-820
-820
-820
-820
-1230
-2255
-1230
-615
-820
-615
-615
-615
-820
-1025
-1025
-2460
-1230
-820
-820
-820
-615
-820
-1025
-820
-1230
-2665
-1845
-1025
-820
-820
-820
-820
-1025
-1025
-1230
-615
-615
-820
-820
-820
-820
-820
-615
-615
-615
-1025
-1025
-1025
-1230
-1230
-1025
-1025
-1025
-820
-1025
-1435
-1435
-1435
-1435
-1640
-1640
-1435
-1230
-1435
-1435
-1435
-1435
-1435
-1640
-1640
-1435
-1435
-1435
-1435
-1435
-1435
-1435
-1435
-1435
-1435
-1435
-1435
-1230
-1230
-1435
-1435
-1230
-1230
-1435
-1435
-1230
-1230
-1230
-1230
-1435
-1435
-1230
-1230
-1435
-1025
-1025
-1230
-1025
-1025
-1230
-1230
-1025
-1230
-1230
-1025
-1025
-1025
-1025
-1230
-1230
-1025
-1025
-1025
-1025
-1025
-1025
-1025
-1025
-1025
-1230
-1025
-1025
-1230
-1025
-1025
-1025
-1025
-1025
-1025
-1230
-1640
-820
-820
-615
-820
-615
-820
-820
-1025
-1025
-2255
-1025
-615
-615
-615
-615
-615
-615
-820
-1025
-2460
-1025
-615
-410
-410
-615
-615
-615
-820
-1025
-2460
-1025
-615
-615
-615
-615
-615
-615
-820
-1025
-2460
-1025
-615
-615
-615
-615
-820
-820
-615
-1025
-2460
-1025
-615
-615
-615
-615
-820
-615
-820
-1025
-2255
-1025
-615
-820
-615
-820
-615
-615
-820
-1230
-2460
-1230
-820
-615
-615
-820
-820
-615
-820
-1025
-2460
-1435
-615
-615
-615
-820
-615
-615
-820
-1025
-2460
-1845
-1230
-820
-820
-820
-820
-820
-820
-1025
-2460
-1640
-1025
-820
-820
-820
-820
-820
-820
-1025
-2460
-1025
-615
-615
-615
-615
-615
-615
-615
-820
-2255
-820
-615
-615
-615
-615
-615
-615
-615
-1025
-2460
-820
-820
-615
-615
-615
-615
-615
-615
-820
-2255
-1025
-820
-615
-615
-615
-615
-615
-615
-820
-2255
-820
-615
-615
-615
-615
-615
-615
-820
-820
-2460
-1025
-615
-410
-615
-615
-410
-820
-615
-820
-2255
-1025
-820
-615
-615
-615
-615
-615
-820
-820
-2460
-1230
-820
-615
-820
-615
-820
-820
-820
-1025
-2460
-1845
-1230
-1025
-1025
-820
-1025
-1025
-1025
-1230
)
;
    }
}


// ************************************************************************* //
