# Region type : patch inlet
# Faces       : 25
# Area        : 1.000000e-01
# Scale factor: 1.000000e+00
# Time        	areaAverage(p)
1             	2.774273e+02
2             	8.665120e+02
3             	1.040274e+03
4             	8.563056e+02
5             	4.804369e+02
6             	8.159092e+01
7             	-2.200393e+02
8             	-3.679487e+02
9             	-3.663906e+02
10            	-2.613584e+02
11            	-1.161239e+02
12            	1.452146e+01
13            	9.758545e+01
14            	1.239599e+02
15            	1.035279e+02
16            	5.673030e+01
17            	5.632033e+00
18            	-3.316733e+01
19            	-5.212133e+01
20            	-5.193540e+01
21            	-3.865298e+01
22            	-1.985579e+01
23            	-2.982130e+00
24            	7.640417e+00
25            	1.076634e+01
26            	7.796579e+00
27            	1.386140e+00
28            	-5.611441e+00
29            	-1.095843e+01
30            	-1.360445e+01
31            	-1.366841e+01
32            	-1.191685e+01
33            	-9.402089e+00
34            	-7.104982e+00
35            	-5.627473e+00
36            	-5.148937e+00
37            	-5.479167e+00
38            	-6.314208e+00
39            	-7.271838e+00
40            	-8.042201e+00
41            	-8.467665e+00
42            	-8.538384e+00
43            	-8.363738e+00
44            	-8.053044e+00
45            	-7.741885e+00
46            	-7.522700e+00
47            	-7.432486e+00
48            	-7.449722e+00
49            	-7.548275e+00
50            	-7.675834e+00
51            	-7.793052e+00
52            	-7.871182e+00
53            	-7.898850e+00
54            	-7.900179e+00
55            	-7.877142e+00
56            	-7.845669e+00
57            	-7.818992e+00
58            	-7.807204e+00
59            	-7.813880e+00
60            	-7.831095e+00
61            	-7.856027e+00
62            	-7.882439e+00
63            	-7.905912e+00
64            	-7.923687e+00
65            	-7.935417e+00
66            	-7.943673e+00
67            	-7.949758e+00
68            	-7.954794e+00
69            	-7.960319e+00
70            	-7.966688e+00
71            	-7.974266e+00
72            	-7.982830e+00
73            	-7.993810e+00
74            	-8.004290e+00
75            	-8.013507e+00
76            	-8.021192e+00
77            	-8.027695e+00
78            	-8.033109e+00
79            	-8.038252e+00
80            	-8.043544e+00
81            	-8.049450e+00
82            	-8.055153e+00
83            	-8.059940e+00
84            	-8.064867e+00
85            	-8.069816e+00
86            	-8.075302e+00
87            	-8.081091e+00
88            	-8.086291e+00
89            	-8.090458e+00
90            	-8.093002e+00
91            	-8.094965e+00
92            	-8.094784e+00
93            	-8.097684e+00
94            	-8.101599e+00
95            	-8.103339e+00
96            	-8.107849e+00
97            	-8.110069e+00
98            	-8.112694e+00
99            	-8.117799e+00
100           	-8.119843e+00
101           	-8.122393e+00
102           	-8.124822e+00
103           	-8.127819e+00
104           	-8.131040e+00
105           	-8.134375e+00
106           	-8.137613e+00
107           	-8.141908e+00
108           	-8.144670e+00
109           	-8.149266e+00
110           	-8.151489e+00
111           	-8.154591e+00
112           	-8.156968e+00
113           	-8.158598e+00
114           	-8.159487e+00
115           	-8.159792e+00
116           	-8.159539e+00
117           	-8.159248e+00
118           	-8.158809e+00
119           	-8.157430e+00
120           	-8.154564e+00
121           	-8.151152e+00
122           	-8.144751e+00
123           	-8.135854e+00
124           	-8.124985e+00
125           	-8.115353e+00
126           	-8.112279e+00
127           	-8.112340e+00
128           	-8.115391e+00
129           	-8.120670e+00
130           	-8.127432e+00
131           	-8.133854e+00
132           	-8.139151e+00
133           	-8.144398e+00
134           	-8.149270e+00
135           	-8.153803e+00
136           	-8.157828e+00
137           	-8.161174e+00
138           	-8.163830e+00
139           	-8.167269e+00
140           	-8.170529e+00
141           	-8.174996e+00
142           	-8.180605e+00
143           	-8.186973e+00
144           	-8.194110e+00
145           	-8.201530e+00
146           	-8.208991e+00
147           	-8.216079e+00
148           	-8.222341e+00
149           	-8.227331e+00
150           	-8.231546e+00
151           	-8.235188e+00
152           	-8.238307e+00
153           	-8.241164e+00
154           	-8.245225e+00
155           	-8.250365e+00
156           	-8.256163e+00
157           	-8.260045e+00
158           	-8.264066e+00
159           	-8.269331e+00
160           	-8.272139e+00
161           	-8.276088e+00
162           	-8.279191e+00
163           	-8.281573e+00
164           	-8.282449e+00
165           	-8.284366e+00
166           	-8.285833e+00
167           	-8.287942e+00
168           	-8.289898e+00
169           	-8.290412e+00
170           	-8.291203e+00
171           	-8.294456e+00
172           	-8.297361e+00
173           	-8.299624e+00
174           	-8.302141e+00
175           	-8.302556e+00
176           	-8.299545e+00
177           	-8.296108e+00
178           	-8.293453e+00
179           	-8.292331e+00
180           	-8.293630e+00
181           	-8.295495e+00
182           	-8.297794e+00
183           	-8.300198e+00
184           	-8.302649e+00
185           	-8.304936e+00
186           	-8.306855e+00
187           	-8.307473e+00
188           	-8.308133e+00
189           	-8.309283e+00
190           	-8.310035e+00
191           	-8.310370e+00
192           	-8.310398e+00
193           	-8.310177e+00
194           	-8.309648e+00
195           	-8.308874e+00
196           	-8.307949e+00
197           	-8.306932e+00
198           	-8.305957e+00
199           	-8.304447e+00
200           	-8.303488e+00
201           	-8.303035e+00
202           	-8.302957e+00
203           	-8.303232e+00
204           	-8.303569e+00
205           	-8.303909e+00
206           	-8.304293e+00
207           	-8.304785e+00
208           	-8.305639e+00
209           	-8.306815e+00
210           	-8.308646e+00
211           	-8.310449e+00
212           	-8.312490e+00
213           	-8.314596e+00
214           	-8.316594e+00
215           	-8.318466e+00
216           	-8.320259e+00
217           	-8.321963e+00
218           	-8.323546e+00
219           	-8.324952e+00
220           	-8.326272e+00
221           	-8.327425e+00
222           	-8.328362e+00
223           	-8.329160e+00
224           	-8.329841e+00
225           	-8.330439e+00
226           	-8.330975e+00
227           	-8.331436e+00
228           	-8.331853e+00
229           	-8.332079e+00
230           	-8.332190e+00
231           	-8.332199e+00
232           	-8.332077e+00
233           	-8.331724e+00
234           	-8.331044e+00
235           	-8.329959e+00
236           	-8.328380e+00
237           	-8.326234e+00
238           	-8.323489e+00
239           	-8.320079e+00
240           	-8.316091e+00
241           	-8.311496e+00
242           	-8.306237e+00
243           	-8.300266e+00
244           	-8.293607e+00
245           	-8.286364e+00
246           	-8.278668e+00
247           	-8.270694e+00
248           	-8.262564e+00
249           	-8.254411e+00
250           	-8.246423e+00
251           	-8.238810e+00
252           	-8.231781e+00
253           	-8.225494e+00
254           	-8.220083e+00
255           	-8.215551e+00
256           	-8.211908e+00
257           	-8.209183e+00
258           	-8.207260e+00
259           	-8.205990e+00
260           	-8.205409e+00
261           	-8.205576e+00
262           	-8.206553e+00
263           	-8.208221e+00
264           	-8.210692e+00
265           	-8.213809e+00
266           	-8.217479e+00
267           	-8.221689e+00
268           	-8.226312e+00
269           	-8.231304e+00
270           	-8.236696e+00
271           	-8.242296e+00
272           	-8.248017e+00
273           	-8.253787e+00
274           	-8.259533e+00
275           	-8.265205e+00
276           	-8.270759e+00
277           	-8.276135e+00
278           	-8.281246e+00
279           	-8.286047e+00
280           	-8.290477e+00
281           	-8.294483e+00
282           	-8.298047e+00
283           	-8.301102e+00
284           	-8.303714e+00
285           	-8.305848e+00
286           	-8.307528e+00
287           	-8.308725e+00
288           	-8.309508e+00
289           	-8.309899e+00
290           	-8.309953e+00
291           	-8.309681e+00
292           	-8.309132e+00
293           	-8.308334e+00
294           	-8.307347e+00
295           	-8.306207e+00
296           	-8.304926e+00
297           	-8.303537e+00
298           	-8.302085e+00
299           	-8.300608e+00
300           	-8.299133e+00
301           	-8.297685e+00
302           	-8.296280e+00
303           	-8.294931e+00
304           	-8.293647e+00
305           	-8.292437e+00
306           	-8.291309e+00
307           	-8.290269e+00
308           	-8.289322e+00
309           	-8.288473e+00
310           	-8.287727e+00
311           	-8.287087e+00
312           	-8.286551e+00
313           	-8.286121e+00
314           	-8.285791e+00
315           	-8.285552e+00
316           	-8.285397e+00
317           	-8.285324e+00
318           	-8.285323e+00
319           	-8.285393e+00
320           	-8.285528e+00
321           	-8.285719e+00
322           	-8.285957e+00
323           	-8.286238e+00
324           	-8.286559e+00
325           	-8.286914e+00
326           	-8.287302e+00
327           	-8.287704e+00
328           	-8.288142e+00
329           	-8.288596e+00
330           	-8.289048e+00
331           	-8.289525e+00
332           	-8.289995e+00
333           	-8.290475e+00
334           	-8.290961e+00
335           	-8.291453e+00
336           	-8.291953e+00
337           	-8.292450e+00
338           	-8.292942e+00
339           	-8.293430e+00
340           	-8.293915e+00
341           	-8.294397e+00
342           	-8.294879e+00
343           	-8.295359e+00
344           	-8.295839e+00
345           	-8.296316e+00
346           	-8.296790e+00
347           	-8.297261e+00
348           	-8.297727e+00
349           	-8.298189e+00
350           	-8.298647e+00
351           	-8.299099e+00
352           	-8.299547e+00
353           	-8.299991e+00
354           	-8.300430e+00
355           	-8.300865e+00
356           	-8.301294e+00
357           	-8.301718e+00
358           	-8.302137e+00
359           	-8.302550e+00
360           	-8.302958e+00
361           	-8.303359e+00
362           	-8.303755e+00
363           	-8.304145e+00
364           	-8.304529e+00
365           	-8.304907e+00
366           	-8.305279e+00
367           	-8.305645e+00
368           	-8.306005e+00
369           	-8.306359e+00
370           	-8.306706e+00
371           	-8.307048e+00
372           	-8.307383e+00
373           	-8.307712e+00
374           	-8.308035e+00
375           	-8.308352e+00
376           	-8.308663e+00
377           	-8.308968e+00
378           	-8.309267e+00
379           	-8.309560e+00
380           	-8.309847e+00
381           	-8.310129e+00
382           	-8.310405e+00
383           	-8.310675e+00
384           	-8.310940e+00
385           	-8.311199e+00
386           	-8.311453e+00
387           	-8.311701e+00
388           	-8.311944e+00
389           	-8.312182e+00
390           	-8.312415e+00
391           	-8.312643e+00
392           	-8.312866e+00
393           	-8.313084e+00
394           	-8.313297e+00
395           	-8.313506e+00
396           	-8.313710e+00
397           	-8.313909e+00
398           	-8.314104e+00
399           	-8.314295e+00
400           	-8.314481e+00
401           	-8.314664e+00
402           	-8.314842e+00
403           	-8.315016e+00
404           	-8.315186e+00
405           	-8.315353e+00
406           	-8.315516e+00
407           	-8.315675e+00
408           	-8.315830e+00
409           	-8.315982e+00
410           	-8.316130e+00
411           	-8.316275e+00
412           	-8.316417e+00
413           	-8.316556e+00
414           	-8.316691e+00
415           	-8.316823e+00
416           	-8.316953e+00
417           	-8.317079e+00
418           	-8.317202e+00
419           	-8.317323e+00
420           	-8.317441e+00
421           	-8.317556e+00
422           	-8.317668e+00
423           	-8.317778e+00
424           	-8.317886e+00
425           	-8.317991e+00
426           	-8.318093e+00
427           	-8.318193e+00
428           	-8.318291e+00
429           	-8.318387e+00
430           	-8.318480e+00
431           	-8.318571e+00
432           	-8.318660e+00
433           	-8.318747e+00
434           	-8.318832e+00
435           	-8.318915e+00
436           	-8.318997e+00
437           	-8.319076e+00
438           	-8.319153e+00
439           	-8.319229e+00
440           	-8.319303e+00
441           	-8.319375e+00
442           	-8.319446e+00
443           	-8.319515e+00
444           	-8.319582e+00
445           	-8.319648e+00
446           	-8.319712e+00
447           	-8.319774e+00
448           	-8.319836e+00
449           	-8.319895e+00
450           	-8.319954e+00
451           	-8.320011e+00
452           	-8.320067e+00
453           	-8.320121e+00
454           	-8.320174e+00
455           	-8.320226e+00
456           	-8.320277e+00
457           	-8.320327e+00
458           	-8.320375e+00
459           	-8.320422e+00
460           	-8.320469e+00
461           	-8.320514e+00
462           	-8.320558e+00
463           	-8.320601e+00
464           	-8.320643e+00
465           	-8.320684e+00
466           	-8.320724e+00
467           	-8.320763e+00
468           	-8.320801e+00
469           	-8.320839e+00
470           	-8.320875e+00
471           	-8.320911e+00
472           	-8.320946e+00
473           	-8.320980e+00
474           	-8.321013e+00
475           	-8.321045e+00
476           	-8.321077e+00
477           	-8.321108e+00
478           	-8.321138e+00
479           	-8.321168e+00
480           	-8.321197e+00
481           	-8.321225e+00
482           	-8.321252e+00
483           	-8.321279e+00
484           	-8.321305e+00
485           	-8.321331e+00
486           	-8.321356e+00
487           	-8.321381e+00
488           	-8.321404e+00
489           	-8.321428e+00
490           	-8.321451e+00
491           	-8.321473e+00
492           	-8.321494e+00
493           	-8.321516e+00
494           	-8.321536e+00
495           	-8.321557e+00
496           	-8.321576e+00
497           	-8.321596e+00
498           	-8.321614e+00
499           	-8.321633e+00
500           	-8.321651e+00
501           	-8.321668e+00
502           	-8.321686e+00
503           	-8.321702e+00
504           	-8.321719e+00
505           	-8.321735e+00
506           	-8.321750e+00
507           	-8.321765e+00
508           	-8.321780e+00
509           	-8.321795e+00
510           	-8.321809e+00
511           	-8.321823e+00
512           	-8.321836e+00
513           	-8.321849e+00
514           	-8.321862e+00
515           	-8.321875e+00
516           	-8.321887e+00
517           	-8.321899e+00
518           	-8.321911e+00
519           	-8.321922e+00
520           	-8.321933e+00
521           	-8.321944e+00
522           	-8.321955e+00
523           	-8.321965e+00
524           	-8.321975e+00
525           	-8.321985e+00
526           	-8.321995e+00
527           	-8.322004e+00
528           	-8.322014e+00
529           	-8.322023e+00
530           	-8.322031e+00
531           	-8.322040e+00
532           	-8.322048e+00
533           	-8.322057e+00
534           	-8.322065e+00
535           	-8.322072e+00
536           	-8.322080e+00
537           	-8.322087e+00
538           	-8.322095e+00
539           	-8.322102e+00
540           	-8.322109e+00
541           	-8.322116e+00
542           	-8.322122e+00
543           	-8.322129e+00
544           	-8.322135e+00
545           	-8.322141e+00
546           	-8.322147e+00
547           	-8.322153e+00
548           	-8.322159e+00
549           	-8.322164e+00
550           	-8.322170e+00
551           	-8.322175e+00
552           	-8.322180e+00
553           	-8.322185e+00
554           	-8.322190e+00
555           	-8.322195e+00
556           	-8.322200e+00
557           	-8.322204e+00
558           	-8.322209e+00
559           	-8.322213e+00
560           	-8.322218e+00
561           	-8.322222e+00
562           	-8.322226e+00
563           	-8.322230e+00
564           	-8.322234e+00
565           	-8.322237e+00
566           	-8.322241e+00
567           	-8.322245e+00
568           	-8.322248e+00
569           	-8.322252e+00
570           	-8.322255e+00
571           	-8.322258e+00
572           	-8.322262e+00
573           	-8.322265e+00
574           	-8.322268e+00
575           	-8.322271e+00
576           	-8.322274e+00
577           	-8.322277e+00
578           	-8.322279e+00
579           	-8.322282e+00
580           	-8.322285e+00
581           	-8.322287e+00
582           	-8.322290e+00
583           	-8.322292e+00
584           	-8.322295e+00
585           	-8.322297e+00
586           	-8.322299e+00
587           	-8.322302e+00
588           	-8.322304e+00
589           	-8.322306e+00
590           	-8.322308e+00
591           	-8.322310e+00
592           	-8.322312e+00
593           	-8.322314e+00
594           	-8.322316e+00
595           	-8.322318e+00
596           	-8.322319e+00
597           	-8.322321e+00
598           	-8.322323e+00
599           	-8.322325e+00
600           	-8.322326e+00
601           	-8.322328e+00
602           	-8.322329e+00
603           	-8.322331e+00
604           	-8.322332e+00
605           	-8.322334e+00
606           	-8.322335e+00
607           	-8.322337e+00
608           	-8.322338e+00
609           	-8.322339e+00
610           	-8.322340e+00
611           	-8.322342e+00
612           	-8.322343e+00
613           	-8.322344e+00
614           	-8.322345e+00
615           	-8.322346e+00
616           	-8.322348e+00
617           	-8.322349e+00
618           	-8.322350e+00
619           	-8.322351e+00
620           	-8.322352e+00
621           	-8.322353e+00
622           	-8.322354e+00
623           	-8.322355e+00
624           	-8.322355e+00
625           	-8.322356e+00
626           	-8.322357e+00
627           	-8.322358e+00
628           	-8.322359e+00
629           	-8.322360e+00
630           	-8.322361e+00
631           	-8.322361e+00
632           	-8.322362e+00
633           	-8.322363e+00
634           	-8.322363e+00
635           	-8.322364e+00
636           	-8.322365e+00
637           	-8.322366e+00
638           	-8.322366e+00
639           	-8.322367e+00
640           	-8.322367e+00
641           	-8.322368e+00
642           	-8.322369e+00
643           	-8.322369e+00
644           	-8.322370e+00
645           	-8.322370e+00
646           	-8.322371e+00
647           	-8.322371e+00
648           	-8.322372e+00
649           	-8.322372e+00
650           	-8.322373e+00
651           	-8.322373e+00
652           	-8.322374e+00
653           	-8.322374e+00
654           	-8.322375e+00
655           	-8.322375e+00
656           	-8.322376e+00
657           	-8.322376e+00
658           	-8.322376e+00
659           	-8.322377e+00
660           	-8.322377e+00
661           	-8.322377e+00
662           	-8.322378e+00
663           	-8.322378e+00
664           	-8.322379e+00
665           	-8.322379e+00
666           	-8.322379e+00
667           	-8.322380e+00
668           	-8.322380e+00
669           	-8.322380e+00
670           	-8.322380e+00
671           	-8.322381e+00
672           	-8.322381e+00
673           	-8.322381e+00
674           	-8.322382e+00
675           	-8.322382e+00
676           	-8.322382e+00
677           	-8.322382e+00
678           	-8.322383e+00
679           	-8.322383e+00
680           	-8.322383e+00
681           	-8.322383e+00
682           	-8.322384e+00
683           	-8.322384e+00
684           	-8.322384e+00
685           	-8.322384e+00
686           	-8.322384e+00
687           	-8.322385e+00
688           	-8.322385e+00
689           	-8.322385e+00
690           	-8.322385e+00
691           	-8.322385e+00
692           	-8.322385e+00
693           	-8.322386e+00
694           	-8.322386e+00
695           	-8.322386e+00
696           	-8.322386e+00
697           	-8.322386e+00
698           	-8.322386e+00
699           	-8.322387e+00
700           	-8.322387e+00
701           	-8.322387e+00
702           	-8.322387e+00
703           	-8.322387e+00
704           	-8.322387e+00
705           	-8.322387e+00
706           	-8.322387e+00
707           	-8.322388e+00
708           	-8.322388e+00
709           	-8.322388e+00
710           	-8.322388e+00
711           	-8.322388e+00
712           	-8.322388e+00
713           	-8.322388e+00
714           	-8.322388e+00
715           	-8.322388e+00
716           	-8.322389e+00
717           	-8.322389e+00
718           	-8.322389e+00
719           	-8.322389e+00
720           	-8.322389e+00
721           	-8.322389e+00
722           	-8.322389e+00
723           	-8.322389e+00
724           	-8.322389e+00
725           	-8.322389e+00
726           	-8.322389e+00
727           	-8.322389e+00
728           	-8.322390e+00
729           	-8.322390e+00
730           	-8.322390e+00
731           	-8.322390e+00
732           	-8.322390e+00
733           	-8.322390e+00
734           	-8.322390e+00
735           	-8.322390e+00
736           	-8.322390e+00
737           	-8.322390e+00
738           	-8.322390e+00
739           	-8.322390e+00
740           	-8.322390e+00
741           	-8.322390e+00
742           	-8.322390e+00
743           	-8.322390e+00
744           	-8.322391e+00
745           	-8.322391e+00
746           	-8.322391e+00
747           	-8.322391e+00
748           	-8.322391e+00
749           	-8.322391e+00
750           	-8.322391e+00
751           	-8.322391e+00
752           	-8.322391e+00
753           	-8.322391e+00
754           	-8.322391e+00
755           	-8.322391e+00
756           	-8.322391e+00
757           	-8.322391e+00
758           	-8.322391e+00
759           	-8.322391e+00
760           	-8.322391e+00
761           	-8.322391e+00
762           	-8.322391e+00
763           	-8.322391e+00
764           	-8.322391e+00
765           	-8.322391e+00
766           	-8.322391e+00
767           	-8.322391e+00
768           	-8.322391e+00
769           	-8.322391e+00
770           	-8.322391e+00
771           	-8.322391e+00
772           	-8.322391e+00
773           	-8.322392e+00
774           	-8.322392e+00
775           	-8.322392e+00
776           	-8.322392e+00
777           	-8.322392e+00
778           	-8.322392e+00
779           	-8.322392e+00
780           	-8.322392e+00
781           	-8.322392e+00
782           	-8.322392e+00
783           	-8.322392e+00
784           	-8.322392e+00
785           	-8.322392e+00
786           	-8.322392e+00
787           	-8.322392e+00
788           	-8.322392e+00
789           	-8.322392e+00
790           	-8.322392e+00
791           	-8.322392e+00
792           	-8.322392e+00
793           	-8.322392e+00
794           	-8.322392e+00
795           	-8.322392e+00
796           	-8.322392e+00
797           	-8.322392e+00
798           	-8.322392e+00
799           	-8.322392e+00
800           	-8.322392e+00
801           	-8.322392e+00
802           	-8.322392e+00
803           	-8.322392e+00
804           	-8.322392e+00
805           	-8.322392e+00
806           	-8.322392e+00
807           	-8.322392e+00
808           	-8.322392e+00
809           	-8.322392e+00
810           	-8.322392e+00
811           	-8.322392e+00
812           	-8.322392e+00
813           	-8.322392e+00
814           	-8.322392e+00
815           	-8.322392e+00
816           	-8.322392e+00
817           	-8.322392e+00
818           	-8.322392e+00
819           	-8.322392e+00
820           	-8.322392e+00
821           	-8.322392e+00
822           	-8.322392e+00
823           	-8.322392e+00
824           	-8.322392e+00
825           	-8.322392e+00
826           	-8.322392e+00
827           	-8.322392e+00
828           	-8.322392e+00
829           	-8.322392e+00
830           	-8.322392e+00
831           	-8.322392e+00
832           	-8.322392e+00
833           	-8.322392e+00
834           	-8.322392e+00
835           	-8.322392e+00
836           	-8.322392e+00
837           	-8.322392e+00
838           	-8.322392e+00
839           	-8.322392e+00
840           	-8.322392e+00
841           	-8.322392e+00
842           	-8.322392e+00
843           	-8.322392e+00
844           	-8.322392e+00
845           	-8.322392e+00
846           	-8.322392e+00
847           	-8.322392e+00
848           	-8.322392e+00
849           	-8.322392e+00
850           	-8.322392e+00
851           	-8.322392e+00
852           	-8.322392e+00
853           	-8.322392e+00
854           	-8.322392e+00
855           	-8.322392e+00
856           	-8.322392e+00
857           	-8.322392e+00
858           	-8.322392e+00
859           	-8.322392e+00
860           	-8.322392e+00
861           	-8.322392e+00
862           	-8.322392e+00
863           	-8.322392e+00
864           	-8.322392e+00
865           	-8.322392e+00
866           	-8.322392e+00
867           	-8.322392e+00
868           	-8.322392e+00
869           	-8.322392e+00
870           	-8.322392e+00
871           	-8.322392e+00
872           	-8.322392e+00
873           	-8.322392e+00
874           	-8.322392e+00
875           	-8.322392e+00
876           	-8.322392e+00
877           	-8.322392e+00
878           	-8.322392e+00
879           	-8.322392e+00
880           	-8.322392e+00
881           	-8.322392e+00
882           	-8.322392e+00
883           	-8.322392e+00
884           	-8.322392e+00
885           	-8.322392e+00
886           	-8.322392e+00
887           	-8.322392e+00
888           	-8.322392e+00
889           	-8.322392e+00
890           	-8.322392e+00
891           	-8.322392e+00
892           	-8.322392e+00
893           	-8.322392e+00
894           	-8.322392e+00
895           	-8.322392e+00
896           	-8.322392e+00
897           	-8.322392e+00
898           	-8.322392e+00
899           	-8.322392e+00
900           	-8.322392e+00
901           	-8.322392e+00
902           	-8.322392e+00
903           	-8.322392e+00
904           	-8.322392e+00
905           	-8.322392e+00
906           	-8.322392e+00
907           	-8.322392e+00
908           	-8.322392e+00
909           	-8.322392e+00
910           	-8.322392e+00
911           	-8.322392e+00
912           	-8.322392e+00
913           	-8.322392e+00
914           	-8.322392e+00
915           	-8.322392e+00
916           	-8.322392e+00
917           	-8.322392e+00
918           	-8.322392e+00
919           	-8.322392e+00
920           	-8.322392e+00
921           	-8.322392e+00
922           	-8.322392e+00
923           	-8.322392e+00
924           	-8.322392e+00
925           	-8.322392e+00
926           	-8.322392e+00
927           	-8.322392e+00
928           	-8.322392e+00
929           	-8.322392e+00
930           	-8.322392e+00
931           	-8.322392e+00
932           	-8.322392e+00
933           	-8.322392e+00
934           	-8.322392e+00
935           	-8.322392e+00
936           	-8.322392e+00
937           	-8.322392e+00
938           	-8.322392e+00
939           	-8.322392e+00
940           	-8.322392e+00
941           	-8.322392e+00
942           	-8.322392e+00
943           	-8.322392e+00
944           	-8.322392e+00
945           	-8.322392e+00
946           	-8.322392e+00
947           	-8.322392e+00
948           	-8.322392e+00
949           	-8.322392e+00
950           	-8.322392e+00
951           	-8.322392e+00
952           	-8.322392e+00
953           	-8.322392e+00
954           	-8.322392e+00
955           	-8.322392e+00
956           	-8.322392e+00
957           	-8.322392e+00
958           	-8.322392e+00
959           	-8.322392e+00
960           	-8.322392e+00
961           	-8.322392e+00
962           	-8.322392e+00
963           	-8.322392e+00
964           	-8.322392e+00
965           	-8.322392e+00
966           	-8.322392e+00
967           	-8.322392e+00
968           	-8.322392e+00
969           	-8.322392e+00
970           	-8.322392e+00
971           	-8.322392e+00
972           	-8.322392e+00
973           	-8.322392e+00
974           	-8.322392e+00
975           	-8.322392e+00
976           	-8.322392e+00
977           	-8.322392e+00
978           	-8.322392e+00
979           	-8.322392e+00
980           	-8.322392e+00
981           	-8.322392e+00
982           	-8.322392e+00
983           	-8.322392e+00
984           	-8.322392e+00
985           	-8.322392e+00
986           	-8.322392e+00
987           	-8.322392e+00
988           	-8.322392e+00
989           	-8.322392e+00
990           	-8.322392e+00
991           	-8.322392e+00
992           	-8.322392e+00
993           	-8.322392e+00
994           	-8.322392e+00
995           	-8.322392e+00
996           	-8.322392e+00
997           	-8.322392e+00
998           	-8.322392e+00
999           	-8.322392e+00
1000          	-8.322392e+00
1001          	-8.322392e+00
1002          	-8.322392e+00
1003          	-8.322392e+00
1004          	-8.322392e+00
1005          	-8.322392e+00
1006          	-8.322392e+00
1007          	-8.322392e+00
1008          	-8.322392e+00
1009          	-8.322392e+00
1010          	-8.322392e+00
1011          	-8.322392e+00
1012          	-8.322392e+00
1013          	-8.322392e+00
1014          	-8.322392e+00
1015          	-8.322392e+00
1016          	-8.322392e+00
1017          	-8.322392e+00
1018          	-8.322392e+00
1019          	-8.322392e+00
1020          	-8.322392e+00
1021          	-8.322392e+00
1022          	-8.322392e+00
1023          	-8.322392e+00
1024          	-8.322392e+00
1025          	-8.322392e+00
1026          	-8.322392e+00
1027          	-8.322392e+00
1028          	-8.322392e+00
1029          	-8.322392e+00
1030          	-8.322392e+00
1031          	-8.322392e+00
1032          	-8.322392e+00
1033          	-8.322392e+00
1034          	-8.322392e+00
1035          	-8.322392e+00
1036          	-8.322392e+00
1037          	-8.322392e+00
1038          	-8.322392e+00
1039          	-8.322392e+00
1040          	-8.322392e+00
1041          	-8.322392e+00
1042          	-8.322392e+00
1043          	-8.322392e+00
1044          	-8.322392e+00
1045          	-8.322392e+00
1046          	-8.322392e+00
1047          	-8.322392e+00
1048          	-8.322392e+00
1049          	-8.322392e+00
1050          	-8.322392e+00
1051          	-8.322392e+00
1052          	-8.322392e+00
1053          	-8.322392e+00
1054          	-8.322392e+00
1055          	-8.322392e+00
1056          	-8.322392e+00
1057          	-8.322392e+00
1058          	-8.322392e+00
1059          	-8.322392e+00
1060          	-8.322392e+00
1061          	-8.322392e+00
1062          	-8.322392e+00
1063          	-8.322392e+00
1064          	-8.322392e+00
1065          	-8.322392e+00
1066          	-8.322392e+00
1067          	-8.322392e+00
1068          	-8.322392e+00
1069          	-8.322392e+00
1070          	-8.322392e+00
1071          	-8.322392e+00
1072          	-8.322392e+00
1073          	-8.322392e+00
1074          	-8.322392e+00
1075          	-8.322392e+00
1076          	-8.322392e+00
1077          	-8.322392e+00
1078          	-8.322392e+00
1079          	-8.322392e+00
1080          	-8.322392e+00
1081          	-8.322392e+00
1082          	-8.322392e+00
1083          	-8.322392e+00
1084          	-8.322392e+00
1085          	-8.322392e+00
1086          	-8.322392e+00
1087          	-8.322392e+00
1088          	-8.322392e+00
1089          	-8.322392e+00
1090          	-8.322392e+00
1091          	-8.322392e+00
1092          	-8.322392e+00
1093          	-8.322392e+00
1094          	-8.322392e+00
1095          	-8.322392e+00
1096          	-8.322392e+00
1097          	-8.322392e+00
1098          	-8.322392e+00
1099          	-8.322392e+00
1100          	-8.322392e+00
1101          	-8.322392e+00
1102          	-8.322392e+00
1103          	-8.322392e+00
1104          	-8.322392e+00
1105          	-8.322392e+00
1106          	-8.322392e+00
1107          	-8.322392e+00
1108          	-8.322392e+00
1109          	-8.322392e+00
1110          	-8.322392e+00
1111          	-8.322392e+00
1112          	-8.322392e+00
1113          	-8.322392e+00
1114          	-8.322392e+00
1115          	-8.322392e+00
1116          	-8.322392e+00
1117          	-8.322392e+00
1118          	-8.322392e+00
1119          	-8.322392e+00
1120          	-8.322392e+00
1121          	-8.322392e+00
1122          	-8.322392e+00
1123          	-8.322392e+00
1124          	-8.322392e+00
1125          	-8.322392e+00
1126          	-8.322392e+00
1127          	-8.322392e+00
1128          	-8.322392e+00
1129          	-8.322392e+00
1130          	-8.322392e+00
1131          	-8.322392e+00
1132          	-8.322392e+00
1133          	-8.322392e+00
1134          	-8.322392e+00
1135          	-8.322392e+00
1136          	-8.322392e+00
1137          	-8.322392e+00
1138          	-8.322392e+00
1139          	-8.322392e+00
1140          	-8.322392e+00
1141          	-8.322392e+00
1142          	-8.322392e+00
1143          	-8.322392e+00
1144          	-8.322392e+00
1145          	-8.322392e+00
1146          	-8.322392e+00
1147          	-8.322392e+00
1148          	-8.322392e+00
1149          	-8.322392e+00
1150          	-8.322392e+00
1151          	-8.322392e+00
1152          	-8.322392e+00
1153          	-8.322392e+00
1154          	-8.322392e+00
1155          	-8.322392e+00
1156          	-8.322392e+00
1157          	-8.322392e+00
1158          	-8.322392e+00
1159          	-8.322392e+00
1160          	-8.322392e+00
1161          	-8.322392e+00
1162          	-8.322392e+00
1163          	-8.322392e+00
1164          	-8.322392e+00
1165          	-8.322392e+00
1166          	-8.322392e+00
1167          	-8.322392e+00
1168          	-8.322392e+00
1169          	-8.322392e+00
1170          	-8.322392e+00
1171          	-8.322392e+00
1172          	-8.322392e+00
1173          	-8.322392e+00
1174          	-8.322392e+00
1175          	-8.322392e+00
1176          	-8.322392e+00
1177          	-8.322392e+00
1178          	-8.322392e+00
1179          	-8.322392e+00
1180          	-8.322392e+00
1181          	-8.322392e+00
1182          	-8.322392e+00
1183          	-8.322392e+00
1184          	-8.322392e+00
1185          	-8.322392e+00
1186          	-8.322392e+00
1187          	-8.322392e+00
1188          	-8.322392e+00
1189          	-8.322392e+00
1190          	-8.322392e+00
1191          	-8.322392e+00
1192          	-8.322392e+00
1193          	-8.322392e+00
1194          	-8.322392e+00
1195          	-8.322392e+00
1196          	-8.322392e+00
1197          	-8.322392e+00
1198          	-8.322392e+00
1199          	-8.322392e+00
1200          	-8.322392e+00
1201          	-8.322392e+00
1202          	-8.322392e+00
1203          	-8.322392e+00
1204          	-8.322392e+00
1205          	-8.322392e+00
1206          	-8.322392e+00
1207          	-8.322392e+00
1208          	-8.322392e+00
1209          	-8.322392e+00
1210          	-8.322392e+00
1211          	-8.322392e+00
1212          	-8.322392e+00
1213          	-8.322392e+00
1214          	-8.322392e+00
1215          	-8.322392e+00
1216          	-8.322392e+00
1217          	-8.322392e+00
1218          	-8.322392e+00
1219          	-8.322392e+00
1220          	-8.322392e+00
1221          	-8.322392e+00
1222          	-8.322392e+00
1223          	-8.322392e+00
1224          	-8.322392e+00
1225          	-8.322392e+00
1226          	-8.322392e+00
1227          	-8.322392e+00
1228          	-8.322392e+00
1229          	-8.322392e+00
1230          	-8.322392e+00
1231          	-8.322392e+00
1232          	-8.322392e+00
1233          	-8.322392e+00
1234          	-8.322392e+00
1235          	-8.322392e+00
1236          	-8.322392e+00
1237          	-8.322392e+00
1238          	-8.322392e+00
1239          	-8.322392e+00
1240          	-8.322392e+00
1241          	-8.322392e+00
1242          	-8.322392e+00
1243          	-8.322392e+00
1244          	-8.322392e+00
1245          	-8.322392e+00
1246          	-8.322392e+00
1247          	-8.322392e+00
1248          	-8.322392e+00
1249          	-8.322392e+00
1250          	-8.322392e+00
1251          	-8.322392e+00
1252          	-8.322392e+00
1253          	-8.322392e+00
1254          	-8.322392e+00
1255          	-8.322392e+00
1256          	-8.322392e+00
1257          	-8.322392e+00
1258          	-8.322392e+00
1259          	-8.322392e+00
1260          	-8.322392e+00
1261          	-8.322392e+00
1262          	-8.322392e+00
1263          	-8.322392e+00
1264          	-8.322392e+00
1265          	-8.322392e+00
1266          	-8.322392e+00
1267          	-8.322392e+00
1268          	-8.322392e+00
1269          	-8.322392e+00
1270          	-8.322392e+00
1271          	-8.322392e+00
1272          	-8.322392e+00
1273          	-8.322392e+00
1274          	-8.322392e+00
1275          	-8.322392e+00
1276          	-8.322392e+00
1277          	-8.322392e+00
1278          	-8.322392e+00
1279          	-8.322392e+00
1280          	-8.322392e+00
1281          	-8.322392e+00
1282          	-8.322392e+00
1283          	-8.322392e+00
1284          	-8.322392e+00
1285          	-8.322392e+00
1286          	-8.322392e+00
1287          	-8.322392e+00
1288          	-8.322392e+00
1289          	-8.322392e+00
1290          	-8.322392e+00
1291          	-8.322392e+00
1292          	-8.322392e+00
1293          	-8.322392e+00
1294          	-8.322392e+00
1295          	-8.322392e+00
1296          	-8.322392e+00
1297          	-8.322392e+00
1298          	-8.322392e+00
1299          	-8.322392e+00
1300          	-8.322392e+00
1301          	-8.322392e+00
1302          	-8.322392e+00
1303          	-8.322392e+00
1304          	-8.322392e+00
1305          	-8.322392e+00
1306          	-8.322392e+00
1307          	-8.322392e+00
1308          	-8.322392e+00
1309          	-8.322392e+00
1310          	-8.322392e+00
1311          	-8.322392e+00
1312          	-8.322392e+00
1313          	-8.322392e+00
1314          	-8.322392e+00
1315          	-8.322392e+00
1316          	-8.322392e+00
1317          	-8.322392e+00
1318          	-8.322392e+00
1319          	-8.322392e+00
1320          	-8.322392e+00
1321          	-8.322392e+00
1322          	-8.322392e+00
1323          	-8.322392e+00
1324          	-8.322392e+00
1325          	-8.322392e+00
1326          	-8.322392e+00
1327          	-8.322392e+00
1328          	-8.322392e+00
1329          	-8.322392e+00
1330          	-8.322392e+00
1331          	-8.322392e+00
1332          	-8.322392e+00
1333          	-8.322392e+00
1334          	-8.322392e+00
1335          	-8.322392e+00
1336          	-8.322392e+00
1337          	-8.322392e+00
1338          	-8.322392e+00
1339          	-8.322392e+00
1340          	-8.322392e+00
1341          	-8.322392e+00
1342          	-8.322392e+00
1343          	-8.322392e+00
1344          	-8.322392e+00
1345          	-8.322392e+00
1346          	-8.322392e+00
1347          	-8.322392e+00
1348          	-8.322392e+00
1349          	-8.322392e+00
1350          	-8.322392e+00
1351          	-8.322392e+00
1352          	-8.322392e+00
1353          	-8.322392e+00
1354          	-8.322392e+00
1355          	-8.322392e+00
1356          	-8.322392e+00
1357          	-8.322392e+00
1358          	-8.322392e+00
1359          	-8.322392e+00
1360          	-8.322392e+00
1361          	-8.322392e+00
1362          	-8.322392e+00
1363          	-8.322392e+00
1364          	-8.322392e+00
1365          	-8.322392e+00
1366          	-8.322392e+00
1367          	-8.322392e+00
1368          	-8.322392e+00
1369          	-8.322392e+00
1370          	-8.322392e+00
1371          	-8.322392e+00
1372          	-8.322392e+00
1373          	-8.322392e+00
1374          	-8.322392e+00
1375          	-8.322392e+00
1376          	-8.322392e+00
1377          	-8.322392e+00
1378          	-8.322392e+00
1379          	-8.322392e+00
1380          	-8.322392e+00
1381          	-8.322392e+00
1382          	-8.322392e+00
1383          	-8.322392e+00
1384          	-8.322392e+00
1385          	-8.322392e+00
1386          	-8.322392e+00
1387          	-8.322392e+00
1388          	-8.322392e+00
1389          	-8.322392e+00
1390          	-8.322392e+00
1391          	-8.322392e+00
1392          	-8.322392e+00
1393          	-8.322392e+00
1394          	-8.322392e+00
1395          	-8.322392e+00
1396          	-8.322392e+00
1397          	-8.322392e+00
1398          	-8.322392e+00
1399          	-8.322392e+00
1400          	-8.322392e+00
1401          	-8.322392e+00
1402          	-8.322392e+00
1403          	-8.322392e+00
1404          	-8.322392e+00
1405          	-8.322392e+00
1406          	-8.322392e+00
1407          	-8.322392e+00
1408          	-8.322392e+00
1409          	-8.322392e+00
1410          	-8.322392e+00
1411          	-8.322392e+00
1412          	-8.322392e+00
1413          	-8.322392e+00
1414          	-8.322392e+00
1415          	-8.322392e+00
1416          	-8.322392e+00
1417          	-8.322392e+00
1418          	-8.322392e+00
1419          	-8.322392e+00
1420          	-8.322392e+00
1421          	-8.322392e+00
1422          	-8.322392e+00
1423          	-8.322392e+00
1424          	-8.322392e+00
1425          	-8.322392e+00
1426          	-8.322392e+00
1427          	-8.322392e+00
1428          	-8.322392e+00
1429          	-8.322392e+00
1430          	-8.322392e+00
1431          	-8.322392e+00
1432          	-8.322392e+00
1433          	-8.322392e+00
1434          	-8.322392e+00
1435          	-8.322392e+00
1436          	-8.322392e+00
1437          	-8.322392e+00
1438          	-8.322392e+00
1439          	-8.322392e+00
1440          	-8.322392e+00
1441          	-8.322392e+00
1442          	-8.322392e+00
1443          	-8.322392e+00
1444          	-8.322392e+00
1445          	-8.322392e+00
1446          	-8.322392e+00
1447          	-8.322392e+00
1448          	-8.322392e+00
1449          	-8.322392e+00
1450          	-8.322392e+00
1451          	-8.322392e+00
1452          	-8.322392e+00
1453          	-8.322392e+00
1454          	-8.322392e+00
1455          	-8.322392e+00
1456          	-8.322392e+00
1457          	-8.322392e+00
1458          	-8.322392e+00
1459          	-8.322392e+00
1460          	-8.322392e+00
1461          	-8.322392e+00
1462          	-8.322392e+00
1463          	-8.322392e+00
1464          	-8.322392e+00
1465          	-8.322392e+00
1466          	-8.322392e+00
1467          	-8.322392e+00
1468          	-8.322392e+00
1469          	-8.322392e+00
1470          	-8.322392e+00
1471          	-8.322392e+00
1472          	-8.322392e+00
1473          	-8.322392e+00
1474          	-8.322392e+00
1475          	-8.322392e+00
1476          	-8.322392e+00
1477          	-8.322392e+00
1478          	-8.322392e+00
1479          	-8.322392e+00
1480          	-8.322392e+00
1481          	-8.322392e+00
1482          	-8.322392e+00
1483          	-8.322392e+00
1484          	-8.322392e+00
1485          	-8.322392e+00
1486          	-8.322392e+00
1487          	-8.322392e+00
1488          	-8.322392e+00
1489          	-8.322392e+00
1490          	-8.322392e+00
1491          	-8.322392e+00
1492          	-8.322392e+00
1493          	-8.322392e+00
1494          	-8.322392e+00
1495          	-8.322392e+00
1496          	-8.322392e+00
1497          	-8.322392e+00
1498          	-8.322392e+00
1499          	-8.322392e+00
1500          	-8.322392e+00
1501          	-8.322392e+00
1502          	-8.322392e+00
1503          	-8.322392e+00
1504          	-8.322392e+00
1505          	-8.322392e+00
1506          	-8.322392e+00
1507          	-8.322392e+00
1508          	-8.322392e+00
1509          	-8.322392e+00
1510          	-8.322392e+00
1511          	-8.322392e+00
1512          	-8.322392e+00
1513          	-8.322392e+00
1514          	-8.322392e+00
1515          	-8.322392e+00
1516          	-8.322392e+00
1517          	-8.322392e+00
1518          	-8.322392e+00
1519          	-8.322392e+00
1520          	-8.322392e+00
1521          	-8.322392e+00
1522          	-8.322392e+00
1523          	-8.322392e+00
1524          	-8.322392e+00
1525          	-8.322392e+00
1526          	-8.322392e+00
1527          	-8.322392e+00
1528          	-8.322392e+00
1529          	-8.322392e+00
1530          	-8.322392e+00
1531          	-8.322392e+00
1532          	-8.322392e+00
1533          	-8.322392e+00
1534          	-8.322392e+00
1535          	-8.322392e+00
1536          	-8.322392e+00
1537          	-8.322392e+00
1538          	-8.322392e+00
1539          	-8.322392e+00
1540          	-8.322392e+00
1541          	-8.322392e+00
1542          	-8.322392e+00
1543          	-8.322392e+00
1544          	-8.322392e+00
1545          	-8.322392e+00
1546          	-8.322392e+00
1547          	-8.322392e+00
1548          	-8.322392e+00
1549          	-8.322392e+00
1550          	-8.322392e+00
1551          	-8.322392e+00
1552          	-8.322392e+00
1553          	-8.322392e+00
1554          	-8.322392e+00
1555          	-8.322392e+00
1556          	-8.322392e+00
1557          	-8.322392e+00
1558          	-8.322392e+00
1559          	-8.322392e+00
1560          	-8.322392e+00
1561          	-8.322392e+00
1562          	-8.322392e+00
1563          	-8.322392e+00
1564          	-8.322392e+00
1565          	-8.322392e+00
1566          	-8.322392e+00
1567          	-8.322392e+00
1568          	-8.322392e+00
1569          	-8.322392e+00
1570          	-8.322392e+00
1571          	-8.322392e+00
1572          	-8.322392e+00
1573          	-8.322392e+00
1574          	-8.322392e+00
1575          	-8.322392e+00
1576          	-8.322392e+00
1577          	-8.322392e+00
1578          	-8.322392e+00
1579          	-8.322392e+00
1580          	-8.322392e+00
1581          	-8.322392e+00
1582          	-8.322392e+00
1583          	-8.322392e+00
1584          	-8.322392e+00
1585          	-8.322392e+00
1586          	-8.322392e+00
1587          	-8.322392e+00
1588          	-8.322392e+00
1589          	-8.322392e+00
1590          	-8.322392e+00
1591          	-8.322392e+00
1592          	-8.322392e+00
1593          	-8.322392e+00
1594          	-8.322392e+00
1595          	-8.322392e+00
1596          	-8.322392e+00
1597          	-8.322392e+00
1598          	-8.322392e+00
1599          	-8.322392e+00
1600          	-8.322392e+00
1601          	-8.322392e+00
1602          	-8.322392e+00
1603          	-8.322392e+00
1604          	-8.322392e+00
1605          	-8.322392e+00
1606          	-8.322392e+00
1607          	-8.322392e+00
1608          	-8.322392e+00
1609          	-8.322392e+00
1610          	-8.322392e+00
1611          	-8.322392e+00
1612          	-8.322392e+00
1613          	-8.322392e+00
1614          	-8.322392e+00
1615          	-8.322392e+00
1616          	-8.322392e+00
1617          	-8.322392e+00
1618          	-8.322392e+00
1619          	-8.322392e+00
1620          	-8.322392e+00
1621          	-8.322392e+00
1622          	-8.322392e+00
1623          	-8.322392e+00
1624          	-8.322392e+00
1625          	-8.322392e+00
1626          	-8.322392e+00
1627          	-8.322392e+00
1628          	-8.322392e+00
1629          	-8.322392e+00
1630          	-8.322392e+00
1631          	-8.322392e+00
1632          	-8.322392e+00
1633          	-8.322392e+00
1634          	-8.322392e+00
1635          	-8.322392e+00
1636          	-8.322392e+00
1637          	-8.322392e+00
1638          	-8.322392e+00
1639          	-8.322392e+00
1640          	-8.322392e+00
1641          	-8.322392e+00
1642          	-8.322392e+00
1643          	-8.322392e+00
1644          	-8.322392e+00
1645          	-8.322392e+00
1646          	-8.322392e+00
1647          	-8.322392e+00
1648          	-8.322392e+00
1649          	-8.322392e+00
1650          	-8.322392e+00
1651          	-8.322392e+00
1652          	-8.322392e+00
1653          	-8.322392e+00
1654          	-8.322392e+00
1655          	-8.322392e+00
1656          	-8.322392e+00
1657          	-8.322392e+00
1658          	-8.322392e+00
1659          	-8.322392e+00
1660          	-8.322392e+00
1661          	-8.322392e+00
1662          	-8.322392e+00
1663          	-8.322392e+00
1664          	-8.322392e+00
1665          	-8.322392e+00
1666          	-8.322392e+00
1667          	-8.322392e+00
1668          	-8.322392e+00
1669          	-8.322392e+00
1670          	-8.322392e+00
1671          	-8.322392e+00
1672          	-8.322392e+00
1673          	-8.322392e+00
1674          	-8.322392e+00
1675          	-8.322392e+00
1676          	-8.322392e+00
1677          	-8.322392e+00
1678          	-8.322392e+00
1679          	-8.322392e+00
1680          	-8.322392e+00
1681          	-8.322392e+00
1682          	-8.322392e+00
1683          	-8.322392e+00
1684          	-8.322392e+00
1685          	-8.322392e+00
1686          	-8.322392e+00
1687          	-8.322392e+00
1688          	-8.322392e+00
1689          	-8.322392e+00
1690          	-8.322392e+00
1691          	-8.322392e+00
1692          	-8.322392e+00
1693          	-8.322392e+00
1694          	-8.322392e+00
1695          	-8.322392e+00
1696          	-8.322392e+00
1697          	-8.322392e+00
1698          	-8.322392e+00
1699          	-8.322392e+00
1700          	-8.322392e+00
1701          	-8.322392e+00
1702          	-8.322392e+00
1703          	-8.322392e+00
1704          	-8.322392e+00
1705          	-8.322392e+00
1706          	-8.322392e+00
1707          	-8.322392e+00
1708          	-8.322392e+00
1709          	-8.322392e+00
1710          	-8.322392e+00
1711          	-8.322392e+00
1712          	-8.322392e+00
1713          	-8.322392e+00
1714          	-8.322392e+00
1715          	-8.322392e+00
1716          	-8.322392e+00
1717          	-8.322392e+00
1718          	-8.322392e+00
1719          	-8.322392e+00
1720          	-8.322392e+00
1721          	-8.322392e+00
1722          	-8.322392e+00
1723          	-8.322392e+00
1724          	-8.322392e+00
1725          	-8.322392e+00
1726          	-8.322392e+00
1727          	-8.322392e+00
1728          	-8.322392e+00
1729          	-8.322392e+00
1730          	-8.322392e+00
1731          	-8.322392e+00
1732          	-8.322392e+00
1733          	-8.322392e+00
1734          	-8.322392e+00
1735          	-8.322392e+00
1736          	-8.322392e+00
1737          	-8.322392e+00
1738          	-8.322392e+00
1739          	-8.322392e+00
1740          	-8.322392e+00
1741          	-8.322392e+00
1742          	-8.322392e+00
1743          	-8.322392e+00
1744          	-8.322392e+00
1745          	-8.322392e+00
1746          	-8.322392e+00
1747          	-8.322392e+00
1748          	-8.322392e+00
1749          	-8.322392e+00
1750          	-8.322392e+00
1751          	-8.322392e+00
1752          	-8.322392e+00
1753          	-8.322392e+00
1754          	-8.322392e+00
1755          	-8.322392e+00
1756          	-8.322392e+00
1757          	-8.322392e+00
1758          	-8.322392e+00
1759          	-8.322392e+00
1760          	-8.322392e+00
1761          	-8.322392e+00
1762          	-8.322392e+00
1763          	-8.322392e+00
1764          	-8.322392e+00
1765          	-8.322392e+00
1766          	-8.322392e+00
1767          	-8.322392e+00
1768          	-8.322392e+00
1769          	-8.322392e+00
1770          	-8.322392e+00
1771          	-8.322392e+00
1772          	-8.322392e+00
1773          	-8.322392e+00
1774          	-8.322392e+00
1775          	-8.322392e+00
1776          	-8.322392e+00
1777          	-8.322392e+00
1778          	-8.322392e+00
1779          	-8.322392e+00
1780          	-8.322392e+00
1781          	-8.322392e+00
1782          	-8.322392e+00
1783          	-8.322392e+00
1784          	-8.322392e+00
1785          	-8.322392e+00
1786          	-8.322392e+00
1787          	-8.322392e+00
1788          	-8.322392e+00
1789          	-8.322392e+00
1790          	-8.322392e+00
1791          	-8.322392e+00
1792          	-8.322392e+00
1793          	-8.322392e+00
1794          	-8.322392e+00
1795          	-8.322392e+00
1796          	-8.322392e+00
1797          	-8.322392e+00
1798          	-8.322392e+00
1799          	-8.322392e+00
1800          	-8.322392e+00
1801          	-8.322392e+00
1802          	-8.322392e+00
1803          	-8.322392e+00
1804          	-8.322392e+00
1805          	-8.322392e+00
1806          	-8.322392e+00
1807          	-8.322392e+00
1808          	-8.322392e+00
1809          	-8.322392e+00
1810          	-8.322392e+00
1811          	-8.322392e+00
1812          	-8.322392e+00
1813          	-8.322392e+00
1814          	-8.322392e+00
1815          	-8.322392e+00
1816          	-8.322392e+00
1817          	-8.322392e+00
1818          	-8.322392e+00
1819          	-8.322392e+00
1820          	-8.322392e+00
1821          	-8.322392e+00
1822          	-8.322392e+00
1823          	-8.322392e+00
1824          	-8.322392e+00
1825          	-8.322392e+00
1826          	-8.322392e+00
1827          	-8.322392e+00
1828          	-8.322392e+00
1829          	-8.322392e+00
1830          	-8.322392e+00
1831          	-8.322392e+00
1832          	-8.322392e+00
1833          	-8.322392e+00
1834          	-8.322392e+00
1835          	-8.322392e+00
1836          	-8.322392e+00
1837          	-8.322392e+00
1838          	-8.322392e+00
1839          	-8.322392e+00
1840          	-8.322392e+00
1841          	-8.322392e+00
1842          	-8.322392e+00
1843          	-8.322392e+00
1844          	-8.322392e+00
1845          	-8.322392e+00
1846          	-8.322392e+00
1847          	-8.322392e+00
1848          	-8.322392e+00
1849          	-8.322392e+00
1850          	-8.322392e+00
1851          	-8.322392e+00
1852          	-8.322392e+00
1853          	-8.322392e+00
1854          	-8.322392e+00
1855          	-8.322392e+00
1856          	-8.322392e+00
1857          	-8.322392e+00
1858          	-8.322392e+00
1859          	-8.322392e+00
1860          	-8.322392e+00
1861          	-8.322392e+00
1862          	-8.322392e+00
1863          	-8.322392e+00
1864          	-8.322392e+00
1865          	-8.322392e+00
1866          	-8.322392e+00
1867          	-8.322392e+00
1868          	-8.322392e+00
1869          	-8.322392e+00
1870          	-8.322392e+00
1871          	-8.322392e+00
1872          	-8.322392e+00
1873          	-8.322392e+00
1874          	-8.322392e+00
1875          	-8.322392e+00
1876          	-8.322392e+00
1877          	-8.322392e+00
1878          	-8.322392e+00
1879          	-8.322392e+00
1880          	-8.322392e+00
1881          	-8.322392e+00
1882          	-8.322392e+00
1883          	-8.322392e+00
1884          	-8.322392e+00
1885          	-8.322392e+00
1886          	-8.322392e+00
1887          	-8.322392e+00
1888          	-8.322392e+00
1889          	-8.322392e+00
1890          	-8.322392e+00
1891          	-8.322392e+00
1892          	-8.322392e+00
1893          	-8.322392e+00
1894          	-8.322392e+00
1895          	-8.322392e+00
1896          	-8.322392e+00
1897          	-8.322392e+00
1898          	-8.322392e+00
1899          	-8.322392e+00
1900          	-8.322392e+00
1901          	-8.322392e+00
1902          	-8.322392e+00
1903          	-8.322392e+00
1904          	-8.322392e+00
1905          	-8.322392e+00
1906          	-8.322392e+00
1907          	-8.322392e+00
1908          	-8.322392e+00
1909          	-8.322392e+00
1910          	-8.322392e+00
1911          	-8.322392e+00
1912          	-8.322392e+00
1913          	-8.322392e+00
1914          	-8.322392e+00
1915          	-8.322392e+00
1916          	-8.322392e+00
1917          	-8.322392e+00
1918          	-8.322392e+00
1919          	-8.322392e+00
1920          	-8.322392e+00
1921          	-8.322392e+00
1922          	-8.322392e+00
1923          	-8.322392e+00
1924          	-8.322392e+00
1925          	-8.322392e+00
1926          	-8.322392e+00
1927          	-8.322392e+00
1928          	-8.322392e+00
1929          	-8.322392e+00
1930          	-8.322392e+00
1931          	-8.322392e+00
1932          	-8.322392e+00
1933          	-8.322392e+00
1934          	-8.322392e+00
1935          	-8.322392e+00
1936          	-8.322392e+00
1937          	-8.322392e+00
1938          	-8.322392e+00
1939          	-8.322392e+00
1940          	-8.322392e+00
1941          	-8.322392e+00
1942          	-8.322392e+00
1943          	-8.322392e+00
1944          	-8.322392e+00
1945          	-8.322392e+00
1946          	-8.322392e+00
1947          	-8.322392e+00
1948          	-8.322392e+00
1949          	-8.322392e+00
1950          	-8.322392e+00
1951          	-8.322392e+00
1952          	-8.322392e+00
1953          	-8.322392e+00
1954          	-8.322392e+00
1955          	-8.322392e+00
1956          	-8.322392e+00
1957          	-8.322392e+00
1958          	-8.322392e+00
1959          	-8.322392e+00
1960          	-8.322392e+00
1961          	-8.322392e+00
1962          	-8.322392e+00
1963          	-8.322392e+00
1964          	-8.322392e+00
1965          	-8.322392e+00
1966          	-8.322392e+00
1967          	-8.322392e+00
1968          	-8.322392e+00
1969          	-8.322392e+00
1970          	-8.322392e+00
1971          	-8.322392e+00
1972          	-8.322392e+00
1973          	-8.322392e+00
1974          	-8.322392e+00
1975          	-8.322392e+00
1976          	-8.322392e+00
1977          	-8.322392e+00
1978          	-8.322392e+00
1979          	-8.322392e+00
1980          	-8.322392e+00
1981          	-8.322392e+00
1982          	-8.322392e+00
1983          	-8.322392e+00
1984          	-8.322392e+00
1985          	-8.322392e+00
1986          	-8.322392e+00
1987          	-8.322392e+00
1988          	-8.322392e+00
1989          	-8.322392e+00
1990          	-8.322392e+00
1991          	-8.322392e+00
1992          	-8.322392e+00
1993          	-8.322392e+00
1994          	-8.322392e+00
1995          	-8.322392e+00
1996          	-8.322392e+00
1997          	-8.322392e+00
1998          	-8.322392e+00
1999          	-8.322392e+00
2000          	-8.322392e+00
