/*--------------------------------*- C++ -*----------------------------------*\
| =========                 |                                                 |
| \\      /  F ield         | OpenFOAM: The Open Source CFD Toolbox           |
|  \\    /   O peration     | Version:  2412                                  |
|   \\  /    A nd           | Website:  www.openfoam.com                      |
|    \\/     M anipulation  |                                                 |
\*---------------------------------------------------------------------------*/
FoamFile
{
    version     2.0;
    format      ascii;
    arch        "LSB;label=32;scalar=64";
    class       volScalarField;
    location    "2.7/solid";
    object      T;
}
// * * * * * * * * * * * * * * * * * * * * * * * * * * * * * * * * * * * * * //

dimensions      [0 0 0 1 0 0 0];

internalField   nonuniform List<scalar> 
1000
(
351.492
351.501
351.506
351.509
351.51
351.51
351.51
351.509
351.507
351.504
351.498
351.505
351.508
351.511
351.512
351.512
351.512
351.512
351.51
351.507
351.5
351.506
351.509
351.511
351.512
351.513
351.513
351.513
351.511
351.508
351.502
351.507
351.51
351.512
351.513
351.513
351.514
351.513
351.512
351.509
351.502
351.508
351.51
351.512
351.513
351.514
351.514
351.513
351.512
351.509
351.502
351.508
351.51
351.512
351.513
351.514
351.514
351.513
351.512
351.509
351.502
351.507
351.51
351.512
351.513
351.513
351.514
351.513
351.512
351.509
351.5
351.506
351.51
351.511
351.513
351.513
351.513
351.513
351.511
351.508
351.498
351.505
351.508
351.51
351.512
351.512
351.512
351.512
351.51
351.507
351.492
351.501
351.506
351.508
351.51
351.51
351.51
351.509
351.507
351.504
348.53
348.549
348.56
348.567
348.57
348.572
348.572
348.57
348.566
348.559
348.541
348.555
348.564
348.57
348.573
348.575
348.575
348.573
348.57
348.564
348.547
348.559
348.566
348.572
348.575
348.576
348.577
348.575
348.572
348.566
348.55
348.561
348.568
348.573
348.576
348.577
348.578
348.577
348.574
348.568
348.552
348.562
348.569
348.573
348.576
348.578
348.578
348.577
348.574
348.568
348.551
348.562
348.569
348.573
348.576
348.578
348.578
348.577
348.574
348.568
348.55
348.561
348.568
348.573
348.576
348.577
348.578
348.577
348.574
348.568
348.547
348.559
348.567
348.572
348.575
348.576
348.577
348.575
348.572
348.566
348.541
348.555
348.564
348.57
348.573
348.575
348.575
348.573
348.57
348.564
348.53
348.548
348.559
348.566
348.57
348.572
348.572
348.57
348.566
348.559
345.69
345.712
345.727
345.737
345.742
345.744
345.745
345.742
345.737
345.728
345.702
345.719
345.732
345.74
345.745
345.748
345.748
345.746
345.741
345.733
345.709
345.724
345.734
345.742
345.747
345.749
345.75
345.748
345.744
345.737
345.714
345.728
345.737
345.744
345.748
345.75
345.751
345.75
345.746
345.739
345.715
345.729
345.738
345.745
345.749
345.751
345.752
345.751
345.747
345.74
345.715
345.728
345.738
345.744
345.748
345.751
345.752
345.751
345.747
345.74
345.714
345.727
345.737
345.744
345.748
345.75
345.751
345.75
345.746
345.739
345.71
345.724
345.735
345.742
345.747
345.749
345.75
345.748
345.744
345.737
345.702
345.719
345.731
345.739
345.744
345.747
345.748
345.746
345.741
345.733
345.69
345.712
345.726
345.736
345.741
345.744
345.745
345.742
345.737
345.728
343.036
343.059
343.076
343.087
343.093
343.097
343.098
343.095
343.09
343.08
343.048
343.066
343.081
343.09
343.096
343.1
343.101
343.099
343.094
343.086
343.056
343.071
343.084
343.093
343.098
343.102
343.103
343.101
343.097
343.09
343.061
343.075
343.086
343.095
343.1
343.103
343.105
343.104
343.1
343.092
343.063
343.077
343.088
343.095
343.1
343.104
343.105
343.104
343.101
343.093
343.063
343.077
343.088
343.095
343.1
343.104
343.105
343.104
343.101
343.093
343.061
343.076
343.087
343.095
343.1
343.103
343.105
343.104
343.1
343.092
343.057
343.073
343.085
343.093
343.098
343.102
343.103
343.101
343.097
343.089
343.049
343.067
343.081
343.09
343.096
343.1
343.101
343.099
343.094
343.085
343.036
343.059
343.076
343.086
343.093
343.096
343.098
343.095
343.09
343.08
340.63
340.653
340.67
340.682
340.689
340.694
340.695
340.693
340.688
340.678
340.642
340.66
340.675
340.686
340.692
340.697
340.699
340.697
340.692
340.684
340.649
340.665
340.678
340.688
340.694
340.699
340.701
340.699
340.695
340.689
340.654
340.669
340.681
340.69
340.696
340.7
340.702
340.701
340.698
340.692
340.656
340.671
340.682
340.691
340.697
340.7
340.703
340.702
340.699
340.693
340.656
340.671
340.682
340.691
340.697
340.7
340.703
340.702
340.699
340.693
340.655
340.67
340.682
340.691
340.696
340.7
340.702
340.702
340.698
340.691
340.651
340.667
340.68
340.689
340.695
340.698
340.7
340.699
340.695
340.688
340.643
340.661
340.676
340.686
340.692
340.696
340.698
340.697
340.692
340.684
340.63
340.653
340.671
340.682
340.689
340.693
340.695
340.693
340.688
340.679
338.53
338.552
338.569
338.581
338.589
338.595
338.597
338.595
338.59
338.583
338.542
338.559
338.574
338.585
338.593
338.598
338.6
338.599
338.595
338.589
338.549
338.565
338.577
338.588
338.595
338.6
338.602
338.601
338.599
338.593
338.553
338.568
338.58
338.59
338.597
338.601
338.604
338.604
338.602
338.596
338.555
338.569
338.581
338.59
338.597
338.601
338.604
338.604
338.602
338.597
338.555
338.569
338.581
338.591
338.597
338.601
338.604
338.605
338.602
338.597
338.554
338.569
338.581
338.59
338.597
338.601
338.604
338.604
338.601
338.595
338.55
338.566
338.579
338.589
338.595
338.599
338.602
338.601
338.598
338.592
338.542
338.56
338.575
338.585
338.592
338.597
338.6
338.599
338.596
338.589
338.53
338.553
338.57
338.582
338.589
338.594
338.597
338.596
338.591
338.583
336.785
336.807
336.823
336.836
336.845
336.851
336.854
336.852
336.849
336.842
336.796
336.814
336.828
336.84
336.849
336.854
336.857
336.856
336.853
336.848
336.804
336.819
336.832
336.843
336.851
336.857
336.859
336.859
336.857
336.853
336.808
336.822
336.834
336.845
336.853
336.858
336.861
336.861
336.86
336.856
336.809
336.823
336.835
336.845
336.853
336.858
336.861
336.862
336.86
336.856
336.809
336.823
336.835
336.845
336.852
336.858
336.861
336.862
336.86
336.856
336.807
336.822
336.835
336.845
336.852
336.857
336.861
336.861
336.859
336.854
336.803
336.819
336.832
336.843
336.85
336.855
336.859
336.859
336.856
336.851
336.796
336.814
336.828
336.84
336.847
336.853
336.856
336.856
336.854
336.848
336.784
336.806
336.824
336.836
336.844
336.85
336.854
336.853
336.85
336.843
335.435
335.457
335.474
335.487
335.497
335.503
335.507
335.506
335.503
335.498
335.446
335.464
335.479
335.491
335.501
335.507
335.51
335.509
335.508
335.503
335.453
335.469
335.482
335.495
335.503
335.509
335.512
335.512
335.512
335.508
335.457
335.472
335.485
335.497
335.505
335.511
335.514
335.515
335.514
335.511
335.458
335.472
335.486
335.497
335.505
335.51
335.514
335.515
335.515
335.511
335.457
335.472
335.485
335.497
335.504
335.51
335.514
335.516
335.514
335.511
335.456
335.471
335.485
335.496
335.504
335.51
335.514
335.515
335.513
335.509
335.452
335.468
335.482
335.494
335.502
335.508
335.512
335.512
335.51
335.506
335.444
335.462
335.478
335.49
335.499
335.505
335.509
335.51
335.508
335.503
335.433
335.455
335.473
335.486
335.496
335.502
335.507
335.507
335.504
335.498
334.511
334.534
334.553
334.567
334.578
334.585
334.589
334.588
334.585
334.581
334.523
334.542
334.558
334.572
334.582
334.589
334.593
334.592
334.59
334.587
334.53
334.547
334.562
334.576
334.585
334.591
334.595
334.594
334.594
334.591
334.535
334.551
334.565
334.578
334.587
334.593
334.596
334.597
334.597
334.594
334.535
334.551
334.566
334.578
334.587
334.593
334.596
334.598
334.597
334.595
334.535
334.551
334.567
334.578
334.586
334.593
334.597
334.598
334.597
334.594
334.533
334.551
334.566
334.578
334.586
334.592
334.596
334.597
334.596
334.592
334.529
334.547
334.563
334.576
334.584
334.59
334.594
334.594
334.593
334.59
334.521
334.541
334.558
334.572
334.581
334.587
334.592
334.593
334.591
334.587
334.509
334.532
334.553
334.568
334.577
334.584
334.589
334.59
334.587
334.582
334.036
334.06
334.082
334.098
334.11
334.117
334.121
334.121
334.118
334.113
334.048
334.07
334.089
334.104
334.115
334.122
334.126
334.126
334.123
334.119
334.056
334.077
334.094
334.109
334.118
334.125
334.129
334.128
334.127
334.124
334.061
334.081
334.097
334.111
334.12
334.126
334.13
334.131
334.131
334.127
334.062
334.082
334.098
334.112
334.12
334.126
334.13
334.131
334.131
334.128
334.062
334.082
334.099
334.112
334.12
334.126
334.131
334.132
334.131
334.128
334.06
334.082
334.099
334.112
334.12
334.126
334.13
334.131
334.13
334.126
334.056
334.078
334.096
334.11
334.118
334.124
334.127
334.128
334.127
334.123
334.047
334.071
334.091
334.105
334.114
334.12
334.125
334.126
334.125
334.12
334.035
334.06
334.083
334.1
334.11
334.117
334.121
334.122
334.12
334.114
)
;

boundaryField
{
    bodyBottom
    {
        type            fixedValue;
        value           uniform 353;
    }
    solid_to_fluid
    {
        type            compressible::turbulentTemperatureCoupledBaffleMixed;
        refValue        nonuniform List<scalar> 
500
(
322.063
326.493
328.409
329.526
330.081
330.082
329.528
328.41
326.494
322.066
311.235
315.677
319.333
321.289
322.145
322.146
321.291
319.335
315.679
311.237
306.361
309.682
312.48
313.968
314.618
314.619
313.969
312.481
309.683
306.362
304.909
307.801
310.176
311.383
311.895
311.896
311.384
310.177
307.802
304.91
304.297
307.033
309.242
310.335
310.799
310.8
310.336
309.243
307.034
304.298
304.016
306.702
308.87
309.927
310.376
310.377
309.928
308.871
306.702
304.016
303.751
306.358
308.486
309.507
309.938
309.939
309.507
308.486
306.359
303.752
303.144
305.531
307.504
308.429
308.812
308.812
308.429
307.504
305.531
303.144
301.947
303.918
305.576
306.345
306.659
306.659
306.345
305.576
303.917
301.947
300.506
301.936
303.165
303.716
303.931
303.931
303.716
303.164
301.936
300.506
323.142
336.937
339.767
342.594
341.283
340.811
339.7
338.427
337.102
335.984
314.203
335.247
339.616
341.665
341.074
340.509
339.297
337.798
336.238
334.024
309.726
331.227
337.432
339.207
338.781
338.423
337.362
336.018
334.336
329.903
308.124
329.238
335.055
336.409
336.154
336.141
335.241
334.188
332.432
326.802
307.31
327.594
332.591
333.759
333.463
333.621
332.887
332.161
330.47
325.034
306.831
326.167
330.581
331.619
331.313
331.495
330.868
330.324
328.865
323.984
306.425
324.647
329.004
329.859
329.602
329.757
329.165
328.629
327.549
323.398
305.807
322.902
328.009
328.795
328.631
328.532
328.026
327.389
326.445
323.187
304.805
320.007
326.939
327.732
327.817
327.452
327.072
326.412
325.14
323.012
303.466
313.439
323.305
325.823
325.636
326.204
325.927
324.897
323.796
321.951
340.178
340.538
340.087
339.705
339.537
339.509
339.671
340.038
340.467
340.086
331.745
332.601
331.998
331.245
330.835
330.782
331.199
331.924
332.474
331.581
324.242
325.074
324.61
324.216
324.384
324.343
324.196
324.558
324.958
324.08
321.386
322.487
322.64
323.18
324.335
324.308
323.177
322.619
322.395
321.246
320.681
322.057
322.602
323.69
325.378
325.36
323.686
322.585
321.973
320.555
320.48
322.031
322.887
324.375
326.375
326.363
324.352
322.853
321.938
320.356
320.704
322.336
323.375
325.05
327.112
327.093
324.997
323.306
322.221
320.574
321.337
322.903
323.918
325.526
327.344
327.306
325.447
323.808
322.763
321.196
322.282
323.514
324.185
325.474
327.097
327.027
325.374
324.047
323.356
322.135
322.736
323.275
323.301
324.123
325.515
325.417
323.994
323.157
323.125
322.601
323.137
336.934
339.762
342.591
341.278
340.811
339.704
338.435
337.115
336.017
314.199
335.244
339.614
341.668
341.08
340.521
339.316
337.825
336.278
334.11
309.723
331.227
337.438
339.219
338.797
338.445
337.395
336.061
334.401
330.048
308.121
329.24
335.064
336.425
336.177
336.167
335.276
334.235
332.514
326.954
307.308
327.597
332.6
333.773
333.485
333.65
332.923
332.206
330.548
325.171
306.829
326.169
330.588
331.631
331.331
331.521
330.899
330.363
328.934
324.106
306.423
324.648
329.012
329.873
329.621
329.78
329.195
328.665
327.606
323.508
305.805
322.902
328.019
328.814
328.655
328.561
328.059
327.423
326.494
323.289
304.804
319.999
326.942
327.75
327.845
327.485
327.113
326.473
325.206
323.095
303.465
313.426
323.261
325.819
325.652
326.22
325.979
324.951
323.842
322.038
303.521
313.697
322.24
324.095
324.382
324.964
325.126
324.693
323.768
321.785
304.868
320.705
326.653
327.863
327.842
327.868
327.71
327.137
325.866
323.535
305.829
323.649
328.012
329.276
329.207
328.975
328.577
327.911
326.685
324.734
306.295
324.743
327.562
328.86
329.064
329.073
328.818
328.322
327.658
325.696
306.5
325.563
327.077
328.237
328.692
328.892
328.886
328.771
328.566
326.862
306.499
325.551
327.076
328.239
328.693
328.885
328.871
328.741
328.512
326.769
306.294
324.744
327.58
328.889
329.09
329.098
328.83
328.311
327.611
325.589
305.827
323.639
328.019
329.27
329.197
328.965
328.565
327.891
326.65
324.639
304.866
320.675
326.612
327.824
327.807
327.84
327.684
327.109
325.83
323.456
303.519
313.674
322.158
324.056
324.357
324.946
325.097
324.66
323.729
321.727
)
;
        refGradient     uniform 0;
        valueFraction   nonuniform List<scalar> 
500
(
0.000301416
0.000301416
0.000301416
0.000301416
0.000301416
0.000301416
0.000301416
0.000301416
0.000301416
0.000301416
0.000301416
0.000301416
0.000301416
0.000301416
0.000301416
0.000301416
0.000301416
0.000301416
0.000301416
0.000301416
0.000301416
0.000301416
0.000301416
0.000301416
0.000301416
0.000301416
0.000301416
0.000301416
0.000301416
0.000301416
0.000301416
0.000301416
0.000301416
0.000301416
0.000301416
0.000301416
0.000301416
0.000301416
0.000301416
0.000301416
0.000301416
0.000301416
0.000301416
0.000301416
0.000301416
0.000301416
0.000301416
0.000301416
0.000301416
0.000301416
0.000301416
0.000301416
0.000301416
0.000301416
0.000301416
0.000301416
0.000301416
0.000301416
0.000301416
0.000301416
0.000301416
0.000301416
0.000301416
0.000301416
0.000301416
0.000301416
0.000301416
0.000301416
0.000301416
0.000301416
0.000301416
0.000301416
0.000301416
0.000301416
0.000301416
0.000301416
0.000301416
0.000301416
0.000301416
0.000301416
0.000301416
0.000301416
0.000301416
0.000301416
0.000301416
0.000301416
0.000301416
0.000301416
0.000301416
0.000301416
0.000301416
0.000301416
0.000301416
0.000301416
0.000301416
0.000301416
0.000301416
0.000301416
0.000301416
0.000301416
0.000302436
0.000302436
0.000302436
0.000302436
0.000302436
0.000302436
0.000302436
0.000302436
0.000302436
0.000302436
0.000302436
0.000302436
0.000302436
0.000302436
0.000302436
0.000302436
0.000302436
0.000302436
0.000302436
0.000302436
0.000302436
0.000302436
0.000302436
0.000302436
0.000302436
0.000302436
0.000302436
0.000302436
0.000302436
0.000302436
0.000302436
0.000302436
0.000302436
0.000302436
0.000302436
0.000302436
0.000302436
0.000302436
0.000302436
0.000302436
0.000302436
0.000302436
0.000302436
0.000302436
0.000302436
0.000302436
0.000302436
0.000302436
0.000302436
0.000302436
0.000302436
0.000302436
0.000302436
0.000302436
0.000302436
0.000302436
0.000302436
0.000302436
0.000302436
0.000302436
0.000302436
0.000302436
0.000302436
0.000302436
0.000302436
0.000302436
0.000302436
0.000302436
0.000302436
0.000302436
0.000302436
0.000302436
0.000302436
0.000302436
0.000302436
0.000302436
0.000302436
0.000302436
0.000302436
0.000302436
0.000302436
0.000302436
0.000302436
0.000302436
0.000302436
0.000302436
0.000302436
0.000302436
0.000302436
0.000302436
0.000302436
0.000302436
0.000302436
0.000302436
0.000302436
0.000302436
0.000302436
0.000302436
0.000302436
0.000302436
0.000300478
0.000300478
0.000300478
0.000300478
0.000300478
0.000300478
0.000300478
0.000300478
0.000300478
0.000300478
0.000300478
0.000300478
0.000300478
0.000300478
0.000300478
0.000300478
0.000300478
0.000300478
0.000300478
0.000300478
0.000300478
0.000300478
0.000300478
0.000300478
0.000300478
0.000300478
0.000300478
0.000300478
0.000300478
0.000300478
0.000300478
0.000300478
0.000300478
0.000300478
0.000300478
0.000300478
0.000300478
0.000300478
0.000300478
0.000300478
0.000300478
0.000300478
0.000300478
0.000300478
0.000300478
0.000300478
0.000300478
0.000300478
0.000300478
0.000300478
0.000300478
0.000300478
0.000300478
0.000300478
0.000300478
0.000300478
0.000300478
0.000300478
0.000300478
0.000300478
0.000300478
0.000300478
0.000300478
0.000300478
0.000300478
0.000300478
0.000300478
0.000300478
0.000300478
0.000300478
0.000300478
0.000300478
0.000300478
0.000300478
0.000300478
0.000300478
0.000300478
0.000300478
0.000300478
0.000300478
0.000300478
0.000300478
0.000300478
0.000300478
0.000300478
0.000300478
0.000300478
0.000300478
0.000300478
0.000300478
0.000300478
0.000300478
0.000300478
0.000300478
0.000300478
0.000300478
0.000300478
0.000300478
0.000300478
0.000300478
0.000302436
0.000302436
0.000302436
0.000302436
0.000302436
0.000302436
0.000302436
0.000302436
0.000302436
0.000302436
0.000302436
0.000302436
0.000302436
0.000302436
0.000302436
0.000302436
0.000302436
0.000302436
0.000302436
0.000302436
0.000302436
0.000302436
0.000302436
0.000302436
0.000302436
0.000302436
0.000302436
0.000302436
0.000302436
0.000302436
0.000302436
0.000302436
0.000302436
0.000302436
0.000302436
0.000302436
0.000302436
0.000302436
0.000302436
0.000302436
0.000302436
0.000302436
0.000302436
0.000302436
0.000302436
0.000302436
0.000302436
0.000302436
0.000302436
0.000302436
0.000302436
0.000302436
0.000302436
0.000302436
0.000302436
0.000302436
0.000302436
0.000302436
0.000302436
0.000302436
0.000302436
0.000302436
0.000302436
0.000302436
0.000302436
0.000302436
0.000302436
0.000302436
0.000302436
0.000302436
0.000302436
0.000302436
0.000302436
0.000302436
0.000302436
0.000302436
0.000302436
0.000302436
0.000302436
0.000302436
0.000302436
0.000302436
0.000302436
0.000302436
0.000302436
0.000302436
0.000302436
0.000302436
0.000302436
0.000302436
0.000302436
0.000302436
0.000302436
0.000302436
0.000302436
0.000302436
0.000302436
0.000302436
0.000302436
0.000302436
0.000301115
0.000301115
0.000301115
0.000301115
0.000301115
0.000301115
0.000301115
0.000301115
0.000301115
0.000301115
0.000301115
0.000301115
0.000301115
0.000301115
0.000301115
0.000301115
0.000301115
0.000301115
0.000301115
0.000301115
0.000301115
0.000301115
0.000301115
0.000301115
0.000301115
0.000301115
0.000301115
0.000301115
0.000301115
0.000301115
0.000301115
0.000301115
0.000301115
0.000301115
0.000301115
0.000301115
0.000301115
0.000301115
0.000301115
0.000301115
0.000301115
0.000301115
0.000301115
0.000301115
0.000301115
0.000301115
0.000301115
0.000301115
0.000301115
0.000301115
0.000301115
0.000301115
0.000301115
0.000301115
0.000301115
0.000301115
0.000301115
0.000301115
0.000301115
0.000301115
0.000301115
0.000301115
0.000301115
0.000301115
0.000301115
0.000301115
0.000301115
0.000301115
0.000301115
0.000301115
0.000301115
0.000301115
0.000301115
0.000301115
0.000301115
0.000301115
0.000301115
0.000301115
0.000301115
0.000301115
0.000301115
0.000301115
0.000301115
0.000301115
0.000301115
0.000301115
0.000301115
0.000301115
0.000301115
0.000301115
0.000301115
0.000301115
0.000301115
0.000301115
0.000301115
0.000301115
0.000301115
0.000301115
0.000301115
0.000301115
)
;
        source          uniform 0;
        Tnbr            T;
        kappaMethod     solidThermo;
        value           nonuniform List<scalar> 
500
(
351.483
351.49
351.493
351.495
351.496
351.496
351.495
351.493
351.49
351.482
348.518
348.53
348.538
348.542
348.543
348.543
348.541
348.538
348.53
348.518
345.677
345.69
345.698
345.703
345.705
345.705
345.703
345.699
345.691
345.677
343.023
343.036
343.045
343.05
343.052
343.052
343.051
343.046
343.037
343.024
340.618
340.63
340.639
340.644
340.646
340.646
340.644
340.64
340.631
340.618
338.518
338.53
338.539
338.543
338.545
338.545
338.544
338.539
338.531
338.518
336.773
336.785
336.793
336.798
336.799
336.799
336.797
336.793
336.785
336.772
335.423
335.435
335.443
335.447
335.448
335.447
335.446
335.441
335.433
335.421
334.5
334.512
334.52
334.524
334.525
334.524
334.523
334.518
334.51
334.497
334.024
334.036
334.045
334.049
334.051
334.051
334.049
334.044
334.036
334.023
351.483
351.496
351.502
351.506
351.506
351.507
351.506
351.505
351.503
351.499
348.519
348.544
348.556
348.564
348.567
348.569
348.568
348.566
348.561
348.554
345.678
345.707
345.723
345.733
345.738
345.741
345.741
345.739
345.733
345.722
343.025
343.054
343.072
343.083
343.089
343.093
343.094
343.092
343.085
343.074
340.619
340.648
340.667
340.679
340.685
340.69
340.691
340.689
340.683
340.672
338.519
338.547
338.566
338.578
338.585
338.59
338.593
338.592
338.587
338.577
336.773
336.801
336.819
336.832
336.84
336.846
336.849
336.849
336.845
336.837
335.422
335.449
335.469
335.482
335.492
335.498
335.503
335.503
335.5
335.493
334.498
334.526
334.548
334.564
334.573
334.58
334.584
334.585
334.582
334.576
334.023
334.052
334.078
334.095
334.105
334.112
334.117
334.118
334.115
334.109
351.501
351.504
351.505
351.505
351.505
351.505
351.505
351.505
351.504
351.501
348.553
348.558
348.561
348.562
348.562
348.562
348.562
348.561
348.558
348.553
345.721
345.726
345.73
345.732
345.732
345.732
345.732
345.729
345.726
345.72
343.072
343.078
343.082
343.085
343.087
343.087
343.085
343.082
343.078
343.072
340.671
340.677
340.682
340.685
340.687
340.687
340.685
340.681
340.677
340.671
338.576
338.582
338.587
338.59
338.592
338.592
338.589
338.586
338.582
338.576
336.836
336.842
336.847
336.85
336.852
336.851
336.849
336.845
336.842
336.836
335.491
335.498
335.502
335.506
335.507
335.507
335.504
335.501
335.498
335.492
334.575
334.581
334.586
334.589
334.59
334.59
334.587
334.584
334.581
334.576
334.108
334.114
334.119
334.122
334.123
334.123
334.12
334.117
334.114
334.109
351.483
351.496
351.502
351.506
351.506
351.507
351.506
351.505
351.503
351.499
348.519
348.544
348.557
348.564
348.568
348.569
348.568
348.566
348.561
348.554
345.678
345.707
345.724
345.734
345.739
345.741
345.742
345.739
345.733
345.722
343.024
343.054
343.072
343.084
343.09
343.094
343.094
343.092
343.085
343.074
340.619
340.648
340.666
340.679
340.686
340.69
340.692
340.689
340.683
340.672
338.519
338.547
338.565
338.578
338.586
338.591
338.593
338.591
338.586
338.577
336.774
336.801
336.819
336.832
336.841
336.847
336.85
336.848
336.844
336.836
335.424
335.451
335.47
335.483
335.493
335.499
335.503
335.502
335.498
335.492
334.5
334.528
334.548
334.563
334.574
334.581
334.584
334.584
334.581
334.575
334.025
334.052
334.077
334.094
334.105
334.113
334.117
334.116
334.113
334.108
334.025
334.052
334.076
334.093
334.105
334.112
334.117
334.116
334.113
334.108
334.037
334.064
334.084
334.1
334.111
334.118
334.122
334.121
334.119
334.114
334.046
334.072
334.09
334.105
334.115
334.121
334.125
334.125
334.123
334.119
334.05
334.076
334.093
334.108
334.117
334.123
334.126
334.127
334.127
334.123
334.051
334.077
334.094
334.108
334.116
334.123
334.127
334.128
334.128
334.124
334.051
334.078
334.095
334.108
334.116
334.123
334.127
334.128
334.127
334.123
334.05
334.077
334.095
334.108
334.117
334.123
334.127
334.127
334.126
334.121
334.045
334.073
334.092
334.106
334.115
334.12
334.124
334.124
334.123
334.118
334.037
334.064
334.086
334.101
334.111
334.117
334.121
334.122
334.12
334.114
334.024
334.052
334.078
334.095
334.105
334.112
334.117
334.117
334.115
334.109
)
;
    }
}


// ************************************************************************* //
