/*--------------------------------*- C++ -*----------------------------------*\
| =========                 |                                                 |
| \\      /  F ield         | OpenFOAM: The Open Source CFD Toolbox           |
|  \\    /   O peration     | Version:  2412                                  |
|   \\  /    A nd           | Website:  www.openfoam.com                      |
|    \\/     M anipulation  |                                                 |
\*---------------------------------------------------------------------------*/
FoamFile
{
    version     2.0;
    format      ascii;
    arch        "LSB;label=32;scalar=64";
    class       volScalarField;
    location    "2.7/solid";
    object      wallHeatFlux;
}
// * * * * * * * * * * * * * * * * * * * * * * * * * * * * * * * * * * * * * //

dimensions      [1 0 -3 0 0 0 0];

internalField   uniform 0;

boundaryField
{
    bodyBottom
    {
        type            calculated;
        value           nonuniform List<scalar> 
100
(
309140
307910
307500
307090
307090
307090
307090
307500
307910
309140
307295
306475
306270
306065
305860
305860
306065
306270
306475
307295
306270
305860
305655
305450
305450
305450
305450
305450
305860
306270
305655
305245
305245
305040
305040
305040
305040
305245
305450
305860
305450
305040
305040
304835
304835
304835
304835
304835
305040
305450
305450
305040
304835
304835
304630
304630
304835
304835
305040
305450
305450
305040
304835
304630
304630
304630
304630
304835
305040
305450
305655
305040
304835
304835
304835
304835
304835
304835
305040
305655
306065
305450
305245
305040
305040
305040
305040
305245
305450
306065
306680
306065
305860
305655
305655
305655
305655
305860
306065
306680
)
;
    }
    solid_to_fluid
    {
        type            calculated;
        value           nonuniform List<scalar> 
500
(
-1845
-1640
-1435
-1435
-1230
-1230
-1435
-1435
-1640
-2050
-2460
-2255
-1845
-1640
-1845
-1640
-1845
-1845
-2255
-2460
-2665
-2460
-2255
-2255
-2050
-2050
-2255
-2255
-2255
-2665
-2665
-2460
-2255
-2255
-2255
-2255
-2050
-2255
-2460
-2460
-2460
-2460
-2050
-2050
-2050
-2050
-2255
-2255
-2460
-2460
-2460
-2460
-2050
-2050
-2050
-2050
-2050
-2255
-2255
-2460
-2460
-2255
-2255
-2050
-2050
-2050
-2050
-2050
-2255
-2460
-2460
-2255
-2050
-2050
-2050
-2050
-2050
-2255
-2255
-2460
-2255
-2255
-2050
-2255
-2050
-2255
-2050
-2255
-2255
-2460
-2460
-2460
-2255
-2460
-2255
-2255
-2255
-2460
-2255
-2460
-1845
-1025
-820
-410
-820
-615
-820
-820
-820
-1025
-2255
-820
-615
-410
-615
-615
-820
-820
-1025
-1025
-2460
-1025
-615
-615
-615
-615
-820
-615
-820
-1230
-2255
-1025
-820
-615
-820
-615
-820
-615
-1025
-1230
-2255
-1025
-820
-615
-820
-615
-820
-820
-1025
-1435
-2255
-1230
-820
-820
-820
-820
-820
-820
-820
-1230
-2255
-1025
-1025
-820
-820
-820
-1025
-820
-1025
-1230
-2255
-1230
-820
-820
-820
-820
-820
-820
-820
-1025
-2255
-1230
-1025
-820
-820
-820
-1025
-1025
-1025
-1230
-2460
-1640
-1025
-1025
-1025
-1025
-820
-820
-1025
-1025
-615
-615
-615
-820
-820
-820
-820
-615
-615
-615
-1230
-1230
-1025
-1230
-1230
-1230
-1230
-1025
-1230
-1230
-1435
-1435
-1435
-1435
-1640
-1640
-1435
-1640
-1435
-1640
-1640
-1640
-1640
-1435
-1230
-1230
-1435
-1435
-1435
-1640
-1435
-1435
-1435
-1435
-1230
-1230
-1230
-1435
-1435
-1640
-1435
-1435
-1230
-1230
-1025
-1025
-1230
-1230
-1435
-1435
-1230
-1230
-1230
-1230
-820
-1025
-1025
-1230
-1230
-1435
-1435
-1025
-1230
-1025
-820
-820
-1025
-1025
-1025
-1230
-1230
-1230
-1025
-1025
-1025
-820
-1025
-1230
-1230
-1230
-1025
-1025
-1025
-1025
-1025
-1025
-1230
-1230
-1230
-1025
-1845
-1025
-820
-615
-820
-615
-820
-820
-820
-1025
-2255
-1025
-615
-615
-410
-615
-820
-820
-1025
-1025
-2460
-1025
-615
-615
-615
-615
-615
-615
-820
-1230
-2460
-1025
-820
-615
-615
-615
-820
-615
-1025
-1230
-2255
-1025
-820
-615
-615
-820
-615
-820
-1025
-1230
-2255
-1025
-820
-615
-615
-820
-820
-820
-820
-1230
-2255
-1230
-820
-820
-820
-820
-820
-820
-1025
-1230
-2255
-1230
-820
-820
-820
-820
-820
-820
-1025
-1230
-2255
-1230
-1025
-820
-820
-820
-1025
-820
-820
-1230
-2255
-1640
-1025
-820
-1025
-820
-820
-1025
-1025
-1025
-2255
-1640
-1230
-1025
-1025
-1025
-820
-1025
-1025
-1025
-2255
-1230
-1025
-820
-820
-820
-820
-1025
-820
-1025
-2050
-1025
-820
-820
-615
-820
-820
-615
-820
-1025
-2255
-1025
-820
-615
-615
-615
-820
-820
-820
-820
-2255
-1025
-820
-820
-820
-615
-615
-615
-615
-820
-2255
-820
-820
-820
-820
-615
-820
-820
-820
-1025
-2050
-1025
-820
-820
-615
-615
-615
-820
-820
-1025
-2255
-1025
-820
-820
-615
-820
-615
-820
-820
-1025
-2050
-1435
-1025
-820
-615
-615
-820
-820
-1025
-1230
-2255
-1640
-1025
-1025
-1025
-1025
-820
-1025
-1025
-1025
)
;
    }
}


// ************************************************************************* //
