/*--------------------------------*- C++ -*----------------------------------*\
| =========                 |                                                 |
| \\      /  F ield         | OpenFOAM: The Open Source CFD Toolbox           |
|  \\    /   O peration     | Version:  2412                                  |
|   \\  /    A nd           | Website:  www.openfoam.com                      |
|    \\/     M anipulation  |                                                 |
\*---------------------------------------------------------------------------*/
FoamFile
{
    version     2.0;
    format      ascii;
    arch        "LSB;label=32;scalar=64";
    class       volScalarField;
    location    "1.1/solid";
    object      T;
}
// * * * * * * * * * * * * * * * * * * * * * * * * * * * * * * * * * * * * * //

dimensions      [0 0 0 1 0 0 0];

internalField   nonuniform List<scalar> 
1000
(
349.551
349.559
349.563
349.566
349.566
349.566
349.566
349.565
349.564
349.56
349.556
349.563
349.566
349.567
349.568
349.568
349.568
349.568
349.566
349.563
349.558
349.564
349.566
349.568
349.568
349.569
349.569
349.568
349.567
349.564
349.56
349.565
349.567
349.568
349.568
349.569
349.569
349.569
349.568
349.565
349.56
349.565
349.567
349.568
349.569
349.569
349.569
349.569
349.568
349.565
349.56
349.565
349.567
349.568
349.569
349.569
349.569
349.569
349.568
349.565
349.559
349.565
349.567
349.568
349.569
349.569
349.569
349.569
349.568
349.565
349.558
349.564
349.567
349.568
349.568
349.569
349.569
349.568
349.567
349.564
349.556
349.562
349.566
349.567
349.568
349.568
349.568
349.568
349.566
349.563
349.55
349.559
349.563
349.565
349.566
349.566
349.566
349.565
349.564
349.56
342.764
342.779
342.789
342.794
342.795
342.796
342.796
342.794
342.791
342.784
342.772
342.784
342.791
342.796
342.797
342.798
342.798
342.797
342.794
342.788
342.777
342.787
342.792
342.796
342.797
342.798
342.799
342.798
342.795
342.79
342.78
342.789
342.794
342.797
342.798
342.799
342.799
342.799
342.797
342.791
342.78
342.789
342.794
342.797
342.798
342.799
342.799
342.799
342.797
342.791
342.779
342.788
342.794
342.797
342.798
342.799
342.799
342.799
342.796
342.791
342.779
342.788
342.794
342.797
342.798
342.799
342.799
342.799
342.796
342.791
342.777
342.787
342.793
342.796
342.798
342.798
342.799
342.798
342.795
342.79
342.772
342.784
342.791
342.795
342.797
342.798
342.798
342.797
342.794
342.788
342.763
342.778
342.787
342.792
342.794
342.796
342.796
342.794
342.79
342.784
336.261
336.278
336.29
336.296
336.298
336.3
336.3
336.298
336.294
336.286
336.27
336.283
336.292
336.298
336.3
336.301
336.302
336.3
336.296
336.289
336.275
336.286
336.292
336.297
336.299
336.301
336.301
336.3
336.298
336.292
336.278
336.288
336.295
336.298
336.3
336.301
336.302
336.302
336.299
336.294
336.278
336.288
336.294
336.298
336.299
336.301
336.302
336.302
336.299
336.293
336.278
336.287
336.293
336.297
336.299
336.301
336.302
336.302
336.299
336.293
336.278
336.288
336.294
336.298
336.299
336.301
336.302
336.301
336.299
336.293
336.275
336.286
336.293
336.297
336.299
336.301
336.302
336.3
336.297
336.291
336.27
336.283
336.291
336.296
336.298
336.3
336.302
336.3
336.296
336.289
336.261
336.278
336.288
336.293
336.296
336.299
336.3
336.298
336.294
336.286
330.206
330.223
330.234
330.24
330.243
330.245
330.246
330.244
330.24
330.233
330.214
330.226
330.236
330.242
330.244
330.246
330.247
330.246
330.242
330.236
330.218
330.228
330.235
330.241
330.243
330.245
330.246
330.245
330.243
330.238
330.221
330.231
330.237
330.241
330.243
330.244
330.246
330.246
330.245
330.24
330.222
330.231
330.237
330.241
330.242
330.244
330.246
330.246
330.245
330.24
330.222
330.232
330.237
330.241
330.242
330.244
330.246
330.247
330.245
330.24
330.223
330.232
330.238
330.242
330.243
330.244
330.246
330.247
330.245
330.24
330.221
330.232
330.238
330.242
330.243
330.244
330.245
330.244
330.243
330.237
330.216
330.229
330.237
330.241
330.243
330.245
330.246
330.245
330.242
330.235
330.208
330.224
330.234
330.239
330.241
330.244
330.245
330.244
330.24
330.233
324.747
324.762
324.771
324.777
324.78
324.782
324.784
324.782
324.779
324.773
324.753
324.764
324.773
324.778
324.78
324.782
324.784
324.783
324.78
324.776
324.757
324.766
324.772
324.777
324.779
324.781
324.783
324.782
324.781
324.778
324.76
324.768
324.773
324.777
324.779
324.78
324.783
324.783
324.783
324.78
324.759
324.768
324.773
324.777
324.778
324.78
324.782
324.783
324.782
324.779
324.76
324.768
324.774
324.777
324.778
324.78
324.783
324.783
324.782
324.779
324.761
324.77
324.776
324.779
324.78
324.781
324.783
324.784
324.783
324.779
324.76
324.77
324.776
324.779
324.78
324.781
324.782
324.782
324.781
324.777
324.756
324.767
324.775
324.779
324.78
324.781
324.783
324.783
324.781
324.776
324.749
324.763
324.772
324.777
324.779
324.781
324.783
324.783
324.78
324.774
320.014
320.026
320.033
320.038
320.041
320.044
320.046
320.044
320.043
320.04
320.02
320.029
320.034
320.039
320.042
320.044
320.046
320.045
320.044
320.043
320.023
320.03
320.034
320.039
320.042
320.044
320.045
320.045
320.046
320.044
320.023
320.03
320.034
320.039
320.041
320.043
320.044
320.046
320.047
320.045
320.022
320.029
320.033
320.038
320.039
320.041
320.043
320.044
320.045
320.044
320.023
320.03
320.035
320.038
320.039
320.041
320.044
320.045
320.045
320.043
320.025
320.032
320.037
320.04
320.041
320.042
320.045
320.046
320.045
320.043
320.024
320.032
320.038
320.041
320.041
320.042
320.044
320.044
320.044
320.042
320.021
320.031
320.037
320.04
320.041
320.042
320.045
320.046
320.045
320.042
320.015
320.027
320.035
320.039
320.04
320.042
320.046
320.046
320.045
320.041
316.111
316.121
316.126
316.13
316.133
316.136
316.139
316.138
316.137
316.136
316.116
316.123
316.127
316.131
316.134
316.137
316.139
316.138
316.139
316.139
316.118
316.124
316.126
316.131
316.134
316.136
316.138
316.138
316.14
316.14
316.118
316.122
316.125
316.131
316.133
316.135
316.137
316.138
316.141
316.14
316.115
316.12
316.124
316.129
316.13
316.132
316.135
316.137
316.139
316.139
316.115
316.121
316.125
316.128
316.129
316.132
316.136
316.138
316.138
316.138
316.117
316.123
316.127
316.13
316.131
316.134
316.137
316.139
316.138
316.137
316.117
316.124
316.128
316.13
316.131
316.133
316.136
316.137
316.137
316.137
316.115
316.123
316.128
316.13
316.131
316.133
316.137
316.139
316.14
316.138
316.11
316.12
316.126
316.129
316.13
316.134
316.138
316.14
316.14
316.137
313.115
313.123
313.127
313.131
313.134
313.137
313.14
313.14
313.14
313.14
313.119
313.125
313.128
313.132
313.135
313.138
313.141
313.139
313.141
313.142
313.12
313.125
313.126
313.132
313.135
313.137
313.139
313.138
313.143
313.144
313.12
313.123
313.126
313.132
313.134
313.136
313.138
313.139
313.143
313.144
313.117
313.121
313.125
313.129
313.131
313.133
313.135
313.138
313.141
313.141
313.115
313.12
313.124
313.128
313.129
313.133
313.137
313.139
313.14
313.14
313.117
313.122
313.126
313.13
313.131
313.134
313.138
313.14
313.14
313.14
313.117
313.122
313.126
313.131
313.132
313.134
313.137
313.138
313.14
313.14
313.115
313.122
313.126
313.13
313.132
313.134
313.138
313.141
313.143
313.142
313.11
313.119
313.125
313.129
313.131
313.135
313.14
313.143
313.143
313.142
311.085
311.092
311.096
311.1
311.103
311.106
311.11
311.109
311.11
311.111
311.088
311.094
311.096
311.101
311.104
311.107
311.11
311.109
311.111
311.113
311.089
311.093
311.095
311.101
311.104
311.106
311.109
311.107
311.111
311.114
311.088
311.092
311.096
311.101
311.103
311.105
311.106
311.107
311.112
311.113
311.085
311.09
311.094
311.099
311.1
311.102
311.104
311.106
311.11
311.111
311.084
311.09
311.095
311.099
311.1
311.102
311.105
311.108
311.11
311.11
311.086
311.092
311.098
311.101
311.102
311.104
311.107
311.108
311.11
311.11
311.086
311.093
311.099
311.102
311.102
311.103
311.106
311.107
311.11
311.111
311.084
311.092
311.097
311.102
311.103
311.104
311.108
311.111
311.113
311.113
311.08
311.089
311.096
311.101
311.102
311.105
311.109
311.112
311.114
311.113
310.057
310.065
310.069
310.073
310.077
310.08
310.084
310.084
310.084
310.086
310.061
310.067
310.07
310.075
310.078
310.081
310.085
310.084
310.086
310.087
310.062
310.067
310.07
310.076
310.078
310.081
310.084
310.083
310.086
310.088
310.061
310.066
310.07
310.076
310.077
310.079
310.081
310.082
310.087
310.088
310.058
310.064
310.069
310.074
310.075
310.076
310.079
310.081
310.085
310.086
310.058
310.065
310.071
310.074
310.075
310.076
310.08
310.082
310.084
310.085
310.061
310.068
310.074
310.077
310.077
310.078
310.082
310.083
310.085
310.085
310.061
310.069
310.075
310.078
310.078
310.078
310.08
310.083
310.085
310.086
310.059
310.067
310.074
310.078
310.078
310.078
310.082
310.086
310.088
310.088
310.055
310.064
310.072
310.076
310.077
310.079
310.084
310.087
310.089
310.088
)
;

boundaryField
{
    bodyBottom
    {
        type            fixedValue;
        value           uniform 353;
    }
    solid_to_fluid
    {
        type            compressible::turbulentTemperatureCoupledBaffleMixed;
        refValue        nonuniform List<scalar> 
500
(
319.597
323.558
325.257
326.268
326.769
326.769
326.267
325.256
323.558
319.597
308.477
312.151
315.173
316.795
317.504
317.504
316.795
315.172
312.15
308.476
303.508
306.042
308.17
309.3
309.788
309.788
309.3
308.17
306.042
303.508
301.62
303.661
305.331
306.176
306.53
306.53
306.176
305.332
303.661
301.62
300.465
302.245
303.68
304.388
304.685
304.686
304.389
303.681
302.246
300.465
299.492
301.057
302.319
302.93
303.186
303.186
302.93
302.319
301.057
299.493
298.753
300.146
301.288
301.836
302.066
302.066
301.836
301.287
300.146
298.752
297.967
299.153
300.142
300.611
300.804
300.803
300.61
300.141
299.152
297.966
297.072
297.998
298.788
299.161
299.314
299.313
299.161
298.787
297.997
297.071
296.259
296.909
297.478
297.739
297.842
297.841
297.738
297.477
296.909
296.258
320.896
334.587
337.422
340.34
338.971
338.52
337.346
335.964
334.527
333.217
311.222
330.46
334.849
336.955
336.395
335.845
334.651
333.055
331.321
328.599
306.266
324.247
329.885
331.648
331.344
331.038
330.11
328.798
327.03
322.527
303.997
320.053
324.773
326.078
325.985
325.965
325.316
324.394
322.723
317.944
302.469
316.359
319.877
320.875
320.772
320.922
320.455
319.897
318.498
314.49
301.163
313.015
315.729
316.467
316.339
316.454
316.119
315.791
314.808
311.78
300.181
310.148
312.354
312.811
312.689
312.761
312.477
312.237
311.716
309.616
299.253
307.671
309.865
310.183
310.066
309.975
309.753
309.501
309.176
307.93
298.34
305.208
307.96
308.229
308.182
307.993
307.856
307.627
307.2
306.551
297.495
301.744
305.648
306.691
306.555
306.731
306.589
306.222
305.887
305.331
336.975
337.32
336.991
336.803
336.744
336.745
336.803
336.992
337.321
336.976
325.056
325.921
325.687
325.358
325.125
325.126
325.359
325.689
325.923
325.058
316.74
317.576
317.617
317.797
318.172
318.172
317.797
317.618
317.578
316.742
313.362
314.338
314.833
315.645
316.58
316.58
315.645
314.833
314.339
313.364
311.26
312.353
313.121
314.245
315.439
315.439
314.244
313.121
312.354
311.261
309.647
310.774
311.701
312.958
314.211
314.211
312.957
311.701
310.775
309.648
308.39
309.476
310.437
311.661
312.714
312.714
311.659
310.437
309.477
308.391
307.453
308.417
309.278
310.323
311.044
311.043
310.321
309.277
308.418
307.454
306.804
307.549
308.193
308.97
309.562
309.562
308.968
308.192
307.55
306.805
306.217
306.684
307.024
307.559
308.178
308.177
307.557
307.022
306.684
306.219
320.896
334.587
337.422
340.34
338.971
338.52
337.346
335.964
334.527
333.217
311.222
330.461
334.85
336.956
336.395
335.846
334.651
333.055
331.32
328.598
306.266
324.247
329.886
331.649
331.344
331.039
330.11
328.798
327.029
322.524
303.996
320.053
324.774
326.079
325.986
325.965
325.316
324.393
322.722
317.942
302.468
316.358
319.877
320.876
320.773
320.922
320.455
319.897
318.497
314.488
301.162
313.014
315.728
316.467
316.339
316.455
316.119
315.79
314.807
311.778
300.181
310.149
312.354
312.813
312.691
312.761
312.477
312.235
311.714
309.615
299.254
307.672
309.866
310.184
310.068
309.976
309.753
309.499
309.174
307.928
298.34
305.209
307.96
308.229
308.182
307.993
307.855
307.625
307.198
306.55
297.495
301.745
305.647
306.69
306.555
306.731
306.588
306.219
305.885
305.33
297.417
301.495
304.774
305.634
305.744
305.961
306.016
305.889
305.632
305.042
298.004
304.383
306.65
307.107
307.096
307.112
307.076
306.918
306.539
305.8
298.432
305.663
307.291
307.759
307.72
307.645
307.522
307.325
306.965
306.424
298.645
306.18
307.151
307.722
307.82
307.851
307.772
307.642
307.47
307.096
298.744
306.729
306.976
307.507
307.731
307.864
307.901
307.907
307.924
307.724
298.744
306.729
306.977
307.506
307.731
307.863
307.901
307.907
307.923
307.723
298.645
306.18
307.151
307.721
307.819
307.849
307.77
307.64
307.467
307.092
298.432
305.664
307.292
307.759
307.718
307.643
307.52
307.325
306.964
306.422
298.004
304.384
306.652
307.108
307.095
307.111
307.076
306.92
306.541
305.8
297.417
301.495
304.775
305.636
305.744
305.96
306.016
305.891
305.634
305.043
)
;
        refGradient     uniform 0;
        valueFraction   nonuniform List<scalar> 
500
(
0.000301416
0.000301416
0.000301416
0.000301416
0.000301416
0.000301416
0.000301416
0.000301416
0.000301416
0.000301416
0.000301416
0.000301416
0.000301416
0.000301416
0.000301416
0.000301416
0.000301416
0.000301416
0.000301416
0.000301416
0.000301416
0.000301416
0.000301416
0.000301416
0.000301416
0.000301416
0.000301416
0.000301416
0.000301416
0.000301416
0.000301416
0.000301416
0.000301416
0.000301416
0.000301416
0.000301416
0.000301416
0.000301416
0.000301416
0.000301416
0.000301416
0.000301416
0.000301416
0.000301416
0.000301416
0.000301416
0.000301416
0.000301416
0.000301416
0.000301416
0.000301416
0.000301416
0.000301416
0.000301416
0.000301416
0.000301416
0.000301416
0.000301416
0.000301416
0.000301416
0.000301416
0.000301416
0.000301416
0.000301416
0.000301416
0.000301416
0.000301416
0.000301416
0.000301416
0.000301416
0.000301416
0.000301416
0.000301416
0.000301416
0.000301416
0.000301416
0.000301416
0.000301416
0.000301416
0.000301416
0.000301416
0.000301416
0.000301416
0.000301416
0.000301416
0.000301416
0.000301416
0.000301416
0.000301416
0.000301416
0.000301416
0.000301416
0.000301416
0.000301416
0.000301416
0.000301416
0.000301416
0.000301416
0.000301416
0.000301416
0.000302436
0.000302436
0.000302436
0.000302436
0.000302436
0.000302436
0.000302436
0.000302436
0.000302436
0.000302436
0.000302436
0.000302436
0.000302436
0.000302436
0.000302436
0.000302436
0.000302436
0.000302436
0.000302436
0.000302436
0.000302436
0.000302436
0.000302436
0.000302436
0.000302436
0.000302436
0.000302436
0.000302436
0.000302436
0.000302436
0.000302436
0.000302436
0.000302436
0.000302436
0.000302436
0.000302436
0.000302436
0.000302436
0.000302436
0.000302436
0.000302436
0.000302436
0.000302436
0.000302436
0.000302436
0.000302436
0.000302436
0.000302436
0.000302436
0.000302436
0.000302436
0.000302436
0.000302436
0.000302436
0.000302436
0.000302436
0.000302436
0.000302436
0.000302436
0.000302436
0.000302436
0.000302436
0.000302436
0.000302436
0.000302436
0.000302436
0.000302436
0.000302436
0.000302436
0.000302436
0.000302436
0.000302436
0.000302436
0.000302436
0.000302436
0.000302436
0.000302436
0.000302436
0.000302436
0.000302436
0.000302436
0.000302436
0.000302436
0.000302436
0.000302436
0.000302436
0.000302436
0.000302436
0.000302436
0.000302436
0.000302436
0.000302436
0.000302436
0.000302436
0.000302436
0.000302436
0.000302436
0.000302436
0.000302436
0.000302436
0.000300478
0.000300478
0.000300478
0.000300478
0.000300478
0.000300478
0.000300478
0.000300478
0.000300478
0.000300478
0.000300478
0.000300478
0.000300478
0.000300478
0.000300478
0.000300478
0.000300478
0.000300478
0.000300478
0.000300478
0.000300478
0.000300478
0.000300478
0.000300478
0.000300478
0.000300478
0.000300478
0.000300478
0.000300478
0.000300478
0.000300478
0.000300478
0.000300478
0.000300478
0.000300478
0.000300478
0.000300478
0.000300478
0.000300478
0.000300478
0.000300478
0.000300478
0.000300478
0.000300478
0.000300478
0.000300478
0.000300478
0.000300478
0.000300478
0.000300478
0.000300478
0.000300478
0.000300478
0.000300478
0.000300478
0.000300478
0.000300478
0.000300478
0.000300478
0.000300478
0.000300478
0.000300478
0.000300478
0.000300478
0.000300478
0.000300478
0.000300478
0.000300478
0.000300478
0.000300478
0.000300478
0.000300478
0.000300478
0.000300478
0.000300478
0.000300478
0.000300478
0.000300478
0.000300478
0.000300478
0.000300478
0.000300478
0.000300478
0.000300478
0.000300478
0.000300478
0.000300478
0.000300478
0.000300478
0.000300478
0.000300478
0.000300478
0.000300478
0.000300478
0.000300478
0.000300478
0.000300478
0.000300478
0.000300478
0.000300478
0.000302436
0.000302436
0.000302436
0.000302436
0.000302436
0.000302436
0.000302436
0.000302436
0.000302436
0.000302436
0.000302436
0.000302436
0.000302436
0.000302436
0.000302436
0.000302436
0.000302436
0.000302436
0.000302436
0.000302436
0.000302436
0.000302436
0.000302436
0.000302436
0.000302436
0.000302436
0.000302436
0.000302436
0.000302436
0.000302436
0.000302436
0.000302436
0.000302436
0.000302436
0.000302436
0.000302436
0.000302436
0.000302436
0.000302436
0.000302436
0.000302436
0.000302436
0.000302436
0.000302436
0.000302436
0.000302436
0.000302436
0.000302436
0.000302436
0.000302436
0.000302436
0.000302436
0.000302436
0.000302436
0.000302436
0.000302436
0.000302436
0.000302436
0.000302436
0.000302436
0.000302436
0.000302436
0.000302436
0.000302436
0.000302436
0.000302436
0.000302436
0.000302436
0.000302436
0.000302436
0.000302436
0.000302436
0.000302436
0.000302436
0.000302436
0.000302436
0.000302436
0.000302436
0.000302436
0.000302436
0.000302436
0.000302436
0.000302436
0.000302436
0.000302436
0.000302436
0.000302436
0.000302436
0.000302436
0.000302436
0.000302436
0.000302436
0.000302436
0.000302436
0.000302436
0.000302436
0.000302436
0.000302436
0.000302436
0.000302436
0.000301115
0.000301115
0.000301115
0.000301115
0.000301115
0.000301115
0.000301115
0.000301115
0.000301115
0.000301115
0.000301115
0.000301115
0.000301115
0.000301115
0.000301115
0.000301115
0.000301115
0.000301115
0.000301115
0.000301115
0.000301115
0.000301115
0.000301115
0.000301115
0.000301115
0.000301115
0.000301115
0.000301115
0.000301115
0.000301115
0.000301115
0.000301115
0.000301115
0.000301115
0.000301115
0.000301115
0.000301115
0.000301115
0.000301115
0.000301115
0.000301115
0.000301115
0.000301115
0.000301115
0.000301115
0.000301115
0.000301115
0.000301115
0.000301115
0.000301115
0.000301115
0.000301115
0.000301115
0.000301115
0.000301115
0.000301115
0.000301115
0.000301115
0.000301115
0.000301115
0.000301115
0.000301115
0.000301115
0.000301115
0.000301115
0.000301115
0.000301115
0.000301115
0.000301115
0.000301115
0.000301115
0.000301115
0.000301115
0.000301115
0.000301115
0.000301115
0.000301115
0.000301115
0.000301115
0.000301115
0.000301115
0.000301115
0.000301115
0.000301115
0.000301115
0.000301115
0.000301115
0.000301115
0.000301115
0.000301115
0.000301115
0.000301115
0.000301115
0.000301115
0.000301115
0.000301115
0.000301115
0.000301115
0.000301115
0.000301115
)
;
        source          uniform 0;
        Tnbr            T;
        kappaMethod     solidThermo;
        value           nonuniform List<scalar> 
500
(
349.541
349.548
349.551
349.552
349.553
349.552
349.552
349.551
349.548
349.541
342.752
342.762
342.767
342.771
342.771
342.77
342.77
342.767
342.761
342.751
336.249
336.259
336.264
336.268
336.268
336.268
336.268
336.265
336.259
336.249
330.195
330.203
330.208
330.212
330.212
330.212
330.213
330.211
330.206
330.196
324.737
324.743
324.747
324.75
324.75
324.751
324.752
324.751
324.746
324.738
320.005
320.011
320.014
320.015
320.014
320.014
320.016
320.015
320.012
320.005
316.102
316.107
316.109
316.109
316.107
316.107
316.109
316.109
316.106
316.1
313.106
313.111
313.112
313.112
313.109
313.107
313.109
313.109
313.106
313.102
311.076
311.08
311.081
311.08
311.077
311.076
311.078
311.078
311.076
311.071
310.048
310.052
310.053
310.053
310.05
310.05
310.052
310.053
310.05
310.046
349.541
349.554
349.559
349.562
349.562
349.563
349.562
349.561
349.559
349.555
342.752
342.773
342.784
342.789
342.791
342.792
342.792
342.79
342.786
342.778
336.25
336.272
336.284
336.29
336.293
336.295
336.296
336.294
336.289
336.279
330.197
330.218
330.23
330.235
330.237
330.24
330.241
330.24
330.235
330.226
324.739
324.757
324.768
324.773
324.774
324.776
324.779
324.778
324.775
324.767
320.006
320.021
320.03
320.034
320.035
320.038
320.041
320.041
320.04
320.035
316.101
316.114
316.121
316.124
316.125
316.129
316.133
316.135
316.135
316.131
313.102
313.114
313.119
313.124
313.126
313.13
313.135
313.137
313.138
313.136
311.072
311.083
311.09
311.095
311.097
311.099
311.104
311.107
311.108
311.107
310.046
310.057
310.066
310.071
310.071
310.074
310.078
310.081
310.083
310.082
349.556
349.559
349.56
349.561
349.561
349.561
349.561
349.56
349.559
349.556
342.777
342.782
342.783
342.785
342.785
342.785
342.785
342.783
342.781
342.777
336.278
336.282
336.284
336.286
336.286
336.286
336.286
336.284
336.282
336.278
330.225
330.228
330.23
330.233
330.233
330.233
330.233
330.23
330.228
330.225
324.766
324.769
324.771
324.773
324.773
324.773
324.773
324.77
324.769
324.766
320.033
320.036
320.038
320.04
320.039
320.038
320.037
320.036
320.036
320.034
316.13
316.133
316.134
316.135
316.134
316.133
316.132
316.131
316.132
316.131
313.134
313.137
313.138
313.138
313.136
313.135
313.135
313.135
313.137
313.136
311.105
311.107
311.108
311.108
311.106
311.105
311.105
311.105
311.108
311.107
310.08
310.082
310.083
310.083
310.081
310.08
310.079
310.08
310.083
310.082
349.541
349.554
349.559
349.562
349.563
349.563
349.562
349.561
349.559
349.555
342.753
342.775
342.785
342.791
342.792
342.793
342.793
342.79
342.786
342.778
336.25
336.273
336.286
336.293
336.295
336.296
336.296
336.294
336.289
336.28
330.196
330.217
330.23
330.237
330.239
330.241
330.242
330.24
330.235
330.226
324.737
324.756
324.766
324.773
324.775
324.777
324.779
324.778
324.774
324.767
320.005
320.02
320.028
320.033
320.036
320.039
320.041
320.04
320.037
320.034
316.102
316.115
316.121
316.125
316.128
316.131
316.134
316.132
316.132
316.13
313.107
313.117
313.122
313.126
313.129
313.132
313.135
313.134
313.134
313.134
311.076
311.086
311.09
311.094
311.098
311.101
311.104
311.104
311.104
311.105
310.048
310.057
310.063
310.068
310.071
310.075
310.078
310.078
310.078
310.08
310.048
310.057
310.063
310.067
310.071
310.075
310.078
310.078
310.078
310.079
310.052
310.061
310.064
310.069
310.073
310.076
310.079
310.079
310.08
310.082
310.054
310.061
310.065
310.071
310.073
310.076
310.078
310.078
310.081
310.083
310.053
310.06
310.065
310.071
310.072
310.074
310.076
310.077
310.081
310.083
310.05
310.058
310.063
310.068
310.069
310.071
310.074
310.076
310.08
310.081
310.05
310.06
310.065
310.069
310.069
310.071
310.075
310.077
310.079
310.08
310.053
310.063
310.068
310.072
310.072
310.073
310.077
310.078
310.079
310.079
310.053
310.063
310.069
310.073
310.073
310.072
310.075
310.077
310.08
310.08
310.051
310.061
310.068
310.072
310.072
310.073
310.077
310.081
310.083
310.082
310.046
310.057
310.066
310.07
310.071
310.073
310.078
310.081
310.083
310.082
)
;
    }
}


// ************************************************************************* //
