/*--------------------------------*- C++ -*----------------------------------*\
| =========                 |                                                 |
| \\      /  F ield         | OpenFOAM: The Open Source CFD Toolbox           |
|  \\    /   O peration     | Version:  2412                                  |
|   \\  /    A nd           | Website:  www.openfoam.com                      |
|    \\/     M anipulation  |                                                 |
\*---------------------------------------------------------------------------*/
FoamFile
{
    version     2.0;
    format      ascii;
    arch        "LSB;label=32;scalar=64";
    class       volScalarField;
    location    "1.1/solid";
    object      wallHeatFlux;
}
// * * * * * * * * * * * * * * * * * * * * * * * * * * * * * * * * * * * * * //

dimensions      [1 0 -3 0 0 0 0];

internalField   uniform 0;

boundaryField
{
    bodyBottom
    {
        type            calculated;
        value           nonuniform List<scalar> 
100
(
707045
706020
705610
705200
705200
705200
705405
705610
706020
707250
705405
704585
704380
704175
704175
704175
704175
704380
704790
705405
704585
703970
703970
703765
703765
703765
703765
703765
703970
704585
703970
703765
703560
703560
703560
703560
703560
703560
703765
704175
703970
703560
703560
703560
703355
703355
703355
703560
703560
703970
703970
703560
703355
703355
703355
703355
703355
703355
703560
703970
703970
703560
703355
703355
703355
703355
703355
703355
703560
703970
704175
703560
703560
703355
703355
703355
703355
703560
703560
704175
704380
703970
703765
703560
703560
703560
703560
703765
703970
704380
705200
704585
704380
704175
704175
704175
704175
704380
704585
705200
)
;
    }
    solid_to_fluid
    {
        type            calculated;
        value           nonuniform List<scalar> 
500
(
-2050
-1640
-1435
-1640
-1435
-1640
-1435
-1435
-1640
-1845
-2460
-2050
-2050
-1845
-1845
-1845
-1845
-2050
-2255
-2460
-2460
-2255
-2255
-2050
-2050
-2050
-2050
-2050
-2255
-2460
-2255
-2255
-2050
-1845
-2050
-2050
-2050
-2050
-2050
-2460
-2050
-2050
-2050
-2050
-1845
-1845
-1845
-1845
-2050
-2255
-1845
-1845
-1845
-1640
-1640
-1845
-1845
-1845
-1845
-2050
-1845
-1845
-1845
-1845
-1640
-1640
-1640
-1640
-1845
-2050
-1845
-1640
-1640
-1640
-1640
-1640
-1640
-1640
-1845
-1640
-1845
-1640
-1640
-1640
-1640
-1640
-1640
-1640
-1640
-1845
-1845
-1845
-1845
-1640
-1640
-1640
-1845
-1640
-1845
-1845
-1845
-1025
-820
-615
-820
-615
-820
-820
-1025
-1025
-2255
-1025
-615
-615
-615
-820
-820
-820
-820
-1230
-2255
-1230
-820
-615
-615
-820
-820
-820
-1025
-1435
-2255
-1230
-820
-820
-820
-820
-820
-820
-1025
-1435
-2050
-1230
-820
-820
-1025
-1025
-820
-1025
-1025
-1435
-1845
-1230
-1025
-1025
-1025
-820
-1025
-1025
-1025
-1230
-1845
-1230
-1025
-1025
-1025
-1025
-1025
-1025
-1025
-1230
-1640
-1025
-1230
-1025
-1025
-1025
-1025
-1230
-1025
-1230
-1640
-1230
-1230
-1230
-1025
-1230
-1025
-1025
-1230
-1230
-1845
-1435
-1230
-1025
-1230
-1025
-1230
-1230
-1230
-1230
-820
-820
-820
-820
-820
-820
-820
-820
-820
-820
-1435
-1230
-1435
-1230
-1230
-1230
-1230
-1435
-1435
-1435
-1640
-1435
-1640
-1640
-1435
-1435
-1435
-1435
-1435
-1640
-1640
-1640
-1640
-1435
-1435
-1435
-1435
-1435
-1435
-1640
-1435
-1435
-1435
-1435
-1230
-1230
-1230
-1435
-1435
-1640
-1435
-1435
-1230
-1025
-1025
-1025
-1230
-1230
-1230
-1435
-1230
-1230
-1230
-1025
-1025
-1025
-1025
-1230
-1230
-1230
-1230
-1025
-1230
-1230
-1025
-1025
-1025
-1025
-1025
-1230
-1230
-1230
-1230
-1025
-1025
-1025
-1025
-1230
-1025
-1230
-1230
-1025
-1025
-1025
-1025
-1025
-1230
-1230
-1025
-1230
-2050
-1025
-820
-820
-615
-615
-820
-820
-1025
-1025
-2255
-820
-820
-615
-615
-615
-615
-820
-1025
-1230
-2255
-1025
-820
-615
-615
-820
-820
-820
-1025
-1230
-2050
-1230
-820
-615
-820
-820
-820
-820
-1025
-1435
-2050
-1230
-1025
-820
-1025
-1025
-1025
-820
-1025
-1230
-1845
-1230
-1025
-1025
-1025
-1025
-1025
-820
-1230
-1230
-1845
-1230
-1025
-1025
-1025
-1025
-1025
-1230
-1025
-1230
-1640
-1230
-1025
-1025
-1025
-1025
-1025
-1230
-1230
-1230
-1845
-1230
-1230
-1230
-1025
-1025
-1230
-1025
-1230
-1230
-1845
-1640
-1230
-1025
-1230
-1025
-1230
-1230
-1230
-1230
-1845
-1640
-1230
-1230
-1230
-1025
-1230
-1230
-1230
-1435
-1845
-1230
-1230
-1230
-1025
-1025
-1230
-1025
-1230
-1025
-1640
-1230
-1025
-1025
-1025
-1025
-1230
-1025
-1025
-1025
-1640
-1230
-1025
-1025
-1025
-1025
-1025
-1025
-1230
-1025
-1640
-1230
-1230
-1230
-1230
-1025
-1025
-1025
-1025
-1025
-1640
-1025
-1230
-1025
-1230
-1025
-1025
-1025
-1025
-1025
-1640
-1025
-1230
-1025
-1025
-1025
-1025
-1025
-1230
-1230
-1640
-1230
-1230
-1025
-1025
-1230
-1025
-1230
-1025
-1230
-1640
-1230
-1230
-1230
-1230
-1025
-1025
-1025
-1025
-1230
-1845
-1435
-1230
-1230
-1230
-1230
-1230
-1230
-1230
-1230
)
;
    }
}


// ************************************************************************* //
