/*--------------------------------*- C++ -*----------------------------------*\
| =========                 |                                                 |
| \\      /  F ield         | OpenFOAM: The Open Source CFD Toolbox           |
|  \\    /   O peration     | Version:  2412                                  |
|   \\  /    A nd           | Website:  www.openfoam.com                      |
|    \\/     M anipulation  |                                                 |
\*---------------------------------------------------------------------------*/
FoamFile
{
    version     2.0;
    format      ascii;
    arch        "LSB;label=32;scalar=64";
    class       faceSet;
    location    "constant/polyMesh/sets";
    object      nonOrthoFaces;
}
// * * * * * * * * * * * * * * * * * * * * * * * * * * * * * * * * * * * * * //


367
(
21525
21526
21527
21528
21529
21530
21531
21532
21533
21534
21535
21536
21537
21538
21540
21575
21576
21577
21578
21579
21580
21581
21582
21583
21584
21585
21586
21587
21588
21590
21625
21626
21627
21628
21629
21630
21631
21632
21633
21634
21635
21636
21637
21638
21640
21675
21676
21677
21678
21679
21680
21681
21682
21683
21684
21685
21686
21687
21688
21690
21725
21726
21727
21728
21729
21730
21731
21732
21733
21734
21735
21736
21737
21738
21740
21775
21776
21777
21778
21779
21780
21781
21782
21783
21784
21785
21786
21787
21788
21790
21825
21826
21827
21828
21829
21830
21831
21832
21833
21834
21835
21836
21837
21838
21840
21875
21876
21877
21878
21879
21880
21881
21882
21883
21884
21885
21886
21887
21888
21890
21925
21926
21927
21928
21929
21930
21931
21932
21933
21934
21935
21936
21937
21938
21940
21975
21976
21977
21978
21979
21980
21981
21982
21983
21984
21985
21986
21987
21988
21990
22025
22026
22027
22028
22029
22030
22031
22032
22033
22034
22035
22036
22037
22038
22040
22075
22076
22077
22078
22079
22080
22081
22082
22083
22084
22085
22086
22087
22088
22090
22125
22126
22127
22128
22129
22130
22131
22132
22133
22134
22135
22136
22137
22138
22140
21125
21126
21127
21128
21129
21130
21131
21132
21133
21134
21135
21136
21137
21138
21140
22175
22176
22177
22178
22179
22180
22181
22182
22183
22184
22185
22186
22187
22188
22190
21175
21176
21177
21178
21179
21180
21181
21182
21183
21184
21185
21186
21187
21188
21190
22225
22226
22227
22228
22229
22230
22231
22232
22233
22234
22235
22236
22237
22238
22240
21225
21226
21227
21228
21229
21230
21231
21232
21233
21234
21235
21236
21237
21238
21240
22275
22276
22277
22278
22279
22280
22281
22282
22283
22284
22285
22286
22287
22288
22290
21275
21276
21277
21278
21279
21280
21281
21282
21283
21284
21285
21286
21287
21288
21290
22325
22326
22327
22328
22329
22330
22331
21325
21326
21327
21328
21329
21330
21331
21332
21333
21334
21335
21336
21337
21338
21340
21375
21376
21377
21378
21379
21380
21381
21382
21383
21384
21385
21386
21387
21388
21390
21425
21426
21427
21428
21429
21430
21431
21432
21433
21434
21435
21436
21437
21438
21440
21475
21476
21477
21478
21479
21480
21481
21482
21483
21484
21485
21486
21487
21488
21490
)


// ************************************************************************* //
