/*--------------------------------*- C++ -*----------------------------------*\
| =========                 |                                                 |
| \\      /  F ield         | OpenFOAM: The Open Source CFD Toolbox           |
|  \\    /   O peration     | Version:  2412                                  |
|   \\  /    A nd           | Website:  www.openfoam.com                      |
|    \\/     M anipulation  |                                                 |
\*---------------------------------------------------------------------------*/
FoamFile
{
    version     2.0;
    format      ascii;
    arch        "LSB;label=32;scalar=64";
    class       volScalarField;
    location    "3.6/solid";
    object      T;
}
// * * * * * * * * * * * * * * * * * * * * * * * * * * * * * * * * * * * * * //

dimensions      [0 0 0 1 0 0 0];

internalField   nonuniform List<scalar> 
1000
(
352.038
352.048
352.053
352.056
352.057
352.058
352.057
352.057
352.055
352.052
352.045
352.051
352.055
352.058
352.059
352.06
352.06
352.059
352.058
352.055
352.047
352.053
352.057
352.059
352.06
352.061
352.061
352.06
352.059
352.056
352.049
352.054
352.057
352.059
352.06
352.061
352.061
352.061
352.059
352.056
352.05
352.055
352.058
352.06
352.061
352.061
352.061
352.061
352.06
352.057
352.05
352.055
352.058
352.06
352.061
352.061
352.061
352.061
352.06
352.057
352.049
352.054
352.057
352.059
352.06
352.061
352.061
352.061
352.059
352.056
352.047
352.053
352.057
352.059
352.06
352.061
352.061
352.06
352.059
352.056
352.045
352.051
352.055
352.058
352.059
352.06
352.06
352.059
352.058
352.055
352.038
352.048
352.053
352.056
352.057
352.058
352.057
352.057
352.055
352.052
350.156
350.175
350.187
350.195
350.199
350.2
350.2
350.198
350.194
350.188
350.167
350.182
350.192
350.198
350.202
350.204
350.204
350.202
350.199
350.193
350.174
350.186
350.195
350.2
350.204
350.205
350.206
350.204
350.201
350.195
350.178
350.189
350.197
350.202
350.205
350.207
350.207
350.206
350.203
350.196
350.179
350.19
350.197
350.202
350.205
350.207
350.208
350.206
350.203
350.197
350.179
350.19
350.197
350.202
350.205
350.207
350.208
350.206
350.203
350.197
350.178
350.189
350.197
350.202
350.205
350.207
350.207
350.206
350.202
350.196
350.174
350.186
350.195
350.2
350.204
350.205
350.206
350.204
350.201
350.195
350.167
350.182
350.191
350.198
350.202
350.204
350.204
350.202
350.198
350.192
350.156
350.175
350.187
350.195
350.198
350.2
350.2
350.198
350.194
350.187
348.355
348.378
348.395
348.405
348.411
348.414
348.415
348.412
348.406
348.397
348.368
348.386
348.4
348.409
348.415
348.418
348.418
348.416
348.411
348.403
348.376
348.392
348.403
348.412
348.417
348.42
348.421
348.419
348.415
348.407
348.381
348.396
348.406
348.414
348.419
348.422
348.422
348.421
348.417
348.409
348.383
348.397
348.407
348.415
348.419
348.422
348.423
348.422
348.417
348.409
348.383
348.397
348.407
348.415
348.419
348.422
348.423
348.422
348.417
348.409
348.381
348.395
348.406
348.414
348.419
348.422
348.422
348.421
348.417
348.408
348.376
348.392
348.403
348.412
348.417
348.42
348.421
348.419
348.414
348.406
348.368
348.386
348.4
348.409
348.414
348.418
348.418
348.416
348.411
348.402
348.355
348.378
348.394
348.405
348.411
348.414
348.415
348.412
348.406
348.396
346.674
346.7
346.718
346.73
346.738
346.742
346.743
346.74
346.734
346.724
346.688
346.708
346.723
346.735
346.742
346.746
346.747
346.745
346.739
346.731
346.697
346.714
346.727
346.738
346.744
346.748
346.75
346.748
346.743
346.735
346.702
346.718
346.731
346.74
346.746
346.75
346.751
346.75
346.746
346.738
346.704
346.72
346.732
346.741
346.747
346.751
346.752
346.751
346.747
346.739
346.704
346.72
346.732
346.741
346.747
346.751
346.752
346.751
346.747
346.738
346.702
346.718
346.731
346.74
346.746
346.75
346.751
346.75
346.746
346.737
346.697
346.715
346.728
346.738
346.744
346.748
346.749
346.748
346.743
346.734
346.689
346.708
346.724
346.735
346.741
346.746
346.747
346.745
346.739
346.73
346.675
346.7
346.718
346.73
346.738
346.742
346.743
346.74
346.734
346.723
345.152
345.178
345.197
345.211
345.219
345.224
345.226
345.224
345.218
345.208
345.166
345.186
345.203
345.215
345.223
345.228
345.23
345.228
345.223
345.215
345.174
345.192
345.207
345.218
345.226
345.231
345.233
345.231
345.227
345.219
345.18
345.197
345.21
345.221
345.228
345.233
345.235
345.234
345.23
345.223
345.182
345.199
345.212
345.222
345.229
345.234
345.236
345.235
345.231
345.224
345.182
345.199
345.212
345.222
345.229
345.234
345.236
345.235
345.231
345.224
345.18
345.197
345.211
345.221
345.228
345.233
345.235
345.234
345.23
345.222
345.175
345.193
345.208
345.219
345.226
345.231
345.233
345.231
345.227
345.219
345.166
345.187
345.203
345.215
345.223
345.228
345.23
345.228
345.223
345.214
345.153
345.178
345.197
345.211
345.219
345.224
345.226
345.224
345.218
345.208
343.824
343.849
343.869
343.883
343.893
343.899
343.901
343.899
343.894
343.885
343.837
343.858
343.874
343.888
343.897
343.903
343.905
343.904
343.9
343.892
343.846
343.864
343.879
343.891
343.9
343.906
343.908
343.907
343.904
343.897
343.851
343.868
343.882
343.894
343.902
343.908
343.91
343.91
343.907
343.901
343.853
343.87
343.884
343.895
343.903
343.908
343.911
343.911
343.908
343.902
343.854
343.87
343.884
343.895
343.903
343.908
343.911
343.911
343.908
343.901
343.852
343.869
343.883
343.894
343.902
343.908
343.911
343.91
343.906
343.899
343.846
343.864
343.88
343.892
343.9
343.905
343.908
343.907
343.903
343.896
343.837
343.858
343.875
343.888
343.897
343.902
343.905
343.904
343.9
343.892
343.824
343.849
343.869
343.883
343.893
343.899
343.901
343.9
343.895
343.885
342.719
342.745
342.765
342.78
342.791
342.797
342.8
342.799
342.795
342.787
342.733
342.753
342.77
342.785
342.795
342.801
342.805
342.804
342.8
342.794
342.742
342.76
342.775
342.788
342.798
342.805
342.808
342.807
342.805
342.799
342.747
342.764
342.778
342.791
342.8
342.807
342.81
342.81
342.808
342.802
342.749
342.765
342.78
342.792
342.801
342.807
342.81
342.811
342.809
342.804
342.749
342.765
342.78
342.792
342.801
342.807
342.811
342.811
342.809
342.803
342.747
342.764
342.779
342.791
342.8
342.806
342.81
342.81
342.807
342.801
342.741
342.76
342.776
342.788
342.798
342.804
342.808
342.807
342.804
342.797
342.732
342.753
342.771
342.784
342.794
342.801
342.804
342.804
342.801
342.793
342.719
342.744
342.765
342.78
342.79
342.797
342.801
342.8
342.796
342.787
341.863
341.889
341.91
341.927
341.938
341.946
341.949
341.949
341.945
341.938
341.877
341.898
341.916
341.932
341.943
341.95
341.954
341.953
341.95
341.945
341.886
341.905
341.921
341.936
341.946
341.953
341.957
341.957
341.955
341.95
341.891
341.909
341.925
341.939
341.949
341.955
341.959
341.96
341.958
341.954
341.893
341.91
341.926
341.94
341.949
341.956
341.96
341.961
341.959
341.955
341.893
341.91
341.926
341.939
341.949
341.956
341.96
341.961
341.959
341.954
341.89
341.908
341.925
341.938
341.948
341.955
341.959
341.96
341.957
341.952
341.885
341.904
341.921
341.936
341.946
341.953
341.957
341.957
341.954
341.949
341.876
341.897
341.916
341.931
341.942
341.949
341.954
341.954
341.951
341.945
341.862
341.888
341.91
341.926
341.938
341.946
341.95
341.95
341.946
341.939
341.275
341.302
341.326
341.344
341.356
341.364
341.369
341.368
341.365
341.359
341.289
341.312
341.332
341.349
341.361
341.369
341.373
341.373
341.37
341.365
341.299
341.319
341.338
341.354
341.365
341.373
341.377
341.377
341.375
341.371
341.304
341.324
341.342
341.357
341.368
341.375
341.379
341.38
341.378
341.374
341.306
341.326
341.343
341.358
341.368
341.376
341.38
341.381
341.379
341.375
341.306
341.326
341.344
341.358
341.368
341.376
341.38
341.381
341.379
341.375
341.304
341.324
341.342
341.357
341.368
341.375
341.379
341.38
341.378
341.372
341.298
341.319
341.339
341.354
341.365
341.372
341.376
341.377
341.375
341.369
341.288
341.312
341.333
341.35
341.361
341.368
341.373
341.374
341.371
341.365
341.274
341.302
341.326
341.344
341.356
341.364
341.369
341.37
341.366
341.359
340.968
340.998
341.025
341.045
341.058
341.067
341.071
341.071
341.067
341.061
340.983
341.01
341.033
341.051
341.064
341.073
341.077
341.077
341.074
341.069
340.993
341.018
341.04
341.057
341.069
341.077
341.081
341.081
341.079
341.074
340.999
341.024
341.044
341.06
341.072
341.079
341.083
341.084
341.083
341.078
341.001
341.026
341.046
341.061
341.072
341.08
341.084
341.085
341.084
341.079
341.001
341.026
341.046
341.062
341.072
341.08
341.085
341.086
341.084
341.079
340.999
341.024
341.045
341.061
341.072
341.079
341.084
341.084
341.082
341.076
340.993
341.019
341.041
341.058
341.069
341.076
341.08
341.081
341.079
341.073
340.983
341.01
341.034
341.052
341.064
341.072
341.077
341.078
341.075
341.069
340.968
340.998
341.026
341.046
341.059
341.067
341.072
341.073
341.069
341.062
)
;

boundaryField
{
    bodyBottom
    {
        type            fixedValue;
        value           uniform 353;
    }
    solid_to_fluid
    {
        type            compressible::turbulentTemperatureCoupledBaffleMixed;
        refValue        nonuniform List<scalar> 
500
(
322.734
327.305
329.283
330.432
331.006
331.011
330.44
329.291
327.313
322.754
311.995
316.656
320.493
322.547
323.454
323.46
322.56
320.507
316.67
312.012
307.159
310.705
313.695
315.287
315.987
315.994
315.296
313.704
310.714
307.17
305.838
308.975
311.554
312.866
313.426
313.432
312.872
311.56
308.982
305.847
305.387
308.4
310.833
312.039
312.554
312.559
312.045
310.839
308.406
305.395
305.311
308.324
310.758
311.946
312.454
312.459
311.951
310.762
308.329
305.318
305.189
308.152
310.57
311.73
312.223
312.228
311.735
310.574
308.157
305.196
304.638
307.38
309.642
310.702
311.143
311.147
310.706
309.646
307.384
304.644
303.357
305.636
307.549
308.435
308.798
308.802
308.438
307.553
305.639
303.363
301.735
303.394
304.815
305.452
305.701
305.704
305.454
304.818
303.397
301.74
323.766
337.582
340.411
343.212
341.9
341.378
340.229
338.93
337.607
336.561
315.039
336.562
340.935
342.967
342.355
341.736
340.463
338.92
337.342
335.145
310.705
333.166
339.553
341.338
340.867
340.461
339.31
337.875
336.135
331.561
309.298
331.815
337.985
339.369
339.063
339.011
338.015
336.857
335.026
329.034
308.696
330.786
336.255
337.49
337.152
337.298
336.462
335.636
333.848
327.916
308.462
329.921
334.898
336.044
335.705
335.899
335.173
334.535
332.95
327.475
308.229
328.806
333.868
334.87
334.592
334.766
334.08
333.442
332.207
327.439
307.708
327.28
333.305
334.272
334.11
334.009
333.419
332.672
331.563
327.726
306.685
324.278
332.469
333.463
333.619
333.235
332.784
331.972
330.453
327.939
305.205
316.852
328.496
331.409
331.249
331.965
331.649
330.452
329.151
326.919
341.341
341.622
341.019
340.432
340.02
339.738
339.933
340.349
340.827
340.569
334.113
334.863
333.909
332.704
331.846
331.286
331.854
332.696
333.346
332.534
327.067
327.764
326.845
325.882
325.56
325.193
325.247
325.749
326.22
325.373
324.609
325.658
325.403
325.367
325.963
325.702
324.729
324.336
324.159
322.993
324.339
325.771
326.005
326.582
327.659
327.406
325.758
324.82
324.29
322.855
324.59
326.309
326.965
328.017
329.346
329.033
326.853
325.44
324.675
323.12
325.283
327.181
328.129
329.436
330.765
330.295
327.938
326.193
325.332
323.772
326.375
328.265
329.268
330.551
331.673
331.037
328.801
327.003
326.26
324.844
327.688
329.237
329.925
330.91
331.712
330.951
329.019
327.561
327.273
326.29
328.233
329.007
329.047
329.587
330.083
329.226
327.615
326.791
327.336
327.198
323.734
337.55
340.366
343.189
341.866
341.404
340.309
339.053
337.766
336.797
315.009
336.522
340.906
342.981
342.385
341.826
340.632
339.154
337.672
335.786
310.683
333.141
339.561
341.386
340.94
340.58
339.527
338.193
336.619
332.671
309.279
331.795
337.992
339.415
339.146
339.136
338.22
337.17
335.549
330.232
308.679
330.764
336.247
337.498
337.198
337.41
336.637
335.908
334.358
328.987
308.446
329.89
334.87
336.026
335.72
335.974
335.304
334.75
333.374
328.401
308.214
328.766
333.838
334.857
334.605
334.811
334.188
333.611
332.532
328.234
307.693
327.241
333.297
334.283
334.15
334.082
333.543
332.83
331.823
328.396
306.671
324.203
332.436
333.477
333.671
333.309
332.923
332.248
330.796
328.42
305.191
316.763
328.246
331.338
331.248
331.953
331.802
330.613
329.298
327.265
305.294
317.268
327.502
329.535
329.853
330.54
330.772
330.275
329.188
326.934
306.862
325.425
332.516
333.943
333.924
333.943
333.755
333.077
331.589
329
307.978
328.807
334.016
335.52
335.448
335.166
334.694
333.922
332.51
330.477
308.518
330.059
333.493
334.981
335.179
335.159
334.854
334.302
333.622
331.504
308.749
330.826
332.909
334.242
334.742
334.922
334.915
334.789
334.538
332.282
308.751
330.801
332.825
334.161
334.68
334.866
334.827
334.634
334.26
331.632
308.517
329.993
333.412
334.939
335.181
335.187
334.865
334.233
333.308
330.409
307.978
328.757
333.976
335.462
335.391
335.125
334.652
333.833
332.302
329.576
306.862
325.332
332.364
333.821
333.814
333.869
333.678
332.969
331.403
328.532
305.293
317.183
327.159
329.381
329.791
330.519
330.713
330.189
329.045
326.624
)
;
        refGradient     uniform 0;
        valueFraction   nonuniform List<scalar> 
500
(
0.000301416
0.000301416
0.000301416
0.000301416
0.000301416
0.000301416
0.000301416
0.000301416
0.000301416
0.000301416
0.000301416
0.000301416
0.000301416
0.000301416
0.000301416
0.000301416
0.000301416
0.000301416
0.000301416
0.000301416
0.000301416
0.000301416
0.000301416
0.000301416
0.000301416
0.000301416
0.000301416
0.000301416
0.000301416
0.000301416
0.000301416
0.000301416
0.000301416
0.000301416
0.000301416
0.000301416
0.000301416
0.000301416
0.000301416
0.000301416
0.000301416
0.000301416
0.000301416
0.000301416
0.000301416
0.000301416
0.000301416
0.000301416
0.000301416
0.000301416
0.000301416
0.000301416
0.000301416
0.000301416
0.000301416
0.000301416
0.000301416
0.000301416
0.000301416
0.000301416
0.000301416
0.000301416
0.000301416
0.000301416
0.000301416
0.000301416
0.000301416
0.000301416
0.000301416
0.000301416
0.000301416
0.000301416
0.000301416
0.000301416
0.000301416
0.000301416
0.000301416
0.000301416
0.000301416
0.000301416
0.000301416
0.000301416
0.000301416
0.000301416
0.000301416
0.000301416
0.000301416
0.000301416
0.000301416
0.000301416
0.000301416
0.000301416
0.000301416
0.000301416
0.000301416
0.000301416
0.000301416
0.000301416
0.000301416
0.000301416
0.000302436
0.000302436
0.000302436
0.000302436
0.000302436
0.000302436
0.000302436
0.000302436
0.000302436
0.000302436
0.000302436
0.000302436
0.000302436
0.000302436
0.000302436
0.000302436
0.000302436
0.000302436
0.000302436
0.000302436
0.000302436
0.000302436
0.000302436
0.000302436
0.000302436
0.000302436
0.000302436
0.000302436
0.000302436
0.000302436
0.000302436
0.000302436
0.000302436
0.000302436
0.000302436
0.000302436
0.000302436
0.000302436
0.000302436
0.000302436
0.000302436
0.000302436
0.000302436
0.000302436
0.000302436
0.000302436
0.000302436
0.000302436
0.000302436
0.000302436
0.000302436
0.000302436
0.000302436
0.000302436
0.000302436
0.000302436
0.000302436
0.000302436
0.000302436
0.000302436
0.000302436
0.000302436
0.000302436
0.000302436
0.000302436
0.000302436
0.000302436
0.000302436
0.000302436
0.000302436
0.000302436
0.000302436
0.000302436
0.000302436
0.000302436
0.000302436
0.000302436
0.000302436
0.000302436
0.000302436
0.000302436
0.000302436
0.000302436
0.000302436
0.000302436
0.000302436
0.000302436
0.000302436
0.000302436
0.000302436
0.000302436
0.000302436
0.000302436
0.000302436
0.000302436
0.000302436
0.000302436
0.000302436
0.000302436
0.000302436
0.000300478
0.000300478
0.000300478
0.000300478
0.000300478
0.000300478
0.000300478
0.000300478
0.000300478
0.000300478
0.000300478
0.000300478
0.000300478
0.000300478
0.000300478
0.000300478
0.000300478
0.000300478
0.000300478
0.000300478
0.000300478
0.000300478
0.000300478
0.000300478
0.000300478
0.000300478
0.000300478
0.000300478
0.000300478
0.000300478
0.000300478
0.000300478
0.000300478
0.000300478
0.000300478
0.000300478
0.000300478
0.000300478
0.000300478
0.000300478
0.000300478
0.000300478
0.000300478
0.000300478
0.000300478
0.000300478
0.000300478
0.000300478
0.000300478
0.000300478
0.000300478
0.000300478
0.000300478
0.000300478
0.000300478
0.000300478
0.000300478
0.000300478
0.000300478
0.000300478
0.000300478
0.000300478
0.000300478
0.000300478
0.000300478
0.000300478
0.000300478
0.000300478
0.000300478
0.000300478
0.000300478
0.000300478
0.000300478
0.000300478
0.000300478
0.000300478
0.000300478
0.000300478
0.000300478
0.000300478
0.000300478
0.000300478
0.000300478
0.000300478
0.000300478
0.000300478
0.000300478
0.000300478
0.000300478
0.000300478
0.000300478
0.000300478
0.000300478
0.000300478
0.000300478
0.000300478
0.000300478
0.000300478
0.000300478
0.000300478
0.000302436
0.000302436
0.000302436
0.000302436
0.000302436
0.000302436
0.000302436
0.000302436
0.000302436
0.000302436
0.000302436
0.000302436
0.000302436
0.000302436
0.000302436
0.000302436
0.000302436
0.000302436
0.000302436
0.000302436
0.000302436
0.000302436
0.000302436
0.000302436
0.000302436
0.000302436
0.000302436
0.000302436
0.000302436
0.000302436
0.000302436
0.000302436
0.000302436
0.000302436
0.000302436
0.000302436
0.000302436
0.000302436
0.000302436
0.000302436
0.000302436
0.000302436
0.000302436
0.000302436
0.000302436
0.000302436
0.000302436
0.000302436
0.000302436
0.000302436
0.000302436
0.000302436
0.000302436
0.000302436
0.000302436
0.000302436
0.000302436
0.000302436
0.000302436
0.000302436
0.000302436
0.000302436
0.000302436
0.000302436
0.000302436
0.000302436
0.000302436
0.000302436
0.000302436
0.000302436
0.000302436
0.000302436
0.000302436
0.000302436
0.000302436
0.000302436
0.000302436
0.000302436
0.000302436
0.000302436
0.000302436
0.000302436
0.000302436
0.000302436
0.000302436
0.000302436
0.000302436
0.000302436
0.000302436
0.000302436
0.000302436
0.000302436
0.000302436
0.000302436
0.000302436
0.000302436
0.000302436
0.000302436
0.000302436
0.000302436
0.000301115
0.000301115
0.000301115
0.000301115
0.000301115
0.000301115
0.000301115
0.000301115
0.000301115
0.000301115
0.000301115
0.000301115
0.000301115
0.000301115
0.000301115
0.000301115
0.000301115
0.000301115
0.000301115
0.000301115
0.000301115
0.000301115
0.000301115
0.000301115
0.000301115
0.000301115
0.000301115
0.000301115
0.000301115
0.000301115
0.000301115
0.000301115
0.000301115
0.000301115
0.000301115
0.000301115
0.000301115
0.000301115
0.000301115
0.000301115
0.000301115
0.000301115
0.000301115
0.000301115
0.000301115
0.000301115
0.000301115
0.000301115
0.000301115
0.000301115
0.000301115
0.000301115
0.000301115
0.000301115
0.000301115
0.000301115
0.000301115
0.000301115
0.000301115
0.000301115
0.000301115
0.000301115
0.000301115
0.000301115
0.000301115
0.000301115
0.000301115
0.000301115
0.000301115
0.000301115
0.000301115
0.000301115
0.000301115
0.000301115
0.000301115
0.000301115
0.000301115
0.000301115
0.000301115
0.000301115
0.000301115
0.000301115
0.000301115
0.000301115
0.000301115
0.000301115
0.000301115
0.000301115
0.000301115
0.000301115
0.000301115
0.000301115
0.000301115
0.000301115
0.000301115
0.000301115
0.000301115
0.000301115
0.000301115
0.000301115
)
;
        source          uniform 0;
        Tnbr            T;
        kappaMethod     solidThermo;
        value           nonuniform List<scalar> 
500
(
352.029
352.037
352.04
352.042
352.043
352.043
352.042
352.04
352.037
352.029
350.144
350.157
350.165
350.169
350.171
350.171
350.169
350.165
350.157
350.144
348.342
348.356
348.365
348.371
348.373
348.373
348.37
348.365
348.356
348.342
346.662
346.676
346.685
346.691
346.694
346.694
346.691
346.686
346.676
346.662
345.139
345.154
345.163
345.169
345.172
345.172
345.17
345.164
345.154
345.14
343.811
343.825
343.835
343.841
343.843
343.843
343.841
343.835
343.826
343.811
342.707
342.721
342.731
342.736
342.738
342.738
342.736
342.73
342.721
342.706
341.851
341.865
341.875
341.881
341.883
341.882
341.88
341.874
341.864
341.85
341.263
341.277
341.287
341.293
341.295
341.295
341.293
341.287
341.276
341.262
340.955
340.971
340.981
340.987
340.989
340.989
340.987
340.981
340.97
340.955
352.03
352.043
352.049
352.053
352.054
352.054
352.054
352.052
352.05
352.047
350.145
350.171
350.184
350.192
350.196
350.197
350.197
350.195
350.19
350.182
348.343
348.373
348.391
348.402
348.408
348.411
348.411
348.408
348.402
348.391
346.663
346.695
346.715
346.727
346.735
346.739
346.74
346.737
346.73
346.717
345.141
345.173
345.194
345.208
345.216
345.221
345.223
345.22
345.214
345.201
343.812
343.844
343.866
343.88
343.889
343.895
343.898
343.896
343.89
343.879
342.707
342.739
342.761
342.776
342.786
342.794
342.797
342.796
342.791
342.781
341.851
341.883
341.906
341.923
341.934
341.942
341.946
341.946
341.942
341.933
341.263
341.295
341.322
341.34
341.353
341.361
341.365
341.365
341.362
341.354
340.956
340.989
341.021
341.041
341.054
341.063
341.068
341.068
341.064
341.057
352.048
352.052
352.053
352.053
352.053
352.053
352.053
352.052
352.051
352.048
350.182
350.188
350.19
350.191
350.191
350.191
350.19
350.189
350.187
350.181
348.39
348.396
348.4
348.401
348.402
348.402
348.401
348.399
348.395
348.389
346.717
346.724
346.728
346.73
346.732
346.731
346.73
346.727
346.722
346.716
345.201
345.208
345.213
345.216
345.218
345.217
345.215
345.212
345.207
345.2
343.879
343.886
343.891
343.895
343.896
343.896
343.893
343.889
343.885
343.878
342.781
342.788
342.794
342.797
342.799
342.798
342.795
342.791
342.787
342.78
341.932
341.94
341.945
341.949
341.951
341.95
341.947
341.943
341.939
341.932
341.353
341.361
341.366
341.37
341.371
341.37
341.368
341.364
341.36
341.353
341.056
341.064
341.069
341.073
341.075
341.074
341.071
341.067
341.063
341.057
352.03
352.043
352.049
352.053
352.054
352.054
352.054
352.053
352.05
352.047
350.145
350.171
350.184
350.192
350.196
350.198
350.197
350.195
350.19
350.183
348.343
348.373
348.392
348.403
348.408
348.411
348.411
348.408
348.402
348.392
346.663
346.694
346.715
346.728
346.735
346.739
346.74
346.737
346.73
346.719
345.14
345.172
345.193
345.207
345.216
345.221
345.223
345.22
345.214
345.202
343.812
343.844
343.865
343.88
343.889
343.895
343.898
343.896
343.89
343.88
342.708
342.739
342.761
342.776
342.787
342.794
342.797
342.795
342.791
342.782
341.852
341.884
341.907
341.923
341.935
341.942
341.946
341.945
341.941
341.933
341.264
341.296
341.322
341.34
341.353
341.361
341.365
341.364
341.36
341.353
340.956
340.989
341.02
341.04
341.054
341.063
341.067
341.066
341.062
341.056
340.956
340.989
341.019
341.04
341.053
341.062
341.067
341.066
341.062
341.056
340.972
341.004
341.029
341.048
341.061
341.069
341.074
341.073
341.07
341.064
340.982
341.013
341.036
341.054
341.066
341.074
341.078
341.077
341.075
341.07
340.988
341.019
341.04
341.057
341.069
341.076
341.08
341.081
341.079
341.074
340.99
341.021
341.042
341.058
341.069
341.077
341.081
341.082
341.081
341.075
340.99
341.022
341.042
341.058
341.069
341.077
341.081
341.082
341.08
341.074
340.988
341.02
341.041
341.058
341.069
341.076
341.08
341.081
341.078
341.072
340.982
341.014
341.038
341.055
341.066
341.073
341.077
341.078
341.075
341.068
340.971
341.004
341.03
341.049
341.061
341.069
341.073
341.074
341.071
341.063
340.956
340.989
341.02
341.041
341.054
341.063
341.068
341.068
341.064
341.057
)
;
    }
}


// ************************************************************************* //
