/*--------------------------------*- C++ -*----------------------------------*\
| =========                 |                                                 |
| \\      /  F ield         | OpenFOAM: The Open Source CFD Toolbox           |
|  \\    /   O peration     | Version:  2412                                  |
|   \\  /    A nd           | Website:  www.openfoam.com                      |
|    \\/     M anipulation  |                                                 |
\*---------------------------------------------------------------------------*/
FoamFile
{
    version     2.0;
    format      ascii;
    arch        "LSB;label=32;scalar=64";
    class       volScalarField;
    location    "3.6/solid";
    object      wallHeatFlux;
}
// * * * * * * * * * * * * * * * * * * * * * * * * * * * * * * * * * * * * * //

dimensions      [1 0 -3 0 0 0 0];

internalField   uniform 0;

boundaryField
{
    bodyBottom
    {
        type            calculated;
        value           nonuniform List<scalar> 
100
(
197210
195775
195365
194955
194750
194750
194955
195365
195775
197210
195160
194545
194135
193930
193725
193725
193930
194135
194545
195160
194135
193725
193315
193315
193110
193110
193315
193315
193725
194135
193520
193110
192905
192905
192700
192700
192905
192905
193110
193520
193315
192905
192700
192700
192495
192495
192700
192700
192905
193315
193110
192700
192495
192495
192495
192495
192495
192495
192700
193110
193315
192700
192495
192495
192495
192495
192495
192495
192700
193315
193315
192905
192700
192495
192495
192495
192495
192700
192905
193315
193725
193110
192905
192905
192700
192700
192905
192905
193110
193725
194340
193725
193520
193520
193315
193315
193520
193520
193725
194340
)
;
    }
    solid_to_fluid
    {
        type            calculated;
        value           nonuniform List<scalar> 
500
(
-1845
-1640
-1435
-1435
-1435
-1435
-1435
-1435
-1640
-1845
-2460
-2050
-1845
-1845
-1640
-1640
-1845
-1845
-2050
-2460
-2665
-2460
-2255
-2050
-2050
-2050
-2255
-2255
-2460
-2665
-2460
-2460
-2460
-2255
-2050
-2050
-2255
-2255
-2665
-2665
-2665
-2460
-2255
-2255
-2050
-2050
-2050
-2255
-2460
-2665
-2665
-2460
-2255
-2050
-2050
-2255
-2255
-2255
-2255
-2665
-2460
-2460
-2255
-2255
-2255
-2255
-2255
-2255
-2255
-2665
-2460
-2460
-2255
-2050
-2050
-2255
-2050
-2255
-2460
-2460
-2460
-2460
-2460
-2255
-2255
-2255
-2255
-2255
-2460
-2460
-2665
-2460
-2460
-2460
-2460
-2460
-2460
-2460
-2665
-2665
-1640
-1025
-820
-615
-615
-820
-615
-1025
-1025
-1025
-2255
-820
-615
-615
-410
-615
-615
-615
-820
-1025
-2460
-1025
-615
-615
-615
-615
-820
-820
-820
-1025
-2460
-1025
-615
-615
-615
-615
-615
-615
-820
-1230
-2460
-1025
-615
-615
-615
-615
-615
-820
-820
-1435
-2460
-1025
-615
-615
-820
-820
-615
-820
-1025
-1230
-2460
-1025
-820
-820
-820
-615
-820
-820
-1025
-1230
-2255
-1025
-820
-615
-820
-820
-820
-820
-820
-1230
-2255
-1435
-820
-820
-615
-615
-820
-1025
-820
-1025
-2460
-1845
-1025
-1025
-1025
-820
-820
-1025
-1025
-1025
-820
-615
-615
-615
-820
-820
-615
-820
-820
-820
-1230
-1025
-1025
-1025
-1230
-1230
-1230
-1230
-1025
-1230
-1435
-1435
-1435
-1640
-1435
-1435
-1435
-1435
-1435
-1435
-1435
-1435
-1435
-1640
-1435
-1435
-1435
-1435
-1640
-1435
-1435
-1435
-1230
-1435
-1230
-1435
-1435
-1435
-1435
-1640
-1230
-1230
-1230
-1230
-1230
-1025
-1230
-1435
-1435
-1435
-1230
-1230
-1025
-1025
-1025
-1025
-1230
-1230
-1230
-1435
-1230
-1025
-1025
-1025
-820
-820
-1025
-1230
-1230
-1435
-1230
-820
-1025
-820
-820
-1025
-820
-1025
-1025
-1230
-1025
-1025
-1025
-1025
-820
-1025
-1025
-1230
-1230
-1025
-1640
-1025
-820
-615
-615
-820
-615
-820
-1025
-1025
-2255
-820
-615
-615
-615
-410
-615
-615
-820
-1025
-2460
-1025
-615
-410
-615
-615
-820
-820
-820
-1025
-2255
-1230
-615
-410
-615
-615
-615
-615
-820
-1025
-2460
-1230
-820
-820
-615
-615
-615
-820
-820
-1230
-2460
-1025
-820
-615
-820
-820
-615
-615
-820
-1025
-2255
-1230
-820
-820
-820
-615
-615
-820
-820
-1025
-2255
-1025
-615
-820
-615
-820
-615
-820
-820
-1025
-2255
-1230
-820
-820
-615
-615
-820
-820
-1025
-1230
-2460
-1845
-1025
-1025
-820
-820
-820
-1025
-1025
-1025
-2460
-1845
-1230
-1025
-1025
-1025
-820
-1025
-1025
-1025
-2255
-1230
-820
-615
-615
-820
-615
-820
-820
-1025
-2255
-1025
-820
-615
-615
-615
-615
-820
-820
-820
-2255
-1025
-820
-615
-615
-615
-615
-615
-820
-820
-2255
-1025
-820
-615
-615
-615
-615
-615
-615
-820
-2255
-820
-820
-820
-615
-615
-820
-820
-820
-1025
-2255
-820
-820
-615
-615
-615
-820
-615
-820
-820
-2255
-1025
-615
-615
-615
-615
-615
-615
-820
-1025
-2460
-1230
-820
-615
-615
-615
-820
-820
-820
-1230
-2460
-1845
-1230
-1025
-1025
-820
-820
-1025
-1025
-1025
)
;
    }
}


// ************************************************************************* //
