/*--------------------------------*- C++ -*----------------------------------*\
| =========                 |                                                 |
| \\      /  F ield         | OpenFOAM: The Open Source CFD Toolbox           |
|  \\    /   O peration     | Version:  2412                                  |
|   \\  /    A nd           | Website:  www.openfoam.com                      |
|    \\/     M anipulation  |                                                 |
\*---------------------------------------------------------------------------*/
FoamFile
{
    version     2.0;
    format      ascii;
    arch        "LSB;label=32;scalar=64";
    class       volScalarField;
    location    "2.1/solid";
    object      T;
}
// * * * * * * * * * * * * * * * * * * * * * * * * * * * * * * * * * * * * * //

dimensions      [0 0 0 1 0 0 0];

internalField   nonuniform List<scalar> 
1000
(
350.955
350.964
350.969
350.971
350.972
350.973
350.973
350.972
350.97
350.967
350.961
350.968
350.971
350.973
350.974
350.975
350.975
350.974
350.973
350.97
350.964
350.969
350.972
350.974
350.975
350.975
350.976
350.975
350.974
350.971
350.965
350.97
350.973
350.975
350.975
350.976
350.976
350.976
350.974
350.972
350.965
350.971
350.973
350.975
350.975
350.976
350.976
350.976
350.975
350.972
350.965
350.971
350.973
350.975
350.975
350.976
350.976
350.976
350.975
350.972
350.965
350.97
350.973
350.975
350.975
350.976
350.976
350.976
350.974
350.972
350.964
350.969
350.972
350.974
350.975
350.975
350.976
350.975
350.974
350.971
350.961
350.968
350.971
350.973
350.974
350.975
350.975
350.974
350.973
350.97
350.955
350.964
350.969
350.971
350.972
350.973
350.973
350.972
350.97
350.967
346.934
346.952
346.962
346.969
346.972
346.973
346.973
346.971
346.967
346.96
346.944
346.957
346.966
346.972
346.974
346.976
346.976
346.974
346.971
346.965
346.95
346.961
346.968
346.973
346.976
346.977
346.977
346.976
346.973
346.967
346.953
346.963
346.97
346.974
346.976
346.978
346.978
346.977
346.975
346.969
346.954
346.964
346.97
346.974
346.977
346.978
346.979
346.978
346.975
346.969
346.954
346.964
346.97
346.974
346.977
346.978
346.979
346.978
346.975
346.969
346.953
346.963
346.97
346.974
346.976
346.978
346.978
346.977
346.975
346.969
346.95
346.961
346.968
346.973
346.976
346.977
346.977
346.976
346.973
346.967
346.944
346.957
346.966
346.971
346.974
346.976
346.976
346.974
346.971
346.965
346.933
346.951
346.962
346.968
346.971
346.973
346.973
346.971
346.967
346.96
343.074
343.095
343.109
343.117
343.122
343.124
343.124
343.122
343.117
343.108
343.085
343.101
343.112
343.12
343.124
343.127
343.127
343.125
343.121
343.113
343.092
343.105
343.115
343.122
343.126
343.128
343.128
343.127
343.123
343.116
343.096
343.109
343.117
343.123
343.127
343.129
343.13
343.129
343.125
343.118
343.097
343.11
343.118
343.124
343.127
343.129
343.13
343.129
343.126
343.119
343.097
343.109
343.117
343.123
343.127
343.129
343.13
343.129
343.126
343.119
343.096
343.108
343.117
343.123
343.126
343.129
343.13
343.129
343.125
343.118
343.092
343.106
343.115
343.122
343.125
343.128
343.128
343.127
343.123
343.116
343.085
343.101
343.112
343.119
343.123
343.126
343.127
343.125
343.121
343.113
343.074
343.094
343.108
343.116
343.121
343.123
343.124
343.122
343.117
343.108
339.465
339.486
339.501
339.511
339.516
339.519
339.52
339.518
339.513
339.503
339.476
339.492
339.505
339.514
339.519
339.522
339.523
339.521
339.516
339.509
339.483
339.497
339.507
339.516
339.52
339.523
339.524
339.523
339.519
339.512
339.487
339.5
339.51
339.517
339.521
339.524
339.526
339.525
339.522
339.515
339.488
339.501
339.511
339.518
339.522
339.524
339.526
339.525
339.522
339.516
339.489
339.502
339.511
339.517
339.521
339.524
339.526
339.525
339.522
339.516
339.488
339.501
339.511
339.517
339.521
339.524
339.526
339.525
339.522
339.515
339.484
339.498
339.509
339.516
339.52
339.523
339.524
339.523
339.519
339.512
339.477
339.494
339.506
339.514
339.518
339.522
339.523
339.521
339.516
339.509
339.465
339.487
339.501
339.51
339.515
339.519
339.52
339.518
339.513
339.503
336.192
336.213
336.228
336.238
336.244
336.247
336.249
336.247
336.242
336.234
336.202
336.219
336.232
336.241
336.246
336.25
336.252
336.25
336.246
336.239
336.209
336.223
336.234
336.242
336.248
336.251
336.253
336.252
336.249
336.243
336.213
336.226
336.236
336.244
336.248
336.252
336.254
336.254
336.251
336.246
336.214
336.227
336.237
336.244
336.249
336.252
336.254
336.254
336.252
336.247
336.215
336.228
336.237
336.245
336.249
336.252
336.254
336.254
336.252
336.246
336.214
336.227
336.238
336.245
336.249
336.252
336.254
336.254
336.251
336.245
336.211
336.225
336.236
336.244
336.248
336.251
336.252
336.252
336.249
336.242
336.204
336.22
336.233
336.241
336.246
336.249
336.251
336.25
336.246
336.239
336.193
336.213
336.228
336.238
336.243
336.247
336.249
336.247
336.243
336.234
333.336
333.355
333.369
333.379
333.386
333.39
333.392
333.391
333.387
333.38
333.346
333.361
333.373
333.382
333.389
333.393
333.395
333.393
333.391
333.385
333.352
333.365
333.375
333.384
333.39
333.394
333.396
333.395
333.394
333.389
333.355
333.367
333.377
333.386
333.391
333.395
333.397
333.397
333.396
333.392
333.356
333.368
333.378
333.386
333.391
333.395
333.397
333.397
333.396
333.392
333.356
333.368
333.378
333.386
333.391
333.395
333.397
333.398
333.396
333.392
333.356
333.369
333.379
333.386
333.391
333.395
333.398
333.398
333.395
333.39
333.353
333.366
333.377
333.385
333.39
333.393
333.396
333.395
333.393
333.388
333.346
333.362
333.374
333.383
333.388
333.391
333.394
333.394
333.391
333.385
333.336
333.355
333.37
333.38
333.385
333.389
333.392
333.392
333.388
333.381
330.963
330.981
330.995
331.005
331.012
331.017
331.02
331.018
331.015
331.01
330.973
330.987
330.998
331.008
331.015
331.02
331.022
331.021
331.019
331.015
330.978
330.991
331.001
331.01
331.017
331.021
331.023
331.023
331.023
331.019
330.981
330.992
331.002
331.012
331.017
331.022
331.024
331.025
331.025
331.022
330.981
330.993
331.002
331.011
331.017
331.021
331.024
331.025
331.025
331.022
330.981
330.993
331.003
331.011
331.016
331.021
331.024
331.025
331.024
331.021
330.981
330.993
331.003
331.011
331.016
331.021
331.025
331.025
331.023
331.02
330.978
330.991
331.001
331.01
331.015
331.019
331.023
331.023
331.021
331.017
330.972
330.987
330.999
331.007
331.013
331.018
331.021
331.022
331.02
331.015
330.962
330.981
330.995
331.004
331.01
331.016
331.019
331.02
331.017
331.011
329.129
329.147
329.16
329.171
329.178
329.184
329.187
329.186
329.184
329.18
329.138
329.152
329.164
329.174
329.181
329.186
329.19
329.189
329.188
329.185
329.144
329.156
329.165
329.176
329.183
329.188
329.191
329.19
329.191
329.189
329.146
329.158
329.167
329.178
329.184
329.189
329.191
329.192
329.193
329.191
329.146
329.157
329.168
329.177
329.183
329.188
329.191
329.192
329.193
329.191
329.145
329.156
329.167
329.176
329.182
329.187
329.192
329.193
329.192
329.19
329.144
329.156
329.167
329.177
329.183
329.188
329.192
329.193
329.191
329.189
329.141
329.154
329.165
329.175
329.181
329.186
329.19
329.19
329.189
329.186
329.135
329.15
329.162
329.172
329.179
329.184
329.188
329.19
329.189
329.185
329.126
329.144
329.158
329.169
329.176
329.182
329.187
329.188
329.186
329.181
327.877
327.895
327.909
327.921
327.929
327.935
327.939
327.938
327.936
327.933
327.886
327.901
327.913
327.924
327.932
327.938
327.941
327.941
327.94
327.938
327.892
327.905
327.916
327.927
327.934
327.94
327.943
327.942
327.943
327.941
327.894
327.907
327.918
327.929
327.935
327.94
327.943
327.944
327.945
327.943
327.894
327.907
327.918
327.928
327.934
327.939
327.943
327.944
327.945
327.943
327.893
327.907
327.919
327.928
327.934
327.939
327.943
327.945
327.945
327.943
327.893
327.907
327.92
327.929
327.935
327.94
327.944
327.944
327.944
327.941
327.89
327.904
327.918
327.928
327.934
327.938
327.941
327.942
327.942
327.939
327.883
327.9
327.914
327.925
327.931
327.936
327.94
327.942
327.941
327.938
327.874
327.893
327.909
327.921
327.928
327.934
327.938
327.94
327.939
327.934
327.236
327.256
327.272
327.285
327.294
327.3
327.304
327.304
327.302
327.299
327.246
327.264
327.277
327.29
327.298
327.304
327.308
327.308
327.306
327.304
327.252
327.268
327.281
327.294
327.301
327.306
327.31
327.309
327.309
327.308
327.255
327.271
327.284
327.295
327.302
327.307
327.31
327.311
327.312
327.31
327.255
327.271
327.284
327.295
327.301
327.306
327.309
327.311
327.312
327.31
327.255
327.272
327.285
327.295
327.301
327.306
327.31
327.312
327.312
327.309
327.255
327.272
327.286
327.296
327.302
327.307
327.31
327.311
327.311
327.308
327.251
327.269
327.284
327.295
327.301
327.304
327.308
327.309
327.309
327.306
327.245
327.264
327.28
327.291
327.298
327.302
327.307
327.309
327.308
327.304
327.235
327.255
327.274
327.287
327.294
327.3
327.304
327.306
327.305
327.3
)
;

boundaryField
{
    bodyBottom
    {
        type            fixedValue;
        value           uniform 353;
    }
    solid_to_fluid
    {
        type            compressible::turbulentTemperatureCoupledBaffleMixed;
        refValue        nonuniform List<scalar> 
500
(
321.392
325.688
327.543
328.631
329.169
329.169
328.63
327.543
325.688
321.391
310.478
314.706
318.185
320.047
320.859
320.859
320.047
318.185
314.706
310.478
305.572
308.673
311.283
312.671
313.275
313.274
312.67
311.283
308.673
305.572
303.994
306.647
308.824
309.929
310.396
310.396
309.929
308.824
306.647
303.994
303.225
305.692
307.682
308.666
309.083
309.083
308.667
307.683
305.692
303.226
302.744
305.112
307.023
307.953
308.347
308.347
307.953
307.023
305.112
302.744
302.341
304.602
306.449
307.334
307.708
307.708
307.334
306.448
304.602
302.34
301.678
303.723
305.415
306.209
306.537
306.536
306.208
305.414
303.722
301.678
300.564
302.236
303.647
304.302
304.57
304.57
304.302
303.646
302.235
300.564
299.301
300.508
301.549
302.017
302.2
302.2
302.017
301.548
300.508
299.301
322.533
336.307
339.141
341.987
340.675
340.224
339.123
337.852
336.51
335.305
313.387
333.956
338.322
340.377
339.802
339.263
338.078
336.591
335.01
332.669
308.771
329.322
335.349
337.109
336.719
336.389
335.38
334.079
332.39
327.893
306.977
326.709
332.194
333.518
333.303
333.302
332.47
331.469
329.708
324.246
305.957
324.469
329.028
330.136
329.88
330.028
329.369
328.695
327.042
321.933
305.238
322.495
326.394
327.336
327.066
327.221
326.67
326.184
324.81
320.374
304.663
320.58
324.291
325.019
324.788
324.916
324.401
323.941
322.984
319.326
303.951
318.616
322.864
323.502
323.343
323.245
322.809
322.265
321.469
318.706
302.969
315.827
321.553
322.179
322.21
321.879
321.567
321.039
319.984
318.225
301.769
310.114
318.262
320.385
320.194
320.634
320.399
319.542
318.64
317.152
339.299
339.769
339.444
339.218
339.188
339.185
339.209
339.433
339.763
339.301
330.004
330.964
330.642
330.233
330.117
330.109
330.214
330.621
330.951
330.001
322.154
323.087
322.938
322.949
323.458
323.451
322.928
322.915
323.072
322.149
318.964
320.109
320.546
321.449
322.85
322.841
321.419
320.513
320.089
318.957
317.814
319.176
319.964
321.35
323.194
323.182
321.311
319.924
319.153
317.807
317.171
318.651
319.695
321.389
323.44
323.426
321.344
319.648
318.627
317.165
316.945
318.453
319.616
321.406
323.394
323.381
321.361
319.569
318.43
316.941
317.125
318.536
319.626
321.284
322.914
322.901
321.246
319.586
318.519
317.126
317.643
318.74
319.496
320.798
322.264
322.25
320.768
319.466
318.733
317.652
317.852
318.369
318.544
319.376
320.655
320.645
319.354
318.524
318.371
317.87
322.533
336.307
339.141
341.988
340.675
340.225
339.125
337.854
336.513
335.303
313.387
333.956
338.322
340.376
339.801
339.262
338.078
336.591
335.008
332.663
308.771
329.321
335.348
337.106
336.716
336.385
335.376
334.075
332.385
327.882
306.976
326.706
332.191
333.513
333.297
333.296
332.464
331.463
329.698
324.234
305.956
324.466
329.023
330.129
329.872
330.02
329.361
328.687
327.03
321.92
305.238
322.492
326.389
327.33
327.058
327.213
326.661
326.175
324.798
320.361
304.663
320.578
324.286
325.013
324.781
324.908
324.392
323.932
322.972
319.312
303.951
318.616
322.86
323.495
323.335
323.236
322.799
322.255
321.457
318.689
302.97
315.829
321.55
322.171
322.2
321.867
321.553
321.023
319.968
318.208
301.769
310.116
318.269
320.382
320.187
320.626
320.382
319.523
318.625
317.132
301.785
310.224
317.221
318.831
319.054
319.523
319.637
319.276
318.532
316.914
302.915
316.084
320.957
321.946
321.923
321.942
321.814
321.352
320.323
318.382
303.725
318.578
322.141
323.171
323.104
322.911
322.584
322.039
321.04
319.453
304.12
319.52
321.786
322.884
323.061
323.078
322.862
322.443
321.884
320.336
304.296
320.308
321.372
322.356
322.746
322.932
322.927
322.83
322.666
321.387
304.297
320.313
321.369
322.352
322.743
322.932
322.93
322.835
322.673
321.391
304.12
319.521
321.775
322.87
323.05
323.068
322.858
322.444
321.89
320.339
303.725
318.58
322.137
323.171
323.105
322.912
322.586
322.044
321.048
319.464
302.916
316.093
320.969
321.959
321.933
321.95
321.823
321.361
320.333
318.399
301.785
310.23
317.243
318.843
319.062
319.53
319.648
319.289
318.545
316.929
)
;
        refGradient     uniform 0;
        valueFraction   nonuniform List<scalar> 
500
(
0.000301416
0.000301416
0.000301416
0.000301416
0.000301416
0.000301416
0.000301416
0.000301416
0.000301416
0.000301416
0.000301416
0.000301416
0.000301416
0.000301416
0.000301416
0.000301416
0.000301416
0.000301416
0.000301416
0.000301416
0.000301416
0.000301416
0.000301416
0.000301416
0.000301416
0.000301416
0.000301416
0.000301416
0.000301416
0.000301416
0.000301416
0.000301416
0.000301416
0.000301416
0.000301416
0.000301416
0.000301416
0.000301416
0.000301416
0.000301416
0.000301416
0.000301416
0.000301416
0.000301416
0.000301416
0.000301416
0.000301416
0.000301416
0.000301416
0.000301416
0.000301416
0.000301416
0.000301416
0.000301416
0.000301416
0.000301416
0.000301416
0.000301416
0.000301416
0.000301416
0.000301416
0.000301416
0.000301416
0.000301416
0.000301416
0.000301416
0.000301416
0.000301416
0.000301416
0.000301416
0.000301416
0.000301416
0.000301416
0.000301416
0.000301416
0.000301416
0.000301416
0.000301416
0.000301416
0.000301416
0.000301416
0.000301416
0.000301416
0.000301416
0.000301416
0.000301416
0.000301416
0.000301416
0.000301416
0.000301416
0.000301416
0.000301416
0.000301416
0.000301416
0.000301416
0.000301416
0.000301416
0.000301416
0.000301416
0.000301416
0.000302436
0.000302436
0.000302436
0.000302436
0.000302436
0.000302436
0.000302436
0.000302436
0.000302436
0.000302436
0.000302436
0.000302436
0.000302436
0.000302436
0.000302436
0.000302436
0.000302436
0.000302436
0.000302436
0.000302436
0.000302436
0.000302436
0.000302436
0.000302436
0.000302436
0.000302436
0.000302436
0.000302436
0.000302436
0.000302436
0.000302436
0.000302436
0.000302436
0.000302436
0.000302436
0.000302436
0.000302436
0.000302436
0.000302436
0.000302436
0.000302436
0.000302436
0.000302436
0.000302436
0.000302436
0.000302436
0.000302436
0.000302436
0.000302436
0.000302436
0.000302436
0.000302436
0.000302436
0.000302436
0.000302436
0.000302436
0.000302436
0.000302436
0.000302436
0.000302436
0.000302436
0.000302436
0.000302436
0.000302436
0.000302436
0.000302436
0.000302436
0.000302436
0.000302436
0.000302436
0.000302436
0.000302436
0.000302436
0.000302436
0.000302436
0.000302436
0.000302436
0.000302436
0.000302436
0.000302436
0.000302436
0.000302436
0.000302436
0.000302436
0.000302436
0.000302436
0.000302436
0.000302436
0.000302436
0.000302436
0.000302436
0.000302436
0.000302436
0.000302436
0.000302436
0.000302436
0.000302436
0.000302436
0.000302436
0.000302436
0.000300478
0.000300478
0.000300478
0.000300478
0.000300478
0.000300478
0.000300478
0.000300478
0.000300478
0.000300478
0.000300478
0.000300478
0.000300478
0.000300478
0.000300478
0.000300478
0.000300478
0.000300478
0.000300478
0.000300478
0.000300478
0.000300478
0.000300478
0.000300478
0.000300478
0.000300478
0.000300478
0.000300478
0.000300478
0.000300478
0.000300478
0.000300478
0.000300478
0.000300478
0.000300478
0.000300478
0.000300478
0.000300478
0.000300478
0.000300478
0.000300478
0.000300478
0.000300478
0.000300478
0.000300478
0.000300478
0.000300478
0.000300478
0.000300478
0.000300478
0.000300478
0.000300478
0.000300478
0.000300478
0.000300478
0.000300478
0.000300478
0.000300478
0.000300478
0.000300478
0.000300478
0.000300478
0.000300478
0.000300478
0.000300478
0.000300478
0.000300478
0.000300478
0.000300478
0.000300478
0.000300478
0.000300478
0.000300478
0.000300478
0.000300478
0.000300478
0.000300478
0.000300478
0.000300478
0.000300478
0.000300478
0.000300478
0.000300478
0.000300478
0.000300478
0.000300478
0.000300478
0.000300478
0.000300478
0.000300478
0.000300478
0.000300478
0.000300478
0.000300478
0.000300478
0.000300478
0.000300478
0.000300478
0.000300478
0.000300478
0.000302436
0.000302436
0.000302436
0.000302436
0.000302436
0.000302436
0.000302436
0.000302436
0.000302436
0.000302436
0.000302436
0.000302436
0.000302436
0.000302436
0.000302436
0.000302436
0.000302436
0.000302436
0.000302436
0.000302436
0.000302436
0.000302436
0.000302436
0.000302436
0.000302436
0.000302436
0.000302436
0.000302436
0.000302436
0.000302436
0.000302436
0.000302436
0.000302436
0.000302436
0.000302436
0.000302436
0.000302436
0.000302436
0.000302436
0.000302436
0.000302436
0.000302436
0.000302436
0.000302436
0.000302436
0.000302436
0.000302436
0.000302436
0.000302436
0.000302436
0.000302436
0.000302436
0.000302436
0.000302436
0.000302436
0.000302436
0.000302436
0.000302436
0.000302436
0.000302436
0.000302436
0.000302436
0.000302436
0.000302436
0.000302436
0.000302436
0.000302436
0.000302436
0.000302436
0.000302436
0.000302436
0.000302436
0.000302436
0.000302436
0.000302436
0.000302436
0.000302436
0.000302436
0.000302436
0.000302436
0.000302436
0.000302436
0.000302436
0.000302436
0.000302436
0.000302436
0.000302436
0.000302436
0.000302436
0.000302436
0.000302436
0.000302436
0.000302436
0.000302436
0.000302436
0.000302436
0.000302436
0.000302436
0.000302436
0.000302436
0.000301115
0.000301115
0.000301115
0.000301115
0.000301115
0.000301115
0.000301115
0.000301115
0.000301115
0.000301115
0.000301115
0.000301115
0.000301115
0.000301115
0.000301115
0.000301115
0.000301115
0.000301115
0.000301115
0.000301115
0.000301115
0.000301115
0.000301115
0.000301115
0.000301115
0.000301115
0.000301115
0.000301115
0.000301115
0.000301115
0.000301115
0.000301115
0.000301115
0.000301115
0.000301115
0.000301115
0.000301115
0.000301115
0.000301115
0.000301115
0.000301115
0.000301115
0.000301115
0.000301115
0.000301115
0.000301115
0.000301115
0.000301115
0.000301115
0.000301115
0.000301115
0.000301115
0.000301115
0.000301115
0.000301115
0.000301115
0.000301115
0.000301115
0.000301115
0.000301115
0.000301115
0.000301115
0.000301115
0.000301115
0.000301115
0.000301115
0.000301115
0.000301115
0.000301115
0.000301115
0.000301115
0.000301115
0.000301115
0.000301115
0.000301115
0.000301115
0.000301115
0.000301115
0.000301115
0.000301115
0.000301115
0.000301115
0.000301115
0.000301115
0.000301115
0.000301115
0.000301115
0.000301115
0.000301115
0.000301115
0.000301115
0.000301115
0.000301115
0.000301115
0.000301115
0.000301115
0.000301115
0.000301115
0.000301115
0.000301115
)
;
        source          uniform 0;
        Tnbr            T;
        kappaMethod     solidThermo;
        value           nonuniform List<scalar> 
500
(
350.946
350.953
350.956
350.958
350.959
350.959
350.958
350.956
350.953
350.946
346.922
346.934
346.941
346.944
346.946
346.945
346.944
346.94
346.934
346.922
343.061
343.073
343.081
343.086
343.087
343.087
343.085
343.081
343.074
343.061
339.453
339.464
339.472
339.477
339.478
339.478
339.477
339.473
339.466
339.453
336.18
336.191
336.199
336.203
336.204
336.205
336.204
336.2
336.193
336.181
333.324
333.335
333.342
333.345
333.346
333.346
333.346
333.342
333.336
333.324
330.952
330.962
330.969
330.972
330.972
330.972
330.971
330.968
330.961
330.951
329.118
329.128
329.134
329.137
329.136
329.135
329.135
329.131
329.125
329.115
327.866
327.876
327.881
327.884
327.884
327.883
327.883
327.88
327.873
327.863
327.225
327.235
327.241
327.244
327.245
327.245
327.244
327.241
327.234
327.223
350.946
350.959
350.965
350.968
350.969
350.969
350.969
350.968
350.965
350.962
346.923
346.946
346.958
346.966
346.968
346.97
346.97
346.967
346.963
346.955
343.062
343.089
343.104
343.113
343.118
343.12
343.121
343.118
343.112
343.102
339.454
339.481
339.498
339.507
339.512
339.516
339.516
339.514
339.508
339.497
336.182
336.208
336.224
336.234
336.24
336.243
336.245
336.243
336.238
336.228
333.325
333.35
333.366
333.376
333.381
333.385
333.388
333.387
333.383
333.375
330.951
330.975
330.99
331
331.006
331.011
331.015
331.015
331.012
331.005
329.115
329.138
329.154
329.165
329.172
329.178
329.182
329.183
329.181
329.175
327.863
327.886
327.904
327.917
327.924
327.929
327.934
327.935
327.933
327.929
327.224
327.247
327.269
327.282
327.289
327.295
327.3
327.301
327.299
327.295
350.963
350.966
350.967
350.968
350.968
350.968
350.968
350.967
350.966
350.963
346.955
346.96
346.962
346.963
346.964
346.964
346.963
346.962
346.959
346.955
343.101
343.106
343.109
343.111
343.112
343.112
343.111
343.109
343.106
343.101
339.496
339.501
339.505
339.508
339.509
339.509
339.508
339.505
339.501
339.496
336.227
336.232
336.236
336.24
336.241
336.241
336.239
336.236
336.232
336.227
333.373
333.379
333.383
333.386
333.387
333.387
333.385
333.382
333.379
333.374
331.004
331.009
331.014
331.016
331.017
331.017
331.014
331.012
331.009
331.005
329.174
329.179
329.183
329.186
329.186
329.186
329.184
329.181
329.179
329.175
327.927
327.932
327.936
327.939
327.939
327.938
327.936
327.934
327.933
327.929
327.293
327.298
327.302
327.305
327.305
327.305
327.303
327.3
327.299
327.295
350.946
350.96
350.965
350.969
350.969
350.969
350.969
350.968
350.966
350.962
346.923
346.947
346.959
346.966
346.969
346.97
346.97
346.967
346.963
346.955
343.062
343.089
343.105
343.114
343.119
343.121
343.121
343.118
343.112
343.102
339.454
339.481
339.498
339.508
339.513
339.516
339.517
339.514
339.508
339.497
336.181
336.207
336.224
336.234
336.24
336.244
336.245
336.243
336.238
336.228
333.325
333.35
333.365
333.375
333.382
333.386
333.388
333.386
333.382
333.374
330.953
330.976
330.99
331.001
331.008
331.013
331.015
331.014
331.011
331.004
329.118
329.141
329.155
329.166
329.174
329.179
329.182
329.181
329.179
329.174
327.866
327.888
327.904
327.916
327.925
327.93
327.934
327.933
327.931
327.927
327.226
327.248
327.267
327.28
327.289
327.296
327.3
327.299
327.296
327.293
327.226
327.248
327.267
327.28
327.289
327.295
327.299
327.299
327.296
327.293
327.236
327.257
327.273
327.285
327.294
327.3
327.303
327.303
327.301
327.298
327.242
327.263
327.277
327.29
327.297
327.302
327.306
327.305
327.305
327.302
327.245
327.266
327.279
327.291
327.298
327.303
327.306
327.306
327.307
327.305
327.245
327.266
327.279
327.29
327.297
327.302
327.305
327.307
327.308
327.305
327.245
327.267
327.281
327.291
327.297
327.302
327.306
327.308
327.308
327.305
327.245
327.267
327.281
327.292
327.298
327.302
327.306
327.307
327.306
327.303
327.242
327.264
327.28
327.291
327.297
327.3
327.304
327.305
327.304
327.301
327.235
327.258
327.275
327.287
327.294
327.298
327.302
327.304
327.303
327.299
327.224
327.248
327.268
327.282
327.289
327.295
327.299
327.301
327.299
327.295
)
;
    }
}


// ************************************************************************* //
