/*--------------------------------*- C++ -*----------------------------------*\
| =========                 |                                                 |
| \\      /  F ield         | OpenFOAM: The Open Source CFD Toolbox           |
|  \\    /   O peration     | Version:  2412                                  |
|   \\  /    A nd           | Website:  www.openfoam.com                      |
|    \\/     M anipulation  |                                                 |
\*---------------------------------------------------------------------------*/
FoamFile
{
    version     2.0;
    format      ascii;
    arch        "LSB;label=32;scalar=64";
    class       volScalarField;
    location    "2.1/solid";
    object      wallHeatFlux;
}
// * * * * * * * * * * * * * * * * * * * * * * * * * * * * * * * * * * * * * //

dimensions      [1 0 -3 0 0 0 0];

internalField   uniform 0;

boundaryField
{
    bodyBottom
    {
        type            calculated;
        value           nonuniform List<scalar> 
100
(
419225
417995
417380
417175
417175
417175
417175
417380
417995
419225
417380
416560
416355
416150
415945
415945
416150
416355
416560
417380
416355
415945
415740
415535
415535
415535
415535
415740
415945
416355
415945
415535
415330
415125
415125
415125
415125
415330
415535
415945
415740
415330
415125
415125
415125
415125
415125
415125
415330
415740
415535
415125
415125
414920
414920
414920
414920
415125
415125
415535
415535
415125
414920
414920
414920
414920
414920
414920
415125
415535
415740
415330
415125
414920
414920
414920
414920
415125
415330
415740
416150
415535
415330
415330
415125
415125
415330
415330
415535
416150
416765
416150
415945
415740
415740
415740
415740
415945
416150
416765
)
;
    }
    solid_to_fluid
    {
        type            calculated;
        value           nonuniform List<scalar> 
500
(
-1845
-1640
-1640
-1435
-1230
-1230
-1435
-1640
-1640
-1845
-2460
-2050
-1845
-1845
-1640
-1845
-1845
-2050
-2050
-2255
-2665
-2460
-2255
-2050
-2050
-2050
-2255
-2255
-2255
-2665
-2460
-2460
-2255
-2050
-2050
-2255
-2255
-2255
-2255
-2460
-2460
-2255
-2050
-2050
-2050
-2050
-2050
-2255
-2255
-2460
-2460
-2255
-2050
-2050
-2050
-2050
-2050
-2255
-2050
-2460
-2255
-2255
-1845
-1845
-1845
-1845
-2050
-2050
-2255
-2255
-2255
-2050
-2050
-1845
-2050
-2050
-1845
-2050
-2050
-2255
-2255
-2050
-2255
-2050
-2050
-2050
-2050
-2050
-2050
-2255
-2255
-2255
-2255
-2255
-2050
-2050
-2255
-2050
-2255
-2460
-1845
-1025
-820
-615
-615
-820
-820
-820
-1025
-1025
-2050
-1025
-820
-410
-615
-615
-615
-820
-820
-1025
-2460
-1025
-820
-615
-615
-615
-615
-820
-1025
-1230
-2255
-1230
-615
-615
-615
-615
-820
-820
-1025
-1230
-2255
-1025
-820
-820
-615
-820
-820
-820
-1025
-1230
-2255
-1025
-820
-820
-820
-820
-820
-1025
-1025
-1230
-2255
-1230
-1025
-820
-820
-1025
-820
-1025
-1025
-1230
-2255
-1230
-820
-820
-820
-820
-1025
-1025
-1025
-1230
-2255
-1435
-1025
-820
-820
-1025
-820
-1025
-1230
-1025
-2255
-1640
-1025
-1025
-1025
-1025
-820
-1025
-1230
-1025
-820
-820
-820
-820
-820
-820
-820
-820
-820
-820
-1025
-1025
-1025
-1230
-1025
-1025
-1230
-1025
-1230
-1025
-1435
-1435
-1435
-1435
-1435
-1435
-1435
-1435
-1435
-1435
-1435
-1640
-1435
-1435
-1435
-1435
-1435
-1435
-1640
-1435
-1435
-1435
-1435
-1230
-1230
-1025
-1230
-1230
-1435
-1435
-1435
-1230
-1230
-1230
-1025
-1025
-1025
-1230
-1230
-1435
-1230
-1230
-1025
-1230
-1025
-820
-1230
-1025
-1230
-1230
-1230
-1230
-1230
-1025
-1025
-820
-1025
-1025
-1230
-1230
-1230
-1230
-1025
-820
-820
-1025
-1025
-1025
-1025
-1025
-1230
-1230
-1230
-1025
-1025
-820
-1025
-1230
-1025
-1025
-1845
-820
-820
-410
-615
-820
-820
-820
-820
-1025
-2255
-1025
-615
-615
-615
-615
-615
-820
-820
-1025
-2460
-1230
-820
-615
-615
-615
-615
-820
-1025
-1230
-2255
-1025
-615
-615
-615
-615
-615
-820
-1025
-1230
-2255
-1230
-820
-820
-820
-615
-820
-820
-820
-1230
-2255
-1025
-820
-820
-820
-820
-820
-1025
-1025
-1230
-2050
-1025
-1025
-820
-820
-820
-1025
-820
-820
-1230
-2255
-1230
-1025
-1025
-820
-1025
-1025
-1025
-1025
-1230
-2255
-1435
-1025
-1025
-820
-1025
-1025
-1025
-1025
-1230
-2050
-1640
-1025
-1025
-1025
-820
-820
-1025
-1230
-1230
-2050
-1640
-1025
-1025
-1025
-1025
-1025
-1025
-1230
-1230
-2050
-1435
-820
-1025
-820
-820
-1025
-1025
-1025
-1230
-2050
-1025
-820
-820
-820
-820
-820
-820
-820
-1230
-2050
-1025
-1025
-820
-820
-820
-820
-1025
-1025
-1025
-2050
-1025
-1025
-1025
-820
-820
-820
-820
-820
-1025
-2050
-1025
-820
-820
-820
-820
-820
-820
-820
-820
-2050
-1025
-1025
-820
-820
-1025
-820
-820
-1025
-1025
-1845
-1025
-820
-820
-820
-820
-820
-820
-1025
-1025
-2050
-1230
-1025
-820
-820
-820
-1025
-1025
-1025
-1025
-2255
-1435
-1230
-1025
-1025
-1025
-1025
-1025
-1230
-1025
)
;
    }
}


// ************************************************************************* //
