/*--------------------------------*- C++ -*----------------------------------*\
| =========                 |                                                 |
| \\      /  F ield         | OpenFOAM: The Open Source CFD Toolbox           |
|  \\    /   O peration     | Version:  2412                                  |
|   \\  /    A nd           | Website:  www.openfoam.com                      |
|    \\/     M anipulation  |                                                 |
\*---------------------------------------------------------------------------*/
FoamFile
{
    version     2.0;
    format      ascii;
    arch        "LSB;label=32;scalar=64";
    class       volScalarField;
    location    "3.5/solid";
    object      T;
}
// * * * * * * * * * * * * * * * * * * * * * * * * * * * * * * * * * * * * * //

dimensions      [0 0 0 1 0 0 0];

internalField   nonuniform List<scalar> 
1000
(
351.989
351.999
352.004
352.007
352.008
352.009
352.009
352.008
352.006
352.003
351.996
352.003
352.007
352.009
352.01
352.011
352.011
352.01
352.009
352.006
351.999
352.005
352.008
352.01
352.011
352.012
352.012
352.011
352.01
352.007
352
352.006
352.009
352.01
352.012
352.012
352.012
352.012
352.01
352.008
352.001
352.006
352.009
352.011
352.012
352.012
352.012
352.012
352.011
352.008
352.001
352.006
352.009
352.011
352.012
352.012
352.012
352.012
352.011
352.008
352
352.006
352.009
352.01
352.012
352.012
352.012
352.012
352.01
352.007
351.999
352.005
352.008
352.01
352.011
352.012
352.012
352.011
352.01
352.007
351.996
352.003
352.006
352.009
352.01
352.011
352.011
352.01
352.009
352.006
351.989
351.999
352.004
352.007
352.008
352.009
352.009
352.008
352.006
352.003
350.011
350.03
350.042
350.049
350.053
350.055
350.055
350.053
350.048
350.041
350.022
350.037
350.046
350.053
350.056
350.058
350.058
350.057
350.053
350.047
350.029
350.041
350.049
350.055
350.058
350.06
350.06
350.059
350.055
350.049
350.032
350.044
350.051
350.056
350.059
350.061
350.061
350.06
350.057
350.051
350.034
350.045
350.052
350.057
350.06
350.061
350.062
350.061
350.058
350.051
350.034
350.044
350.052
350.057
350.06
350.061
350.062
350.061
350.058
350.051
350.032
350.043
350.051
350.056
350.059
350.061
350.061
350.06
350.057
350.051
350.029
350.041
350.049
350.055
350.058
350.06
350.06
350.059
350.055
350.049
350.022
350.036
350.046
350.052
350.056
350.058
350.058
350.057
350.053
350.047
350.011
350.03
350.042
350.049
350.053
350.055
350.055
350.053
350.049
350.042
348.117
348.14
348.156
348.167
348.173
348.176
348.176
348.173
348.167
348.158
348.13
348.148
348.161
348.171
348.176
348.179
348.18
348.178
348.172
348.164
348.138
348.154
348.165
348.173
348.178
348.181
348.182
348.18
348.176
348.168
348.143
348.157
348.168
348.175
348.18
348.183
348.184
348.182
348.178
348.17
348.145
348.159
348.169
348.176
348.181
348.184
348.185
348.183
348.179
348.171
348.144
348.158
348.169
348.176
348.181
348.184
348.185
348.183
348.179
348.171
348.143
348.157
348.168
348.175
348.18
348.183
348.184
348.182
348.178
348.17
348.138
348.154
348.165
348.173
348.178
348.181
348.182
348.18
348.176
348.168
348.13
348.148
348.161
348.17
348.176
348.179
348.18
348.178
348.173
348.164
348.117
348.14
348.156
348.166
348.172
348.176
348.176
348.174
348.168
348.159
346.349
346.374
346.393
346.405
346.412
346.416
346.417
346.415
346.408
346.398
346.363
346.382
346.398
346.409
346.416
346.42
346.421
346.419
346.413
346.404
346.371
346.388
346.402
346.412
346.418
346.422
346.424
346.422
346.417
346.409
346.377
346.393
346.405
346.414
346.42
346.424
346.426
346.424
346.42
346.412
346.379
346.394
346.406
346.415
346.421
346.425
346.426
346.425
346.421
346.413
346.379
346.394
346.406
346.415
346.421
346.425
346.426
346.425
346.421
346.413
346.377
346.393
346.405
346.414
346.42
346.424
346.426
346.424
346.42
346.411
346.372
346.389
346.402
346.412
346.419
346.422
346.424
346.422
346.417
346.409
346.363
346.383
346.398
346.409
346.416
346.42
346.421
346.419
346.414
346.405
346.35
346.374
346.393
346.405
346.412
346.416
346.417
346.415
346.409
346.399
344.748
344.773
344.793
344.806
344.814
344.819
344.821
344.819
344.813
344.803
344.761
344.781
344.798
344.81
344.818
344.823
344.825
344.823
344.818
344.809
344.77
344.788
344.802
344.813
344.821
344.826
344.828
344.826
344.822
344.814
344.776
344.792
344.805
344.816
344.823
344.828
344.83
344.829
344.825
344.817
344.778
344.794
344.807
344.817
344.824
344.828
344.831
344.83
344.826
344.819
344.778
344.794
344.807
344.817
344.824
344.828
344.831
344.83
344.826
344.819
344.776
344.793
344.806
344.816
344.823
344.828
344.83
344.829
344.825
344.817
344.771
344.789
344.803
344.814
344.821
344.826
344.828
344.826
344.822
344.814
344.762
344.782
344.799
344.81
344.818
344.823
344.825
344.823
344.818
344.81
344.748
344.774
344.793
344.806
344.814
344.819
344.821
344.819
344.814
344.804
343.351
343.376
343.395
343.409
343.419
343.425
343.427
343.425
343.42
343.411
343.364
343.384
343.401
343.414
343.423
343.429
343.431
343.43
343.425
343.418
343.373
343.39
343.405
343.417
343.426
343.432
343.434
343.433
343.43
343.423
343.378
343.394
343.408
343.42
343.428
343.433
343.436
343.436
343.433
343.426
343.38
343.396
343.41
343.421
343.429
343.434
343.437
343.437
343.434
343.428
343.38
343.396
343.41
343.421
343.429
343.434
343.437
343.437
343.434
343.427
343.378
343.395
343.409
343.42
343.428
343.433
343.436
343.436
343.432
343.425
343.373
343.391
343.406
343.418
343.426
343.431
343.434
343.433
343.429
343.422
343.364
343.384
343.401
343.414
343.423
343.428
343.431
343.43
343.426
343.418
343.351
343.376
343.396
343.41
343.419
343.425
343.427
343.426
343.421
343.412
342.189
342.214
342.234
342.249
342.259
342.266
342.269
342.268
342.263
342.255
342.202
342.222
342.239
342.253
342.264
342.27
342.273
342.272
342.269
342.262
342.211
342.229
342.244
342.257
342.267
342.273
342.276
342.276
342.273
342.267
342.216
342.233
342.247
342.26
342.269
342.275
342.278
342.278
342.276
342.271
342.218
342.234
342.249
342.261
342.269
342.276
342.279
342.279
342.277
342.272
342.218
342.234
342.249
342.261
342.269
342.275
342.279
342.28
342.277
342.272
342.216
342.233
342.248
342.26
342.268
342.275
342.278
342.279
342.276
342.27
342.211
342.229
342.244
342.257
342.266
342.272
342.276
342.276
342.273
342.266
342.202
342.222
342.24
342.253
342.263
342.269
342.273
342.273
342.27
342.263
342.188
342.214
342.234
342.249
342.259
342.266
342.269
342.269
342.265
342.257
341.289
341.314
341.335
341.351
341.363
341.37
341.374
341.373
341.369
341.362
341.302
341.323
341.341
341.356
341.367
341.374
341.378
341.377
341.374
341.369
341.311
341.33
341.346
341.36
341.371
341.378
341.381
341.381
341.379
341.374
341.316
341.334
341.349
341.363
341.373
341.38
341.383
341.384
341.382
341.378
341.318
341.335
341.351
341.364
341.373
341.38
341.384
341.385
341.383
341.379
341.317
341.335
341.35
341.364
341.373
341.38
341.384
341.385
341.383
341.379
341.315
341.333
341.349
341.363
341.372
341.379
341.383
341.384
341.382
341.376
341.31
341.329
341.346
341.36
341.37
341.377
341.381
341.381
341.379
341.373
341.301
341.322
341.34
341.355
341.366
341.373
341.378
341.378
341.376
341.37
341.288
341.313
341.334
341.351
341.362
341.37
341.374
341.374
341.371
341.364
340.671
340.698
340.72
340.738
340.75
340.758
340.763
340.762
340.758
340.752
340.685
340.707
340.727
340.743
340.755
340.763
340.767
340.767
340.764
340.759
340.694
340.714
340.732
340.748
340.759
340.767
340.771
340.77
340.769
340.764
340.699
340.719
340.736
340.751
340.762
340.769
340.773
340.773
340.772
340.768
340.701
340.72
340.738
340.752
340.762
340.769
340.774
340.775
340.773
340.769
340.701
340.72
340.738
340.752
340.762
340.769
340.774
340.775
340.773
340.769
340.699
340.719
340.737
340.751
340.761
340.769
340.773
340.774
340.772
340.767
340.693
340.714
340.733
340.748
340.759
340.766
340.77
340.771
340.769
340.764
340.684
340.707
340.727
340.744
340.755
340.762
340.767
340.768
340.766
340.76
340.67
340.697
340.721
340.738
340.75
340.758
340.763
340.764
340.761
340.754
340.349
340.378
340.404
340.424
340.437
340.446
340.45
340.45
340.446
340.44
340.364
340.39
340.412
340.43
340.443
340.451
340.456
340.455
340.452
340.447
340.373
340.398
340.419
340.436
340.448
340.456
340.46
340.459
340.457
340.452
340.379
340.403
340.423
340.439
340.451
340.458
340.462
340.462
340.461
340.456
340.381
340.405
340.425
340.44
340.451
340.459
340.463
340.464
340.462
340.458
340.381
340.406
340.425
340.44
340.451
340.459
340.463
340.464
340.463
340.458
340.379
340.404
340.424
340.44
340.45
340.458
340.462
340.463
340.461
340.456
340.373
340.399
340.42
340.437
340.448
340.455
340.459
340.46
340.458
340.452
340.363
340.39
340.414
340.432
340.443
340.451
340.456
340.457
340.454
340.448
340.348
340.378
340.405
340.425
340.438
340.446
340.451
340.452
340.448
340.442
)
;

boundaryField
{
    bodyBottom
    {
        type            fixedValue;
        value           uniform 353;
    }
    solid_to_fluid
    {
        type            compressible::turbulentTemperatureCoupledBaffleMixed;
        refValue        nonuniform List<scalar> 
500
(
322.688
327.239
329.212
330.358
330.928
330.924
330.353
329.206
327.233
322.679
311.938
316.578
320.4
322.445
323.342
323.338
322.437
320.392
316.571
311.931
307.094
310.619
313.593
315.176
315.87
315.866
315.171
313.588
310.615
307.09
305.76
308.874
311.434
312.737
313.293
313.29
312.734
311.432
308.872
305.758
305.293
308.281
310.694
311.89
312.399
312.398
311.888
310.693
308.28
305.292
305.198
308.181
310.591
311.767
312.27
312.269
311.766
310.59
308.181
305.197
305.064
307.994
310.385
311.533
312.021
312.02
311.532
310.385
307.994
305.063
304.507
307.215
309.452
310.5
310.935
310.935
310.5
309.453
307.216
304.507
303.233
305.482
307.372
308.248
308.607
308.608
308.25
307.376
305.485
303.234
301.625
303.262
304.666
305.295
305.542
305.544
305.299
304.671
303.267
301.629
323.689
337.506
340.329
343.14
341.819
341.321
340.186
338.896
337.593
336.642
314.945
336.426
340.809
342.867
342.269
341.677
340.44
338.923
337.404
335.431
310.604
332.994
339.399
341.219
340.774
340.396
339.299
337.908
336.268
332.125
309.182
331.602
337.784
339.212
338.942
338.904
337.967
336.859
335.17
329.632
308.563
330.528
336
337.266
336.972
337.156
336.363
335.586
333.99
328.436
308.307
329.611
334.582
335.752
335.454
335.683
335
334.41
333.01
327.89
308.06
328.452
333.503
334.535
334.294
334.485
333.851
333.254
332.157
327.752
307.53
326.899
332.915
333.921
333.797
333.721
333.171
332.456
331.442
327.961
306.509
323.852
332.012
333.091
333.309
332.963
332.564
331.864
330.409
328.034
305.042
316.475
327.772
330.905
330.865
331.577
331.515
330.355
328.974
326.998
340.855
341.241
340.766
340.287
339.954
339.75
339.93
340.422
341.035
340.927
333.217
334.143
333.487
332.532
331.793
331.325
331.781
332.773
333.724
333.148
326.078
326.993
326.455
325.823
325.599
325.164
325.041
325.691
326.52
325.965
323.605
324.873
325.025
325.323
326.013
325.543
324.277
324.023
324.294
323.477
323.358
324.981
325.609
326.487
327.617
327.068
325.144
324.389
324.352
323.26
323.588
325.456
326.476
327.798
329.161
328.527
326.159
325.013
324.74
323.485
324.215
326.208
327.47
329.028
330.443
329.759
327.241
325.882
325.468
324.13
325.208
327.144
328.4
329.93
331.264
330.579
328.224
326.894
326.513
325.232
326.439
328.006
328.88
330.106
331.273
330.646
328.66
327.658
327.634
326.709
326.984
327.774
327.922
328.662
329.65
329.109
327.51
327.035
327.727
327.586
323.702
337.51
340.333
343.15
341.837
341.353
340.24
338.971
337.662
336.602
314.955
336.421
340.794
342.846
342.237
341.652
340.426
338.922
337.383
335.284
310.609
332.963
339.336
341.123
340.658
340.275
339.176
337.802
336.137
331.798
309.185
331.544
337.669
339.044
338.747
338.724
337.768
336.677
334.933
329.22
308.564
330.45
335.849
337.059
336.725
336.902
336.102
335.337
333.628
327.961
308.309
329.527
334.414
335.53
335.19
335.411
334.714
334.125
332.603
327.379
308.061
328.375
333.327
334.289
334.004
334.193
333.535
332.938
331.756
327.206
307.531
326.837
332.728
333.635
333.462
333.368
332.805
332.09
331.023
327.343
306.511
323.868
331.893
332.799
332.915
332.516
332.085
331.304
329.849
327.419
305.044
316.534
328.046
330.796
330.611
331.29
330.877
329.683
328.479
326.312
305.123
316.786
326.458
328.757
329.166
329.882
330.018
329.492
328.393
326.084
306.672
324.789
331.693
333.105
333.121
333.187
333.005
332.335
330.825
328.023
307.775
328.28
333.547
334.936
334.829
334.547
334.058
333.243
331.751
329.4
308.311
329.583
333.156
334.708
334.872
334.819
334.408
333.707
332.803
330.489
308.542
330.293
332.473
333.832
334.324
334.442
334.383
334.175
333.828
331.607
308.554
330.42
332.317
333.621
334.146
334.381
334.392
334.282
334.031
331.625
308.325
329.534
332.726
334.15
334.433
334.451
334.227
333.765
333.072
330.474
307.795
328.372
333.379
334.915
334.876
334.621
334.186
333.44
332.058
329.687
306.695
325.124
332.124
333.559
333.516
333.522
333.331
332.64
331.154
328.6
305.145
317.026
327.282
329.189
329.499
330.174
330.438
329.954
328.841
326.551
)
;
        refGradient     uniform 0;
        valueFraction   nonuniform List<scalar> 
500
(
0.000301416
0.000301416
0.000301416
0.000301416
0.000301416
0.000301416
0.000301416
0.000301416
0.000301416
0.000301416
0.000301416
0.000301416
0.000301416
0.000301416
0.000301416
0.000301416
0.000301416
0.000301416
0.000301416
0.000301416
0.000301416
0.000301416
0.000301416
0.000301416
0.000301416
0.000301416
0.000301416
0.000301416
0.000301416
0.000301416
0.000301416
0.000301416
0.000301416
0.000301416
0.000301416
0.000301416
0.000301416
0.000301416
0.000301416
0.000301416
0.000301416
0.000301416
0.000301416
0.000301416
0.000301416
0.000301416
0.000301416
0.000301416
0.000301416
0.000301416
0.000301416
0.000301416
0.000301416
0.000301416
0.000301416
0.000301416
0.000301416
0.000301416
0.000301416
0.000301416
0.000301416
0.000301416
0.000301416
0.000301416
0.000301416
0.000301416
0.000301416
0.000301416
0.000301416
0.000301416
0.000301416
0.000301416
0.000301416
0.000301416
0.000301416
0.000301416
0.000301416
0.000301416
0.000301416
0.000301416
0.000301416
0.000301416
0.000301416
0.000301416
0.000301416
0.000301416
0.000301416
0.000301416
0.000301416
0.000301416
0.000301416
0.000301416
0.000301416
0.000301416
0.000301416
0.000301416
0.000301416
0.000301416
0.000301416
0.000301416
0.000302436
0.000302436
0.000302436
0.000302436
0.000302436
0.000302436
0.000302436
0.000302436
0.000302436
0.000302436
0.000302436
0.000302436
0.000302436
0.000302436
0.000302436
0.000302436
0.000302436
0.000302436
0.000302436
0.000302436
0.000302436
0.000302436
0.000302436
0.000302436
0.000302436
0.000302436
0.000302436
0.000302436
0.000302436
0.000302436
0.000302436
0.000302436
0.000302436
0.000302436
0.000302436
0.000302436
0.000302436
0.000302436
0.000302436
0.000302436
0.000302436
0.000302436
0.000302436
0.000302436
0.000302436
0.000302436
0.000302436
0.000302436
0.000302436
0.000302436
0.000302436
0.000302436
0.000302436
0.000302436
0.000302436
0.000302436
0.000302436
0.000302436
0.000302436
0.000302436
0.000302436
0.000302436
0.000302436
0.000302436
0.000302436
0.000302436
0.000302436
0.000302436
0.000302436
0.000302436
0.000302436
0.000302436
0.000302436
0.000302436
0.000302436
0.000302436
0.000302436
0.000302436
0.000302436
0.000302436
0.000302436
0.000302436
0.000302436
0.000302436
0.000302436
0.000302436
0.000302436
0.000302436
0.000302436
0.000302436
0.000302436
0.000302436
0.000302436
0.000302436
0.000302436
0.000302436
0.000302436
0.000302436
0.000302436
0.000302436
0.000300478
0.000300478
0.000300478
0.000300478
0.000300478
0.000300478
0.000300478
0.000300478
0.000300478
0.000300478
0.000300478
0.000300478
0.000300478
0.000300478
0.000300478
0.000300478
0.000300478
0.000300478
0.000300478
0.000300478
0.000300478
0.000300478
0.000300478
0.000300478
0.000300478
0.000300478
0.000300478
0.000300478
0.000300478
0.000300478
0.000300478
0.000300478
0.000300478
0.000300478
0.000300478
0.000300478
0.000300478
0.000300478
0.000300478
0.000300478
0.000300478
0.000300478
0.000300478
0.000300478
0.000300478
0.000300478
0.000300478
0.000300478
0.000300478
0.000300478
0.000300478
0.000300478
0.000300478
0.000300478
0.000300478
0.000300478
0.000300478
0.000300478
0.000300478
0.000300478
0.000300478
0.000300478
0.000300478
0.000300478
0.000300478
0.000300478
0.000300478
0.000300478
0.000300478
0.000300478
0.000300478
0.000300478
0.000300478
0.000300478
0.000300478
0.000300478
0.000300478
0.000300478
0.000300478
0.000300478
0.000300478
0.000300478
0.000300478
0.000300478
0.000300478
0.000300478
0.000300478
0.000300478
0.000300478
0.000300478
0.000300478
0.000300478
0.000300478
0.000300478
0.000300478
0.000300478
0.000300478
0.000300478
0.000300478
0.000300478
0.000302436
0.000302436
0.000302436
0.000302436
0.000302436
0.000302436
0.000302436
0.000302436
0.000302436
0.000302436
0.000302436
0.000302436
0.000302436
0.000302436
0.000302436
0.000302436
0.000302436
0.000302436
0.000302436
0.000302436
0.000302436
0.000302436
0.000302436
0.000302436
0.000302436
0.000302436
0.000302436
0.000302436
0.000302436
0.000302436
0.000302436
0.000302436
0.000302436
0.000302436
0.000302436
0.000302436
0.000302436
0.000302436
0.000302436
0.000302436
0.000302436
0.000302436
0.000302436
0.000302436
0.000302436
0.000302436
0.000302436
0.000302436
0.000302436
0.000302436
0.000302436
0.000302436
0.000302436
0.000302436
0.000302436
0.000302436
0.000302436
0.000302436
0.000302436
0.000302436
0.000302436
0.000302436
0.000302436
0.000302436
0.000302436
0.000302436
0.000302436
0.000302436
0.000302436
0.000302436
0.000302436
0.000302436
0.000302436
0.000302436
0.000302436
0.000302436
0.000302436
0.000302436
0.000302436
0.000302436
0.000302436
0.000302436
0.000302436
0.000302436
0.000302436
0.000302436
0.000302436
0.000302436
0.000302436
0.000302436
0.000302436
0.000302436
0.000302436
0.000302436
0.000302436
0.000302436
0.000302436
0.000302436
0.000302436
0.000302436
0.000301115
0.000301115
0.000301115
0.000301115
0.000301115
0.000301115
0.000301115
0.000301115
0.000301115
0.000301115
0.000301115
0.000301115
0.000301115
0.000301115
0.000301115
0.000301115
0.000301115
0.000301115
0.000301115
0.000301115
0.000301115
0.000301115
0.000301115
0.000301115
0.000301115
0.000301115
0.000301115
0.000301115
0.000301115
0.000301115
0.000301115
0.000301115
0.000301115
0.000301115
0.000301115
0.000301115
0.000301115
0.000301115
0.000301115
0.000301115
0.000301115
0.000301115
0.000301115
0.000301115
0.000301115
0.000301115
0.000301115
0.000301115
0.000301115
0.000301115
0.000301115
0.000301115
0.000301115
0.000301115
0.000301115
0.000301115
0.000301115
0.000301115
0.000301115
0.000301115
0.000301115
0.000301115
0.000301115
0.000301115
0.000301115
0.000301115
0.000301115
0.000301115
0.000301115
0.000301115
0.000301115
0.000301115
0.000301115
0.000301115
0.000301115
0.000301115
0.000301115
0.000301115
0.000301115
0.000301115
0.000301115
0.000301115
0.000301115
0.000301115
0.000301115
0.000301115
0.000301115
0.000301115
0.000301115
0.000301115
0.000301115
0.000301115
0.000301115
0.000301115
0.000301115
0.000301115
0.000301115
0.000301115
0.000301115
0.000301115
)
;
        source          uniform 0;
        Tnbr            T;
        kappaMethod     solidThermo;
        value           nonuniform List<scalar> 
500
(
351.98
351.988
351.992
351.993
351.994
351.994
351.993
351.992
351.988
351.98
349.999
350.012
350.019
350.024
350.025
350.025
350.023
350.019
350.012
349.999
348.104
348.118
348.127
348.132
348.134
348.134
348.132
348.127
348.118
348.104
346.336
346.351
346.36
346.366
346.368
346.368
346.366
346.361
346.351
346.337
344.735
344.749
344.759
344.765
344.767
344.767
344.765
344.76
344.75
344.736
343.338
343.352
343.362
343.367
343.37
343.37
343.368
343.362
343.352
343.338
342.177
342.191
342.2
342.206
342.208
342.208
342.205
342.2
342.19
342.176
341.277
341.291
341.3
341.306
341.308
341.307
341.305
341.299
341.289
341.275
340.658
340.673
340.683
340.688
340.69
340.69
340.688
340.682
340.672
340.657
340.336
340.351
340.361
340.367
340.369
340.369
340.367
340.361
340.351
340.335
351.981
351.994
352
352.004
352.005
352.005
352.005
352.004
352.001
351.998
350
350.025
350.038
350.047
350.05
350.052
350.052
350.049
350.045
350.037
348.105
348.135
348.153
348.164
348.169
348.173
348.173
348.17
348.164
348.153
346.338
346.369
346.389
346.402
346.409
346.413
346.414
346.411
346.405
346.393
344.737
344.769
344.789
344.803
344.811
344.816
344.818
344.816
344.809
344.798
343.339
343.371
343.392
343.406
343.415
343.421
343.424
343.422
343.417
343.406
342.177
342.208
342.23
342.245
342.255
342.262
342.266
342.265
342.261
342.251
341.276
341.308
341.331
341.347
341.358
341.366
341.37
341.37
341.367
341.358
340.658
340.69
340.717
340.735
340.747
340.755
340.759
340.76
340.756
340.749
340.336
340.369
340.4
340.421
340.433
340.442
340.447
340.447
340.444
340.437
351.999
352.002
352.003
352.004
352.004
352.004
352.004
352.003
352.002
351.999
350.036
350.041
350.044
350.045
350.045
350.045
350.045
350.044
350.042
350.037
348.151
348.157
348.161
348.163
348.163
348.163
348.162
348.16
348.157
348.152
346.39
346.397
346.402
346.405
346.406
346.406
346.404
346.401
346.397
346.391
344.795
344.802
344.807
344.811
344.813
344.812
344.81
344.807
344.803
344.796
343.404
343.411
343.417
343.421
343.422
343.422
343.419
343.416
343.412
343.405
342.248
342.256
342.262
342.266
342.267
342.267
342.264
342.26
342.256
342.25
341.356
341.363
341.369
341.373
341.375
341.374
341.371
341.368
341.364
341.358
340.747
340.754
340.759
340.763
340.765
340.765
340.762
340.759
340.755
340.749
340.434
340.442
340.447
340.451
340.453
340.453
340.45
340.447
340.443
340.437
351.981
351.994
352
352.004
352.005
352.005
352.005
352.004
352.001
351.998
350
350.026
350.039
350.047
350.05
350.052
350.052
350.049
350.044
350.037
348.105
348.135
348.153
348.164
348.17
348.173
348.173
348.17
348.163
348.152
346.337
346.369
346.389
346.402
346.409
346.413
346.414
346.411
346.404
346.392
344.736
344.768
344.789
344.803
344.811
344.816
344.817
344.815
344.808
344.797
343.339
343.37
343.391
343.406
343.415
343.421
343.423
343.421
343.415
343.405
342.178
342.209
342.23
342.245
342.256
342.262
342.265
342.264
342.259
342.249
341.277
341.309
341.331
341.348
341.359
341.366
341.37
341.369
341.364
341.356
340.659
340.691
340.716
340.734
340.747
340.755
340.759
340.758
340.754
340.747
340.337
340.369
340.399
340.419
340.433
340.442
340.446
340.445
340.441
340.434
340.337
340.369
340.399
340.419
340.432
340.441
340.446
340.445
340.441
340.434
340.352
340.384
340.408
340.427
340.44
340.448
340.452
340.452
340.448
340.442
340.362
340.393
340.416
340.433
340.445
340.452
340.456
340.456
340.453
340.448
340.368
340.399
340.42
340.436
340.447
340.455
340.459
340.459
340.457
340.452
340.37
340.401
340.421
340.437
340.448
340.455
340.46
340.461
340.459
340.454
340.37
340.401
340.421
340.437
340.448
340.455
340.46
340.461
340.459
340.454
340.368
340.399
340.421
340.436
340.447
340.455
340.459
340.46
340.457
340.451
340.362
340.394
340.417
340.434
340.445
340.452
340.456
340.456
340.454
340.448
340.352
340.384
340.41
340.428
340.44
340.447
340.452
340.453
340.45
340.443
340.336
340.369
340.4
340.42
340.433
340.442
340.447
340.447
340.444
340.437
)
;
    }
}


// ************************************************************************* //
