/*--------------------------------*- C++ -*----------------------------------*\
| =========                 |                                                 |
| \\      /  F ield         | OpenFOAM: The Open Source CFD Toolbox           |
|  \\    /   O peration     | Version:  2412                                  |
|   \\  /    A nd           | Website:  www.openfoam.com                      |
|    \\/     M anipulation  |                                                 |
\*---------------------------------------------------------------------------*/
FoamFile
{
    version     2.0;
    format      ascii;
    arch        "LSB;label=32;scalar=64";
    class       volScalarField;
    location    "3.5/solid";
    object      wallHeatFlux;
}
// * * * * * * * * * * * * * * * * * * * * * * * * * * * * * * * * * * * * * //

dimensions      [1 0 -3 0 0 0 0];

internalField   uniform 0;

boundaryField
{
    bodyBottom
    {
        type            calculated;
        value           nonuniform List<scalar> 
100
(
207255
205820
205205
205000
204795
204795
205000
205205
205820
207255
205205
204385
203975
203770
203770
203770
203770
203975
204385
205205
204180
203565
203360
203155
203155
203155
203155
203360
203770
204180
203565
203155
202950
202950
202745
202745
202950
202950
203155
203565
203360
202950
202745
202540
202540
202540
202540
202745
202950
203360
203155
202745
202540
202540
202540
202540
202540
202540
202745
203155
203155
202745
202540
202540
202540
202540
202540
202540
202745
203155
203360
202950
202745
202540
202540
202540
202540
202745
202950
203360
203770
203155
202950
202950
202745
202745
202950
202950
203155
203770
204385
203770
203565
203360
203360
203360
203565
203565
203770
204385
)
;
    }
    solid_to_fluid
    {
        type            calculated;
        value           nonuniform List<scalar> 
500
(
-1845
-1640
-1435
-1435
-1435
-1435
-1435
-1435
-1640
-1845
-2460
-2050
-2050
-1640
-1845
-1845
-1845
-2050
-2050
-2460
-2665
-2460
-2255
-2255
-2255
-2050
-2255
-2255
-2460
-2665
-2665
-2460
-2255
-2255
-2255
-2255
-2255
-2255
-2460
-2665
-2665
-2460
-2255
-2255
-2255
-2255
-2255
-2255
-2460
-2460
-2665
-2460
-2255
-2255
-2050
-2050
-2050
-2255
-2460
-2665
-2460
-2255
-2255
-2050
-2050
-2050
-2255
-2255
-2460
-2460
-2460
-2255
-2255
-2050
-2050
-2050
-2050
-2255
-2460
-2665
-2665
-2460
-2255
-2255
-2255
-2255
-2255
-2255
-2460
-2665
-2665
-2665
-2460
-2460
-2460
-2460
-2460
-2460
-2460
-2665
-1640
-1025
-820
-615
-615
-820
-820
-820
-1025
-1025
-2255
-1025
-820
-410
-615
-615
-615
-820
-820
-1025
-2460
-1025
-615
-410
-615
-615
-615
-820
-820
-1230
-2460
-1025
-820
-615
-615
-615
-615
-820
-820
-1230
-2255
-1025
-820
-615
-615
-615
-615
-615
-1025
-1230
-2460
-1025
-820
-820
-820
-820
-615
-820
-820
-1230
-2255
-1230
-820
-820
-820
-820
-615
-820
-820
-1230
-2460
-1025
-615
-820
-820
-820
-820
-820
-820
-1230
-2460
-1435
-820
-615
-615
-615
-820
-820
-1025
-1025
-2460
-1845
-1025
-820
-1025
-820
-820
-1025
-820
-1025
-820
-820
-820
-820
-820
-820
-615
-820
-820
-820
-1025
-1230
-1025
-1230
-1230
-1230
-1230
-1025
-1025
-1025
-1435
-1435
-1435
-1435
-1640
-1640
-1640
-1640
-1435
-1435
-1640
-1435
-1435
-1435
-1435
-1435
-1435
-1640
-1640
-1640
-1640
-1435
-1435
-1230
-1230
-1435
-1435
-1435
-1435
-1640
-1435
-1435
-1230
-1025
-1230
-1025
-1230
-1230
-1230
-1435
-1435
-1230
-1025
-1025
-1025
-1025
-1230
-1230
-1435
-1435
-1230
-1230
-1025
-1025
-820
-1025
-1025
-1025
-1230
-1230
-1025
-1025
-1025
-1025
-820
-820
-1025
-1025
-1025
-1025
-1230
-1025
-1025
-1025
-1025
-1025
-1230
-1025
-1025
-1025
-1640
-1025
-820
-615
-615
-820
-820
-820
-1025
-1025
-2255
-820
-615
-410
-615
-615
-615
-820
-820
-820
-2460
-1025
-615
-615
-615
-615
-615
-615
-820
-1230
-2460
-1025
-820
-615
-615
-615
-615
-820
-820
-1230
-2460
-1025
-820
-615
-615
-615
-820
-820
-1025
-1230
-2460
-1230
-820
-615
-820
-820
-820
-820
-1025
-1230
-2255
-1025
-820
-820
-615
-820
-820
-820
-820
-1230
-2460
-1025
-820
-615
-820
-820
-820
-820
-1025
-1230
-2460
-1435
-820
-820
-615
-615
-820
-820
-820
-1025
-2460
-1845
-1025
-1025
-820
-820
-820
-1025
-1025
-1230
-2460
-1845
-1025
-1025
-1025
-1025
-820
-1025
-1025
-1230
-2460
-1230
-820
-615
-615
-615
-820
-615
-820
-1025
-2255
-1025
-615
-615
-615
-820
-820
-615
-820
-820
-2255
-820
-615
-615
-820
-615
-615
-615
-820
-820
-2255
-820
-820
-615
-615
-820
-615
-615
-615
-820
-2255
-1025
-820
-615
-615
-820
-615
-615
-820
-820
-2255
-1025
-615
-820
-615
-615
-615
-615
-820
-1025
-2255
-1025
-615
-615
-615
-615
-615
-820
-820
-820
-2255
-1230
-820
-820
-615
-820
-820
-820
-820
-1025
-2460
-1845
-1025
-1025
-1025
-820
-820
-1025
-820
-1025
)
;
    }
}


// ************************************************************************* //
