# Probe 0 (0.06 0.06 0.01)
# Probe 1 (0.12 0.06 0.01)
# Probe 2 (0.18 0.08 0.01)
# Time        0             1             2            
0             100000        100000        100000       
0.1           100000        100000        100000       
0.2           100000        99999.8       100000       
0.3           100000        99999.8       100000       
0.4           100000        99999.8       100000       
0.5           100000        99999.8       100000       
0.6           100000        99999.8       100000       
0.7           100000        99999.8       100000       
0.8           100000        99999.8       100000       
0.9           100000        99999.8       100000       
1             100000        99999.8       100000       
1.1           100000        99999.8       100000       
1.2           100000        99999.8       100000       
1.3           100000        99999.8       100000       
1.4           100000        99999.8       100000       
1.5           100000        99999.8       100000       
1.6           100000        99999.8       100000       
1.7           100000        99999.8       100000       
1.8           100000        99999.8       100000       
1.9           100000        99999.9       100000       
2             100000        99999.9       100000       
2.1           100000        99999.9       100000       
2.2           100000        99999.9       100000       
2.3           100000        99999.9       100000       
2.4           100000        99999.9       100000       
2.5           100000        99999.9       100000       
2.6           100000        99999.9       100000       
2.7           100000        99999.9       100000       
2.8           100000        99999.9       100000       
2.9           100000        99999.9       100000       
3             100000        99999.9       100000       
3.1           100000        99999.9       100000       
3.2           100000        99999.9       100000       
3.3           100000        99999.9       100000       
3.4           100000        99999.9       100000       
3.5           100000        99999.9       100000       
3.6           100000        99999.9       100000       
3.7           100000        99999.9       100000       
3.8           100000        99999.9       100000       
3.9           100000        99999.9       100000       
4             100000        99999.9       100000       
4.1           100000        99999.9       100000       
4.2           100000        99999.9       100000       
4.3           100000        99999.9       100000       
4.4           100000        99999.9       100000       
4.5           100000        99999.9       100000       
4.6           100000        99999.9       100000       
4.7           100000        99999.9       100000       
4.8           100000        99999.9       100000       
4.9           100000        99999.9       100000       
5             100000        99999.9       100000       
