# Probe 0 (0.06 0.06 0.01)
# Probe 1 (0.12 0.06 0.01)
# Probe 2 (0.18 0.08 0.01)
# Time        0             1             2            
0             293           293           293          
0.1           293           292.992       292.995      
0.2           293           293.092       293.02       
0.3           293           293.752       293.173      
0.4           293           293.65        293.177      
0.5           293           293.791       293.259      
0.6           293           294.075       293.328      
0.7           293           294.199       293.343      
0.8           293           294.376       293.415      
0.9           293           294.406       293.48       
1             293           294.625       293.524      
1.1           293           294.795       293.605      
1.2           293           295.004       293.646      
1.3           293           295.168       293.704      
1.4           293           295.378       293.753      
1.5           293           295.588       293.8        
1.6           293           295.778       293.844      
1.7           293           295.989       293.874      
1.8           293           296.162       293.92       
1.9           293           296.361       293.955      
2             293           296.531       293.996      
2.1           293           296.703       294.02       
2.2           293           296.874       294.039      
2.3           293           297.029       294.065      
2.4           293           297.192       294.088      
2.5           293           297.335       294.119      
2.6           293           297.48        294.137      
2.7           293           297.62        294.153      
2.8           293           297.75        294.17       
2.9           293           297.876       294.178      
3             293           297.993       294.196      
3.1           293           298.111       294.218      
3.2           293           298.222       294.244      
3.3           293           298.325       294.251      
3.4           293           298.419       294.221      
3.5           293           298.515       294.229      
3.6           293           298.606       294.293      
3.7           293           298.692       294.357      
3.8           293           298.763       294.311      
3.9           293           298.83        294.173      
4             293           298.928       294.224      
4.1           293           298.918       294.441      
4.2           293           299.033       294.557      
4.3           293           299.013       294.304      
4.4           293           299.062       294.073      
4.5           293           299.185       294.274      
4.6           293           298.945       294.724      
4.7           293           299.191       294.602      
4.8           293           298.887       294.346      
4.9           293           299.084       294.049      
5             293           299.313       294.601      
