# Probe 0 (0.06 0.06 0.01)
# Probe 1 (0.12 0.06 0.01)
# Probe 2 (0.18 0.08 0.01)
# Time        0             1             2            
0             (1 0 0)       (1 0 0)       (1 0 0)      
0.1           (0.880249 -0.00766999 0.068732) (0.0286067 0.027729 -0.318583) (1.01272 -0.0230917 -0.00631399)
0.2           (0.874857 -0.0076835 0.0761539) (0.0359858 -0.010105 -0.243287) (1.02263 -0.0400289 -0.002098)
0.3           (0.872375 -0.00771913 0.0769152) (0.010258 -0.0051954 -0.0872465) (0.940901 -0.0865514 0.0218897)
0.4           (0.870539 -0.00773774 0.0775787) (-0.15502 -0.0177985 -0.00755245) (0.97775 -0.0836427 0.0125666)
0.5           (0.869448 -0.00775444 0.0778903) (-0.183747 0.00123985 -0.0319206) (0.976674 -0.0939881 0.019348)
0.6           (0.868839 -0.00777498 0.0778522) (-0.15975 -0.00628455 -0.041541) (0.983878 -0.0971762 0.0172735)
0.7           (0.868148 -0.00777804 0.0781231) (-0.211081 -0.00568077 -0.0235401) (0.989953 -0.102857 0.00981421)
0.8           (0.867757 -0.00778286 0.0782427) (-0.291552 -0.00285411 -0.018494) (0.987403 -0.105707 0.0140536)
0.9           (0.867532 -0.00778987 0.0782507) (-0.224439 -0.00396478 -0.0225591) (0.98708 -0.106259 0.0114839)
1             (0.867253 -0.0077916 0.0783445) (-0.221128 -0.00552565 -0.0121696) (0.987636 -0.108435 0.0119729)
1.1           (0.867083 -0.0077908 0.078419) (-0.187749 -0.00323029 -0.0117717) (0.984026 -0.110513 0.0108617)
1.2           (0.866935 -0.00779286 0.0784625) (-0.184563 -0.00403058 -0.00917334) (0.983912 -0.112193 0.0107685)
1.3           (0.866809 -0.00779548 0.0785104) (-0.16878 -0.00178234 -0.00327926) (0.981847 -0.11269 0.0099181)
1.4           (0.866694 -0.00779612 0.0785481) (-0.176262 -0.00276042 -0.000946244) (0.980638 -0.113796 0.0101835)
1.5           (0.86659 -0.00779326 0.0785883) (-0.186728 -0.000864233 0.00335607) (0.978833 -0.114389 0.00897662)
1.6           (0.866524 -0.00779487 0.0785943) (-0.183849 -0.00149411 0.00496873) (0.9772 -0.115288 0.00917876)
1.7           (0.86644 -0.00780002 0.0786205) (-0.194156 -0.000258565 0.00823875) (0.97695 -0.115187 0.00820567)
1.8           (0.866392 -0.0078037 0.0786284) (-0.188944 -2.61536e-05 0.00938815) (0.975207 -0.114971 0.00830158)
1.9           (0.866333 -0.00779799 0.078643) (-0.200459 -0.000204179 0.00997757) (0.975459 -0.115167 0.00857323)
2             (0.866295 -0.0077922 0.0786493) (-0.199573 0.000196989 0.0122384) (0.974384 -0.116323 0.00847673)
2.1           (0.86626 -0.00779932 0.0786516) (-0.201951 -0.000336128 0.0127469) (0.974385 -0.117728 0.00809475)
2.2           (0.866221 -0.00781306 0.0786622) (-0.205473 0.00100971 0.0139175) (0.973777 -0.117809 0.00700841)
2.3           (0.8662 -0.00781106 0.0786603) (-0.203735 0.000817409 0.0141379) (0.972901 -0.116855 0.00708957)
2.4           (0.866167 -0.0077872 0.0786666) (-0.212657 0.000383934 0.0142306) (0.973733 -0.116328 0.00746135)
2.5           (0.866151 -0.00778073 0.0786658) (-0.211762 0.000381866 0.0152558) (0.973606 -0.117487 0.00779517)
2.6           (0.866133 -0.00781256 0.0786658) (-0.215601 0.00114806 0.0151914) (0.973813 -0.118915 0.00729033)
2.7           (0.866114 -0.00784294 0.0786689) (-0.217439 0.0024676 0.0160694) (0.972755 -0.118759 0.00640584)
2.8           (0.8661 -0.0078071 0.0786659) (-0.218394 0.000679573 0.0159182) (0.972346 -0.117475 0.00658971)
2.9           (0.866079 -0.00773767 0.0786695) (-0.225021 -0.00100664 0.0156825) (0.974028 -0.117417 0.00708261)
3             (0.866072 -0.00775485 0.0786674) (-0.223755 0.000527096 0.016292) (0.974809 -0.118944 0.00711565)
3.1           (0.866064 -0.00786958 0.0786643) (-0.227853 0.00485504 0.0165163) (0.974074 -0.119869 0.00640187)
3.2           (0.866053 -0.00791449 0.0786659) (-0.231092 0.0047666 0.0173442) (0.9716 -0.118539 0.00587443)
3.3           (0.866039 -0.00774565 0.0786626) (-0.233901 -0.00303592 0.0167192) (0.971941 -0.117397 0.00671062)
3.4           (0.866016 -0.00757372 0.0786703) (-0.236828 -0.00585167 0.0164676) (0.97667 -0.11904 0.00699536)
3.5           (0.866026 -0.00772758 0.0786641) (-0.231215 0.00337193 0.0174807) (0.978287 -0.120994 0.00622232)
3.6           (0.866027 -0.00808557 0.0786573) (-0.244886 0.0162567 0.0183048) (0.973879 -0.120191 0.00536581)
3.7           (0.866021 -0.0080626 0.0786603) (-0.247947 0.00587022 0.020421) (0.967089 -0.117148 0.00572109)
3.8           (0.865993 -0.0074652 0.078651) (-0.251887 -0.018839 0.0190653) (0.971789 -0.117448 0.00812439)
3.9           (0.865954 -0.00712185 0.0786899) (-0.247513 -0.0173147 0.0206794) (0.985086 -0.122563 0.00656156)
4             (0.866041 -0.00780069 0.0786435) (-0.234793 0.0178035 0.0234287) (0.984966 -0.125628 0.00469447)
4.1           (0.866017 -0.00867005 0.0786423) (-0.27919 0.0431894 0.0287876) (0.970505 -0.117274 0.00447781)
4.2           (0.86605 -0.00823837 0.0786534) (-0.252962 0.00229691 0.0311983) (0.951965 -0.11772 0.00694282)
4.3           (0.865979 -0.00693581 0.0785976) (-0.277036 -0.0505225 0.0374554) (0.974731 -0.115025 0.0125099)
4.4           (0.865888 -0.00660022 0.0787618) (-0.247306 -0.0321737 0.0365352) (0.997262 -0.129715 0.0056527)
4.5           (0.8661 -0.00801314 0.0786177) (-0.221224 0.0296326 0.034143) (0.988635 -0.130843 0.00314181)
4.6           (0.86596 -0.0089906 0.078645) (-0.291064 0.0515956 0.049744) (0.959333 -0.110284 0.00592054)
4.7           (0.866032 -0.00802448 0.0786772) (-0.2259 0.00577468 0.0274154) (0.945105 -0.120245 0.0115503)
4.8           (0.865877 -0.00661882 0.0786344) (-0.289725 -0.06435 0.0549418) (0.975689 -0.117211 0.0158533)
4.9           (0.865853 -0.00683437 0.0788212) (-0.232131 -0.0195574 0.0461706) (0.997948 -0.137641 0.00313545)
5             (0.866062 -0.00829376 0.0786284) (-0.190435 0.0338382 0.0482905) (0.973522 -0.123184 0.00785487)
