/*--------------------------------*- C++ -*----------------------------------*\
| =========                 |                                                 |
| \\      /  F ield         | OpenFOAM: The Open Source CFD Toolbox           |
|  \\    /   O peration     | Version:  2412                                  |
|   \\  /    A nd           | Website:  www.openfoam.com                      |
|    \\/     M anipulation  |                                                 |
\*---------------------------------------------------------------------------*/
FoamFile
{
    version     2.0;
    format      ascii;
    arch        "LSB;label=32;scalar=64";
    class       volScalarField;
    location    "3.2/solid";
    object      T;
}
// * * * * * * * * * * * * * * * * * * * * * * * * * * * * * * * * * * * * * //

dimensions      [0 0 0 1 0 0 0];

internalField   nonuniform List<scalar> 
1000
(
351.827
351.836
351.841
351.844
351.845
351.846
351.846
351.845
351.843
351.84
351.833
351.84
351.844
351.846
351.847
351.848
351.848
351.847
351.846
351.843
351.836
351.842
351.845
351.847
351.848
351.849
351.849
351.848
351.847
351.844
351.837
351.843
351.846
351.847
351.848
351.849
351.849
351.849
351.847
351.844
351.838
351.843
351.846
351.848
351.849
351.849
351.849
351.849
351.848
351.845
351.838
351.843
351.846
351.848
351.849
351.849
351.849
351.849
351.848
351.845
351.837
351.843
351.846
351.847
351.848
351.849
351.849
351.849
351.847
351.844
351.836
351.842
351.845
351.847
351.848
351.849
351.849
351.848
351.847
351.844
351.833
351.84
351.844
351.846
351.847
351.848
351.848
351.847
351.846
351.843
351.827
351.836
351.841
351.844
351.845
351.846
351.845
351.845
351.843
351.84
349.527
349.545
349.557
349.564
349.568
349.57
349.57
349.568
349.564
349.557
349.538
349.552
349.561
349.568
349.571
349.573
349.573
349.572
349.568
349.562
349.544
349.556
349.564
349.57
349.573
349.575
349.575
349.574
349.57
349.564
349.548
349.559
349.566
349.571
349.574
349.576
349.576
349.575
349.572
349.566
349.549
349.56
349.567
349.572
349.574
349.576
349.577
349.576
349.572
349.566
349.549
349.56
349.567
349.572
349.574
349.576
349.577
349.575
349.572
349.566
349.547
349.558
349.566
349.571
349.574
349.576
349.576
349.575
349.572
349.566
349.544
349.556
349.564
349.57
349.573
349.575
349.575
349.574
349.57
349.564
349.538
349.552
349.561
349.567
349.571
349.573
349.573
349.572
349.568
349.561
349.526
349.545
349.557
349.564
349.568
349.57
349.57
349.568
349.563
349.556
347.323
347.346
347.362
347.372
347.378
347.38
347.381
347.378
347.373
347.364
347.336
347.354
347.367
347.376
347.381
347.384
347.385
347.382
347.378
347.369
347.343
347.359
347.37
347.378
347.383
347.386
347.387
347.385
347.381
347.373
347.348
347.363
347.373
347.38
347.385
347.387
347.388
347.387
347.383
347.375
347.35
347.364
347.374
347.381
347.385
347.388
347.389
347.388
347.383
347.376
347.35
347.364
347.374
347.381
347.385
347.388
347.389
347.388
347.383
347.376
347.348
347.362
347.373
347.38
347.384
347.387
347.388
347.387
347.383
347.375
347.344
347.359
347.37
347.378
347.383
347.386
347.387
347.385
347.38
347.372
347.336
347.354
347.366
347.375
347.38
347.384
347.384
347.382
347.377
347.369
347.323
347.346
347.361
347.371
347.377
347.38
347.381
347.378
347.373
347.363
345.266
345.29
345.308
345.32
345.327
345.331
345.332
345.329
345.323
345.313
345.278
345.298
345.313
345.324
345.33
345.334
345.335
345.333
345.328
345.319
345.287
345.303
345.316
345.326
345.333
345.336
345.338
345.336
345.331
345.323
345.292
345.308
345.32
345.328
345.334
345.338
345.339
345.338
345.334
345.326
345.294
345.309
345.321
345.329
345.335
345.339
345.34
345.339
345.335
345.327
345.294
345.309
345.321
345.329
345.335
345.339
345.34
345.339
345.335
345.327
345.292
345.308
345.32
345.329
345.334
345.338
345.339
345.338
345.334
345.326
345.288
345.304
345.317
345.327
345.333
345.336
345.337
345.336
345.331
345.323
345.279
345.298
345.313
345.323
345.33
345.334
345.335
345.333
345.328
345.319
345.266
345.29
345.308
345.319
345.326
345.33
345.331
345.329
345.323
345.313
343.401
343.426
343.444
343.457
343.465
343.47
343.472
343.47
343.464
343.454
343.414
343.433
343.449
343.461
343.469
343.474
343.475
343.474
343.469
343.46
343.422
343.439
343.453
343.464
343.471
343.476
343.478
343.476
343.472
343.465
343.428
343.444
343.456
343.466
343.473
343.477
343.48
343.479
343.475
343.468
343.43
343.445
343.458
343.467
343.474
343.478
343.48
343.48
343.476
343.469
343.43
343.445
343.458
343.468
343.474
343.478
343.481
343.48
343.476
343.469
343.428
343.444
343.457
343.467
343.473
343.478
343.48
343.479
343.475
343.468
343.423
343.44
343.454
343.465
343.472
343.476
343.477
343.476
343.472
343.464
343.415
343.434
343.45
343.461
343.469
343.473
343.475
343.473
343.469
343.46
343.402
343.426
343.445
343.457
343.465
343.47
343.471
343.47
343.464
343.454
341.774
341.798
341.817
341.83
341.839
341.845
341.847
341.845
341.84
341.832
341.787
341.806
341.822
341.834
341.843
341.849
341.851
341.85
341.846
341.839
341.795
341.812
341.826
341.838
341.846
341.851
341.854
341.853
341.85
341.843
341.8
341.816
341.829
341.84
341.848
341.853
341.855
341.855
341.853
341.846
341.802
341.817
341.83
341.841
341.848
341.853
341.856
341.856
341.853
341.848
341.802
341.818
341.831
341.841
341.848
341.853
341.856
341.856
341.853
341.847
341.8
341.816
341.83
341.84
341.848
341.853
341.856
341.855
341.852
341.846
341.795
341.813
341.827
341.838
341.846
341.851
341.853
341.853
341.849
341.842
341.787
341.806
341.823
341.835
341.843
341.848
341.851
341.85
341.846
341.838
341.774
341.798
341.817
341.83
341.839
341.844
341.847
341.846
341.841
341.832
340.421
340.445
340.464
340.478
340.488
340.495
340.498
340.497
340.492
340.485
340.434
340.453
340.47
340.483
340.492
340.499
340.502
340.501
340.498
340.492
340.442
340.459
340.474
340.486
340.495
340.501
340.504
340.504
340.502
340.496
340.447
340.463
340.477
340.489
340.497
340.503
340.506
340.506
340.505
340.5
340.449
340.464
340.478
340.49
340.498
340.503
340.507
340.507
340.505
340.501
340.449
340.464
340.478
340.489
340.497
340.503
340.507
340.508
340.505
340.5
340.447
340.463
340.477
340.488
340.497
340.503
340.506
340.507
340.504
340.498
340.442
340.459
340.474
340.486
340.494
340.5
340.504
340.504
340.501
340.495
340.434
340.453
340.47
340.482
340.491
340.498
340.501
340.501
340.498
340.491
340.421
340.445
340.464
340.478
340.487
340.494
340.498
340.497
340.493
340.485
339.374
339.398
339.418
339.433
339.444
339.451
339.455
339.454
339.451
339.444
339.387
339.407
339.424
339.438
339.448
339.455
339.459
339.458
339.456
339.451
339.395
339.413
339.428
339.442
339.452
339.458
339.461
339.461
339.46
339.455
339.4
339.416
339.431
339.444
339.454
339.46
339.463
339.464
339.463
339.459
339.401
339.417
339.432
339.445
339.454
339.46
339.464
339.465
339.464
339.46
339.401
339.417
339.432
339.445
339.453
339.46
339.464
339.465
339.464
339.459
339.399
339.416
339.431
339.444
339.453
339.46
339.464
339.464
339.462
339.457
339.394
339.412
339.428
339.441
339.45
339.457
339.461
339.461
339.459
339.454
339.385
339.405
339.423
339.437
339.447
339.454
339.458
339.459
339.456
339.45
339.372
339.397
339.417
339.432
339.443
339.45
339.455
339.455
339.452
339.445
338.656
338.682
338.703
338.72
338.732
338.739
338.743
338.743
338.74
338.734
338.669
338.691
338.709
338.725
338.736
338.744
338.748
338.747
338.745
338.74
338.678
338.697
338.714
338.729
338.74
338.747
338.751
338.75
338.749
338.745
338.683
338.701
338.718
338.732
338.742
338.749
338.753
338.753
338.752
338.749
338.684
338.703
338.719
338.733
338.742
338.749
338.753
338.754
338.753
338.75
338.684
338.703
338.719
338.733
338.742
338.749
338.753
338.755
338.753
338.749
338.682
338.701
338.719
338.732
338.742
338.748
338.753
338.753
338.752
338.747
338.677
338.697
338.715
338.73
338.739
338.746
338.75
338.75
338.749
338.744
338.668
338.69
338.71
338.725
338.736
338.742
338.747
338.748
338.746
338.74
338.655
338.68
338.703
338.72
338.731
338.739
338.743
338.744
338.741
338.735
338.284
338.312
338.336
338.355
338.368
338.376
338.38
338.38
338.377
338.371
338.298
338.323
338.344
338.361
338.373
338.381
338.385
338.385
338.383
338.378
338.307
338.33
338.35
338.367
338.378
338.385
338.389
338.389
338.387
338.383
338.312
338.335
338.354
338.37
338.38
338.387
338.391
338.391
338.391
338.386
338.314
338.337
338.355
338.37
338.38
338.387
338.391
338.393
338.392
338.388
338.314
338.337
338.356
338.37
338.38
338.387
338.392
338.393
338.392
338.387
338.312
338.336
338.355
338.37
338.38
338.387
338.391
338.392
338.39
338.385
338.307
338.331
338.352
338.367
338.377
338.384
338.388
338.389
338.387
338.381
338.297
338.323
338.345
338.362
338.373
338.38
338.385
338.386
338.383
338.378
338.283
338.311
338.337
338.356
338.368
338.376
338.38
338.381
338.378
338.371
)
;

boundaryField
{
    bodyBottom
    {
        type            fixedValue;
        value           uniform 353;
    }
    solid_to_fluid
    {
        type            compressible::turbulentTemperatureCoupledBaffleMixed;
        refValue        nonuniform List<scalar> 
500
(
322.478
326.992
328.945
330.083
330.649
330.651
330.087
328.95
326.996
322.486
311.703
316.279
320.046
322.061
322.948
322.951
322.068
320.052
316.285
311.71
306.852
310.31
313.226
314.777
315.457
315.461
314.782
313.23
310.314
306.856
305.48
308.521
311.021
312.292
312.833
312.836
312.295
311.024
308.524
305.483
304.966
307.871
310.217
311.379
311.874
311.876
311.382
310.219
307.873
304.969
304.81
307.696
310.027
311.164
311.649
311.65
311.165
310.028
307.698
304.812
304.633
307.458
309.763
310.868
311.337
311.339
310.87
309.764
307.459
304.635
304.061
306.664
308.814
309.821
310.239
310.24
309.822
308.814
306.664
304.062
302.812
304.971
306.786
307.626
307.969
307.969
307.625
306.785
304.97
302.813
301.261
302.831
304.177
304.78
305.016
305.015
304.779
304.175
302.829
301.26
323.521
337.326
340.153
342.972
341.659
341.169
340.046
338.767
337.447
336.372
314.712
336.043
340.416
342.462
341.859
341.272
340.037
338.523
336.965
334.803
310.323
332.404
338.722
340.506
340.053
339.673
338.574
337.193
335.503
331.077
308.84
330.802
336.831
338.202
337.918
337.892
336.945
335.851
334.088
328.34
308.156
329.532
334.807
336.01
335.689
335.851
335.066
334.299
332.58
326.936
307.827
328.446
333.189
334.286
333.958
334.158
333.478
332.894
331.38
326.221
307.528
327.174
331.944
332.878
332.604
332.777
332.135
331.549
330.389
325.932
306.969
325.566
331.215
332.094
331.926
331.828
331.278
330.584
329.547
325.978
305.954
322.614
330.298
331.187
331.301
330.917
330.498
329.749
328.342
325.995
304.529
315.524
326.491
329.21
329.022
329.673
329.335
328.197
327.002
324.927
340.751
340.989
340.437
339.961
339.732
339.718
339.966
340.402
340.868
340.519
332.85
333.568
332.739
331.776
331.238
331.241
331.847
332.722
333.354
332.468
325.578
326.268
325.548
324.914
324.951
324.974
325.055
325.593
326.083
325.2
322.967
323.946
323.838
324.139
325.221
325.277
324.388
324.012
323.847
322.646
322.559
323.839
324.118
324.984
326.651
326.746
325.302
324.358
323.772
322.266
322.637
324.116
324.713
326.017
328.057
328.182
326.358
324.966
324.048
322.354
323.144
324.731
325.531
327.069
329.225
329.349
327.355
325.719
324.613
322.842
324.075
325.618
326.416
327.926
329.942
329.983
328.091
326.469
325.404
323.72
325.323
326.524
326.979
328.179
329.896
329.884
328.206
326.879
326.204
324.898
325.974
326.426
326.202
326.911
328.331
328.23
326.803
325.983
326.038
325.504
323.508
337.317
340.141
342.961
341.643
341.163
340.048
338.774
337.47
336.465
314.7
336.036
340.415
342.474
341.88
341.307
340.09
338.592
337.072
335.045
310.315
332.41
338.749
340.555
340.118
339.753
338.681
337.324
335.691
331.502
308.834
330.819
336.876
338.278
338.014
337.994
337.076
336.006
334.321
328.8
308.151
329.555
334.861
336.089
335.793
335.976
335.209
334.465
332.848
327.376
307.822
328.468
333.242
334.362
334.058
334.277
333.617
333.053
331.637
326.63
307.523
327.191
331.998
332.963
332.711
332.894
332.277
331.706
330.616
326.318
306.964
325.578
331.278
332.198
332.056
331.972
331.438
330.749
329.759
326.36
305.95
322.588
330.329
331.293
331.454
331.095
330.704
330.024
328.632
326.333
304.525
315.479
326.321
329.223
329.114
329.771
329.6
328.478
327.225
325.297
304.61
315.903
325.515
327.458
327.768
328.416
328.63
328.158
327.123
324.944
306.093
323.63
330.278
331.63
331.604
331.624
331.447
330.802
329.391
326.884
307.148
326.817
331.66
333.089
333.029
332.774
332.339
331.611
330.26
328.113
307.659
327.989
331.122
332.523
332.752
332.757
332.496
331.989
331.298
329.064
307.88
328.822
330.635
331.896
332.392
332.606
332.608
332.494
332.269
330.225
307.876
328.764
330.661
331.944
332.43
332.598
332.562
332.392
332.095
329.995
307.653
327.987
331.253
332.71
332.904
332.894
332.563
331.946
331.121
328.775
307.141
326.773
331.71
333.078
332.994
332.735
332.282
331.517
330.107
327.802
306.085
323.487
330.084
331.437
331.435
331.486
331.312
330.667
329.225
326.554
304.602
315.795
325.136
327.268
327.637
328.31
328.469
327.977
326.929
324.694
)
;
        refGradient     uniform 0;
        valueFraction   nonuniform List<scalar> 
500
(
0.000301416
0.000301416
0.000301416
0.000301416
0.000301416
0.000301416
0.000301416
0.000301416
0.000301416
0.000301416
0.000301416
0.000301416
0.000301416
0.000301416
0.000301416
0.000301416
0.000301416
0.000301416
0.000301416
0.000301416
0.000301416
0.000301416
0.000301416
0.000301416
0.000301416
0.000301416
0.000301416
0.000301416
0.000301416
0.000301416
0.000301416
0.000301416
0.000301416
0.000301416
0.000301416
0.000301416
0.000301416
0.000301416
0.000301416
0.000301416
0.000301416
0.000301416
0.000301416
0.000301416
0.000301416
0.000301416
0.000301416
0.000301416
0.000301416
0.000301416
0.000301416
0.000301416
0.000301416
0.000301416
0.000301416
0.000301416
0.000301416
0.000301416
0.000301416
0.000301416
0.000301416
0.000301416
0.000301416
0.000301416
0.000301416
0.000301416
0.000301416
0.000301416
0.000301416
0.000301416
0.000301416
0.000301416
0.000301416
0.000301416
0.000301416
0.000301416
0.000301416
0.000301416
0.000301416
0.000301416
0.000301416
0.000301416
0.000301416
0.000301416
0.000301416
0.000301416
0.000301416
0.000301416
0.000301416
0.000301416
0.000301416
0.000301416
0.000301416
0.000301416
0.000301416
0.000301416
0.000301416
0.000301416
0.000301416
0.000301416
0.000302436
0.000302436
0.000302436
0.000302436
0.000302436
0.000302436
0.000302436
0.000302436
0.000302436
0.000302436
0.000302436
0.000302436
0.000302436
0.000302436
0.000302436
0.000302436
0.000302436
0.000302436
0.000302436
0.000302436
0.000302436
0.000302436
0.000302436
0.000302436
0.000302436
0.000302436
0.000302436
0.000302436
0.000302436
0.000302436
0.000302436
0.000302436
0.000302436
0.000302436
0.000302436
0.000302436
0.000302436
0.000302436
0.000302436
0.000302436
0.000302436
0.000302436
0.000302436
0.000302436
0.000302436
0.000302436
0.000302436
0.000302436
0.000302436
0.000302436
0.000302436
0.000302436
0.000302436
0.000302436
0.000302436
0.000302436
0.000302436
0.000302436
0.000302436
0.000302436
0.000302436
0.000302436
0.000302436
0.000302436
0.000302436
0.000302436
0.000302436
0.000302436
0.000302436
0.000302436
0.000302436
0.000302436
0.000302436
0.000302436
0.000302436
0.000302436
0.000302436
0.000302436
0.000302436
0.000302436
0.000302436
0.000302436
0.000302436
0.000302436
0.000302436
0.000302436
0.000302436
0.000302436
0.000302436
0.000302436
0.000302436
0.000302436
0.000302436
0.000302436
0.000302436
0.000302436
0.000302436
0.000302436
0.000302436
0.000302436
0.000300478
0.000300478
0.000300478
0.000300478
0.000300478
0.000300478
0.000300478
0.000300478
0.000300478
0.000300478
0.000300478
0.000300478
0.000300478
0.000300478
0.000300478
0.000300478
0.000300478
0.000300478
0.000300478
0.000300478
0.000300478
0.000300478
0.000300478
0.000300478
0.000300478
0.000300478
0.000300478
0.000300478
0.000300478
0.000300478
0.000300478
0.000300478
0.000300478
0.000300478
0.000300478
0.000300478
0.000300478
0.000300478
0.000300478
0.000300478
0.000300478
0.000300478
0.000300478
0.000300478
0.000300478
0.000300478
0.000300478
0.000300478
0.000300478
0.000300478
0.000300478
0.000300478
0.000300478
0.000300478
0.000300478
0.000300478
0.000300478
0.000300478
0.000300478
0.000300478
0.000300478
0.000300478
0.000300478
0.000300478
0.000300478
0.000300478
0.000300478
0.000300478
0.000300478
0.000300478
0.000300478
0.000300478
0.000300478
0.000300478
0.000300478
0.000300478
0.000300478
0.000300478
0.000300478
0.000300478
0.000300478
0.000300478
0.000300478
0.000300478
0.000300478
0.000300478
0.000300478
0.000300478
0.000300478
0.000300478
0.000300478
0.000300478
0.000300478
0.000300478
0.000300478
0.000300478
0.000300478
0.000300478
0.000300478
0.000300478
0.000302436
0.000302436
0.000302436
0.000302436
0.000302436
0.000302436
0.000302436
0.000302436
0.000302436
0.000302436
0.000302436
0.000302436
0.000302436
0.000302436
0.000302436
0.000302436
0.000302436
0.000302436
0.000302436
0.000302436
0.000302436
0.000302436
0.000302436
0.000302436
0.000302436
0.000302436
0.000302436
0.000302436
0.000302436
0.000302436
0.000302436
0.000302436
0.000302436
0.000302436
0.000302436
0.000302436
0.000302436
0.000302436
0.000302436
0.000302436
0.000302436
0.000302436
0.000302436
0.000302436
0.000302436
0.000302436
0.000302436
0.000302436
0.000302436
0.000302436
0.000302436
0.000302436
0.000302436
0.000302436
0.000302436
0.000302436
0.000302436
0.000302436
0.000302436
0.000302436
0.000302436
0.000302436
0.000302436
0.000302436
0.000302436
0.000302436
0.000302436
0.000302436
0.000302436
0.000302436
0.000302436
0.000302436
0.000302436
0.000302436
0.000302436
0.000302436
0.000302436
0.000302436
0.000302436
0.000302436
0.000302436
0.000302436
0.000302436
0.000302436
0.000302436
0.000302436
0.000302436
0.000302436
0.000302436
0.000302436
0.000302436
0.000302436
0.000302436
0.000302436
0.000302436
0.000302436
0.000302436
0.000302436
0.000302436
0.000302436
0.000301115
0.000301115
0.000301115
0.000301115
0.000301115
0.000301115
0.000301115
0.000301115
0.000301115
0.000301115
0.000301115
0.000301115
0.000301115
0.000301115
0.000301115
0.000301115
0.000301115
0.000301115
0.000301115
0.000301115
0.000301115
0.000301115
0.000301115
0.000301115
0.000301115
0.000301115
0.000301115
0.000301115
0.000301115
0.000301115
0.000301115
0.000301115
0.000301115
0.000301115
0.000301115
0.000301115
0.000301115
0.000301115
0.000301115
0.000301115
0.000301115
0.000301115
0.000301115
0.000301115
0.000301115
0.000301115
0.000301115
0.000301115
0.000301115
0.000301115
0.000301115
0.000301115
0.000301115
0.000301115
0.000301115
0.000301115
0.000301115
0.000301115
0.000301115
0.000301115
0.000301115
0.000301115
0.000301115
0.000301115
0.000301115
0.000301115
0.000301115
0.000301115
0.000301115
0.000301115
0.000301115
0.000301115
0.000301115
0.000301115
0.000301115
0.000301115
0.000301115
0.000301115
0.000301115
0.000301115
0.000301115
0.000301115
0.000301115
0.000301115
0.000301115
0.000301115
0.000301115
0.000301115
0.000301115
0.000301115
0.000301115
0.000301115
0.000301115
0.000301115
0.000301115
0.000301115
0.000301115
0.000301115
0.000301115
0.000301115
)
;
        source          uniform 0;
        Tnbr            T;
        kappaMethod     solidThermo;
        value           nonuniform List<scalar> 
500
(
351.818
351.825
351.829
351.83
351.831
351.831
351.83
351.829
351.825
351.818
349.515
349.527
349.535
349.539
349.541
349.54
349.539
349.535
349.527
349.515
347.31
347.324
347.333
347.338
347.34
347.34
347.338
347.333
347.324
347.31
345.253
345.267
345.276
345.281
345.283
345.284
345.282
345.276
345.267
345.253
343.388
343.402
343.411
343.417
343.419
343.419
343.417
343.412
343.403
343.389
341.761
341.775
341.784
341.789
341.791
341.792
341.79
341.785
341.775
341.762
340.409
340.423
340.432
340.437
340.439
340.438
340.437
340.431
340.422
340.409
339.362
339.375
339.384
339.389
339.391
339.39
339.388
339.383
339.374
339.36
338.644
338.658
338.667
338.672
338.674
338.673
338.671
338.666
338.656
338.642
338.271
338.286
338.295
338.301
338.303
338.303
338.301
338.295
338.285
338.27
351.818
351.831
351.837
351.841
351.842
351.842
351.842
351.84
351.838
351.835
349.515
349.541
349.554
349.562
349.565
349.567
349.566
349.564
349.559
349.552
347.311
347.341
347.358
347.369
347.374
347.377
347.377
347.374
347.368
347.358
345.254
345.285
345.304
345.316
345.323
345.327
345.328
345.325
345.319
345.307
343.39
343.421
343.441
343.454
343.461
343.466
343.468
343.466
343.459
343.448
341.762
341.793
341.813
341.827
341.835
341.841
341.843
341.842
341.837
341.826
340.409
340.44
340.46
340.474
340.484
340.49
340.494
340.493
340.489
340.479
339.361
339.391
339.413
339.429
339.439
339.447
339.451
339.451
339.447
339.439
338.643
338.674
338.699
338.716
338.727
338.735
338.739
338.74
338.736
338.729
338.271
338.303
338.332
338.352
338.363
338.371
338.376
338.376
338.373
338.366
351.836
351.839
351.84
351.841
351.841
351.841
351.841
351.84
351.839
351.836
349.551
349.557
349.559
349.56
349.56
349.56
349.56
349.559
349.556
349.551
347.356
347.362
347.366
347.367
347.368
347.368
347.367
347.365
347.362
347.356
345.305
345.312
345.316
345.319
345.32
345.32
345.319
345.316
345.312
345.305
343.447
343.454
343.458
343.461
343.463
343.463
343.461
343.458
343.453
343.446
341.825
341.832
341.837
341.84
341.842
341.842
341.84
341.836
341.832
341.825
340.479
340.485
340.491
340.494
340.496
340.496
340.493
340.489
340.485
340.478
339.438
339.445
339.45
339.454
339.455
339.455
339.452
339.449
339.445
339.438
338.729
338.735
338.74
338.744
338.746
338.745
338.742
338.739
338.735
338.729
338.366
338.373
338.378
338.381
338.383
338.383
338.38
338.376
338.372
338.366
351.818
351.832
351.837
351.841
351.842
351.842
351.842
351.841
351.838
351.835
349.516
349.541
349.554
349.562
349.565
349.567
349.567
349.564
349.56
349.552
347.311
347.341
347.359
347.369
347.375
347.378
347.378
347.375
347.369
347.358
345.254
345.285
345.304
345.317
345.324
345.328
345.328
345.326
345.319
345.307
343.389
343.42
343.441
343.454
343.462
343.467
343.468
343.466
343.46
343.448
341.762
341.793
341.813
341.827
341.836
341.841
341.844
341.842
341.836
341.826
340.41
340.44
340.46
340.475
340.485
340.491
340.494
340.493
340.488
340.479
339.363
339.393
339.414
339.43
339.44
339.448
339.451
339.45
339.446
339.439
338.645
338.675
338.699
338.716
338.728
338.735
338.739
338.739
338.735
338.729
338.272
338.303
338.331
338.351
338.363
338.372
338.376
338.375
338.372
338.366
338.272
338.303
338.331
338.35
338.363
338.371
338.376
338.375
338.372
338.365
338.287
338.317
338.34
338.358
338.37
338.378
338.382
338.381
338.378
338.373
338.296
338.325
338.346
338.363
338.374
338.382
338.386
338.385
338.383
338.378
338.302
338.33
338.35
338.366
338.377
338.384
338.388
338.388
338.387
338.382
338.303
338.332
338.351
338.367
338.377
338.384
338.388
338.389
338.388
338.384
338.303
338.333
338.352
338.367
338.377
338.384
338.389
338.39
338.388
338.383
338.301
338.331
338.352
338.367
338.377
338.384
338.388
338.388
338.386
338.38
338.296
338.326
338.348
338.364
338.374
338.381
338.384
338.385
338.383
338.377
338.286
338.317
338.341
338.359
338.369
338.376
338.381
338.382
338.379
338.372
338.271
338.303
338.332
338.351
338.363
338.371
338.376
338.376
338.373
338.366
)
;
    }
}


// ************************************************************************* //
