/*--------------------------------*- C++ -*----------------------------------*\
| =========                 |                                                 |
| \\      /  F ield         | OpenFOAM: The Open Source CFD Toolbox           |
|  \\    /   O peration     | Version:  2412                                  |
|   \\  /    A nd           | Website:  www.openfoam.com                      |
|    \\/     M anipulation  |                                                 |
\*---------------------------------------------------------------------------*/
FoamFile
{
    version     2.0;
    format      ascii;
    arch        "LSB;label=32;scalar=64";
    class       volScalarField;
    location    "3.2/solid";
    object      wallHeatFlux;
}
// * * * * * * * * * * * * * * * * * * * * * * * * * * * * * * * * * * * * * //

dimensions      [1 0 -3 0 0 0 0];

internalField   uniform 0;

boundaryField
{
    bodyBottom
    {
        type            calculated;
        value           nonuniform List<scalar> 
100
(
240465
239235
238620
238415
238210
238210
238415
238620
239235
240465
238620
237800
237390
237185
237185
237185
237185
237390
237800
238620
237595
236980
236775
236570
236570
236570
236570
236775
236980
237595
236980
236570
236365
236365
236160
236160
236365
236365
236570
236980
236775
236365
236160
236160
235955
235955
236160
236160
236365
236775
236570
236160
235955
235955
235955
235955
235955
235955
236160
236570
236570
236160
235955
235955
235955
235955
235955
235955
236160
236775
236775
236365
236160
235955
235955
235955
235955
236160
236365
236775
237185
236570
236365
236365
236160
236160
236365
236365
236570
237185
237800
237185
236980
236980
236775
236775
236980
236980
237185
237800
)
;
    }
    solid_to_fluid
    {
        type            calculated;
        value           nonuniform List<scalar> 
500
(
-1845
-1640
-1435
-1435
-1435
-1435
-1435
-1435
-1640
-1845
-2460
-2255
-1845
-1845
-1640
-1845
-1640
-1845
-2255
-2255
-2665
-2460
-2050
-2050
-2050
-2050
-2050
-2255
-2460
-2665
-2665
-2255
-2255
-2255
-2255
-2050
-2050
-2460
-2460
-2665
-2665
-2460
-2255
-2255
-2255
-2255
-2255
-2255
-2460
-2665
-2665
-2460
-2255
-2255
-2255
-2050
-2050
-2050
-2460
-2460
-2460
-2255
-2050
-2050
-2050
-2255
-2050
-2255
-2460
-2460
-2460
-2460
-2255
-2255
-2050
-2255
-2255
-2255
-2255
-2460
-2460
-2255
-2255
-2255
-2050
-2255
-2255
-2255
-2460
-2665
-2665
-2460
-2460
-2255
-2255
-2255
-2255
-2460
-2460
-2665
-1845
-1025
-820
-615
-615
-820
-615
-1025
-1025
-1025
-2255
-820
-615
-410
-615
-615
-820
-820
-820
-820
-2460
-1025
-615
-410
-615
-615
-820
-820
-1025
-1025
-2460
-1025
-820
-615
-615
-615
-615
-820
-820
-1230
-2460
-1025
-820
-615
-820
-820
-615
-820
-1025
-1230
-2460
-1025
-820
-615
-820
-615
-820
-820
-820
-1230
-2460
-1025
-820
-820
-615
-820
-820
-820
-820
-1230
-2255
-1230
-820
-615
-820
-615
-820
-820
-1025
-1230
-2460
-1230
-820
-820
-820
-820
-820
-820
-1025
-1230
-2460
-1640
-1025
-820
-1025
-1025
-820
-1025
-1025
-1025
-820
-820
-820
-615
-820
-820
-615
-820
-820
-820
-1230
-1025
-1025
-1230
-1230
-1230
-1230
-1025
-1025
-1025
-1640
-1435
-1435
-1640
-1640
-1640
-1640
-1435
-1435
-1435
-1640
-1435
-1435
-1435
-1435
-1435
-1435
-1435
-1435
-1640
-1435
-1230
-1435
-1435
-1230
-1230
-1435
-1230
-1435
-1640
-1435
-1435
-1230
-1230
-1230
-1025
-1230
-1230
-1230
-1435
-1230
-1435
-1025
-1230
-1025
-820
-1025
-1230
-1230
-1435
-1230
-1230
-1025
-1025
-1025
-820
-1025
-1025
-1025
-1435
-1025
-1025
-1025
-1025
-820
-820
-1025
-1025
-1025
-1230
-1025
-1025
-1025
-1025
-1025
-820
-1025
-1025
-1230
-1025
-1845
-820
-820
-615
-615
-820
-820
-820
-1025
-1025
-2255
-820
-615
-410
-615
-615
-615
-820
-820
-1025
-2460
-1025
-615
-615
-615
-410
-615
-615
-820
-1230
-2460
-1025
-820
-615
-615
-615
-820
-615
-820
-1230
-2460
-1230
-615
-615
-615
-615
-820
-820
-820
-1230
-2460
-1025
-820
-615
-615
-820
-615
-615
-820
-1230
-2255
-1025
-820
-615
-615
-820
-820
-820
-820
-1230
-2255
-1025
-820
-615
-820
-615
-820
-820
-1025
-1025
-2255
-1435
-820
-820
-820
-820
-820
-820
-1025
-1025
-2460
-1845
-1025
-820
-1025
-820
-820
-1025
-1025
-1025
-2460
-1845
-1025
-1025
-1025
-1025
-820
-1025
-1025
-1230
-2255
-1230
-820
-615
-615
-615
-615
-820
-1025
-1025
-2255
-1025
-820
-820
-820
-615
-615
-820
-820
-1025
-2050
-1025
-820
-820
-615
-615
-615
-615
-820
-820
-2255
-1025
-820
-615
-615
-615
-615
-820
-820
-820
-2255
-820
-820
-615
-615
-615
-615
-615
-820
-820
-2255
-1025
-615
-615
-615
-615
-615
-820
-820
-1025
-2255
-1025
-820
-615
-615
-615
-820
-820
-820
-820
-2255
-1230
-820
-615
-820
-820
-820
-820
-820
-1230
-2460
-1640
-1025
-1025
-1025
-1025
-820
-1025
-1025
-1025
)
;
    }
}


// ************************************************************************* //
