/*--------------------------------*- C++ -*----------------------------------*\
| =========                 |                                                 |
| \\      /  F ield         | OpenFOAM: The Open Source CFD Toolbox           |
|  \\    /   O peration     | Version:  2412                                  |
|   \\  /    A nd           | Website:  www.openfoam.com                      |
|    \\/     M anipulation  |                                                 |
\*---------------------------------------------------------------------------*/
FoamFile
{
    version     2.0;
    format      ascii;
    arch        "LSB;label=32;scalar=64";
    class       volScalarField;
    location    "3.2/fluid";
    object      wallHeatFlux;
}
// * * * * * * * * * * * * * * * * * * * * * * * * * * * * * * * * * * * * * //

dimensions      [1 0 -3 0 0 0 0];

internalField   uniform 0;

boundaryField
{
    inlet
    {
        type            calculated;
        value           uniform 0;
    }
    outlet
    {
        type            calculated;
        value           uniform 0;
    }
    walls
    {
        type            calculated;
        value           uniform 0;
    }
    fluid_to_solid
    {
        type            calculated;
        value           nonuniform List<scalar> 
500
(
1813.47
1534.9
1414.43
1344.16
1309.24
1309.11
1343.91
1414.13
1534.65
1812.98
2337.12
2055.02
1822.68
1698.38
1643.68
1643.44
1697.95
1822.31
2054.65
2336.68
2500.66
2287.79
2108.12
2012.56
1970.65
1970.4
2012.25
2107.87
2287.55
2500.42
2458.32
2271.23
2117.26
2039.01
2005.7
2005.57
2038.89
2117.08
2271.04
2458.14
2374.82
2196.13
2051.68
1980.23
1949.76
1949.64
1980.05
2051.62
2196.07
2374.7
2283.9
2106.38
1962.86
1892.9
1863.04
1863.04
1892.9
1962.86
2106.26
2283.84
2211.27
2037.53
1895.62
1827.63
1798.76
1798.58
1827.5
1895.49
2037.41
2211.15
2181.91
2021.83
1889.5
1827.56
1801.85
1801.73
1827.44
1889.44
2021.77
2181.73
2214.74
2082.16
1970.53
1918.92
1897.84
1897.78
1918.92
1970.53
2082.09
2214.55
2287.55
2191.43
2108.8
2071.9
2057.43
2057.49
2071.96
2108.92
2191.5
2287.55
1754.92
899.572
724.619
550.038
631.53
661.919
731.565
810.762
892.502
958.985
2158.41
837.12
566.721
440.328
477.911
514.44
590.97
684.741
781.055
914.704
2293.92
926.364
535.588
425.63
454.034
477.787
545.945
631.406
735.844
1009.72
2258.33
898.207
525.479
441.196
459.244
461.104
519.897
587.559
696.525
1052.26
2185.14
861.369
535.464
461.662
482.004
472.267
521.076
568.519
674.694
1024.04
2104.58
827.755
534.844
467.678
488.516
476.485
518.781
554.938
648.523
967.792
2039.22
822.731
528.146
471.089
488.702
478.345
518.409
554.689
626.382
902.177
2008.89
857.4
508.424
454.902
465.942
472.516
506.874
549.914
613.979
834.825
2027.31
996.01
521.014
466.934
460.546
484.857
511.091
557.604
644.616
789.738
2092.61
1412.71
734.356
566.969
579.311
539.433
560.705
631.282
705.207
833.461
683.018
668.538
702.612
732.003
746.113
746.976
731.695
704.769
675.994
697.313
1029.06
985.185
1036.39
1095.79
1128.94
1128.75
1091.41
1037.44
998.31
1052.59
1341.88
1299.74
1344.35
1383.47
1381.26
1379.84
1374.79
1341.51
1311.14
1365.17
1376.39
1316.5
1323.4
1305.04
1238.43
1234.98
1289.69
1312.68
1322.6
1396.17
1287.04
1208.61
1191.66
1138.49
1035.9
1030.04
1118.89
1176.87
1212.67
1305.04
1182.3
1091.6
1055.12
975.019
849.383
841.681
953.946
1039.47
1095.79
1199.73
1068.12
970.705
921.782
827.201
694.479
686.838
809.517
910.075
977.976
1086.67
946.613
851.97
803.109
710.314
586.157
583.631
700.024
799.781
865.156
968.487
826.03
752.398
724.671
650.978
545.305
545.983
649.191
730.771
772.116
852.217
763.551
736.132
750.242
706.741
619.368
625.592
713.334
763.613
759.977
792.511
1755.73
900.192
725.363
550.72
632.522
662.291
731.441
810.39
891.075
953.217
2159.22
837.554
566.783
439.584
476.609
512.269
587.745
680.462
774.481
899.696
2294.42
925.991
533.975
422.591
450.065
472.888
539.371
623.343
724.247
983.358
2258.7
897.153
522.688
436.545
453.352
454.84
511.773
578.008
682.075
1023.73
2185.39
859.88
532.115
456.763
475.616
464.577
512.207
558.224
658.136
996.754
2104.89
826.391
531.557
462.965
482.376
469.105
510.222
545.077
632.522
942.426
2039.59
821.677
524.797
465.88
482.128
471.151
509.602
544.953
612.242
878.238
2009.32
856.779
504.579
448.515
457.941
463.647
496.951
539.619
600.769
811.134
2027.68
997.684
519.091
460.36
451.119
473.818
498.315
540.487
626.568
768.776
2092.92
1415.5
744.837
566.101
573.605
533.417
544.27
613.793
691.315
810.514
2078.53
1383.14
791.352
672.55
654.211
614.693
601.788
630.871
694.594
828.709
1987.89
906.881
497.806
415.435
417.781
417.04
428.217
467.982
554.922
709.413
1923.3
710.586
412.842
325.655
330.039
346.278
373.385
418.275
501.572
633.835
1892.12
638.527
446.308
360.789
347.328
347.451
363.814
395.12
437.726
575.36
1878.53
587.215
476.441
399.566
369.557
356.775
356.899
364
377.831
503.795
1878.78
590.859
474.897
396.602
367.21
357.269
359.801
370.359
388.575
517.935
1892.43
638.713
438.343
349.304
337.942
338.992
359.677
397.775
448.593
593.081
1923.73
713.365
409.878
326.395
332.2
348.624
376.781
424.08
511.02
652.976
1988.32
915.71
509.846
427.414
428.155
425.438
436.491
476.379
565.234
729.728
2078.97
1389.81
814.816
684.344
662.3
621.238
611.729
642.109
706.635
844.207
)
;
    }
}


// ************************************************************************* //
