/*--------------------------------*- C++ -*----------------------------------*\
| =========                 |                                                 |
| \\      /  F ield         | OpenFOAM: The Open Source CFD Toolbox           |
|  \\    /   O peration     | Version:  2412                                  |
|   \\  /    A nd           | Website:  www.openfoam.com                      |
|    \\/     M anipulation  |                                                 |
\*---------------------------------------------------------------------------*/
FoamFile
{
    version     2.0;
    format      ascii;
    arch        "LSB;label=32;scalar=64";
    class       volScalarField;
    location    "0.4/solid";
    object      T;
}
// * * * * * * * * * * * * * * * * * * * * * * * * * * * * * * * * * * * * * //

dimensions      [0 0 0 1 0 0 0];

internalField   nonuniform List<scalar> 
1000
(
347.113
347.121
347.124
347.125
347.125
347.125
347.125
347.124
347.122
347.117
347.117
347.123
347.125
347.126
347.126
347.126
347.126
347.126
347.125
347.121
347.119
347.123
347.125
347.125
347.125
347.125
347.126
347.126
347.126
347.123
347.119
347.124
347.125
347.125
347.124
347.125
347.126
347.127
347.127
347.124
347.119
347.123
347.125
347.125
347.124
347.124
347.126
347.126
347.126
347.124
347.118
347.123
347.124
347.125
347.124
347.124
347.126
347.126
347.126
347.124
347.118
347.123
347.125
347.125
347.125
347.125
347.126
347.126
347.126
347.124
347.118
347.123
347.125
347.126
347.125
347.125
347.126
347.126
347.125
347.122
347.116
347.122
347.124
347.125
347.125
347.126
347.126
347.126
347.125
347.121
347.111
347.119
347.122
347.124
347.124
347.124
347.125
347.124
347.122
347.117
335.713
335.726
335.732
335.734
335.733
335.733
335.735
335.734
335.73
335.724
335.718
335.727
335.731
335.734
335.733
335.733
335.735
335.734
335.732
335.727
335.72
335.727
335.729
335.73
335.729
335.729
335.731
335.732
335.733
335.73
335.722
335.728
335.73
335.729
335.727
335.728
335.731
335.734
335.735
335.733
335.719
335.726
335.728
335.728
335.726
335.727
335.731
335.733
335.734
335.732
335.716
335.723
335.727
335.728
335.726
335.727
335.731
335.733
335.734
335.732
335.718
335.725
335.729
335.73
335.728
335.728
335.731
335.733
335.734
335.732
335.717
335.725
335.729
335.731
335.73
335.729
335.732
335.732
335.731
335.729
335.715
335.724
335.728
335.73
335.73
335.732
335.734
335.734
335.732
335.727
335.707
335.72
335.725
335.729
335.729
335.731
335.734
335.733
335.73
335.723
325.321
325.333
325.339
325.341
325.339
325.34
325.343
325.342
325.34
325.334
325.323
325.332
325.336
325.339
325.337
325.338
325.341
325.34
325.339
325.336
325.325
325.331
325.331
325.333
325.332
325.332
325.335
325.335
325.339
325.337
325.327
325.333
325.334
325.332
325.329
325.33
325.335
325.339
325.341
325.341
325.324
325.329
325.331
325.33
325.327
325.329
325.334
325.338
325.34
325.34
325.321
325.326
325.327
325.328
325.325
325.328
325.334
325.337
325.34
325.34
325.324
325.329
325.33
325.331
325.328
325.329
325.334
325.338
325.341
325.341
325.325
325.33
325.33
325.332
325.33
325.332
325.335
325.335
325.337
325.337
325.323
325.33
325.331
325.332
325.332
325.335
325.34
325.341
325.339
325.335
325.317
325.328
325.331
325.331
325.332
325.336
325.341
325.342
325.34
325.334
316.402
316.411
316.416
316.417
316.414
316.415
316.419
316.42
316.418
316.414
316.402
316.408
316.413
316.414
316.412
316.412
316.417
316.417
316.416
316.414
316.402
316.405
316.405
316.408
316.405
316.406
316.41
316.41
316.413
316.414
316.404
316.407
316.406
316.405
316.402
316.403
316.408
316.412
316.416
316.418
316.401
316.405
316.405
316.403
316.399
316.401
316.407
316.411
316.415
316.416
316.401
316.405
316.404
316.402
316.398
316.4
316.407
316.411
316.415
316.416
316.406
316.409
316.408
316.406
316.402
316.402
316.408
316.413
316.416
316.417
316.408
316.412
316.411
316.409
316.405
316.405
316.408
316.409
316.414
316.414
316.407
316.413
316.413
316.411
316.407
316.41
316.414
316.415
316.415
316.414
316.403
316.411
316.413
316.411
316.408
316.412
316.417
316.419
316.418
316.414
309.193
309.199
309.201
309.201
309.199
309.2
309.204
309.205
309.204
309.203
309.192
309.196
309.199
309.199
309.196
309.197
309.201
309.202
309.202
309.202
309.191
309.192
309.192
309.193
309.19
309.191
309.195
309.196
309.199
309.202
309.192
309.193
309.191
309.19
309.187
309.187
309.192
309.196
309.201
309.204
309.189
309.191
309.19
309.188
309.184
309.185
309.191
309.195
309.199
309.201
309.19
309.192
309.192
309.189
309.185
309.185
309.191
309.196
309.199
309.201
309.196
309.198
309.197
309.195
309.189
309.188
309.193
309.198
309.201
309.203
309.199
309.201
309.201
309.198
309.193
309.19
309.193
309.195
309.199
309.201
309.199
309.203
309.203
309.2
309.195
309.195
309.199
309.2
309.202
309.201
309.196
309.202
309.203
309.201
309.197
309.197
309.202
309.205
309.205
309.203
303.714
303.717
303.716
303.715
303.714
303.715
303.719
303.718
303.719
303.721
303.714
303.716
303.714
303.713
303.712
303.713
303.716
303.715
303.718
303.721
303.713
303.713
303.709
303.71
303.709
303.71
303.712
303.712
303.718
303.721
303.711
303.71
303.707
303.708
303.706
303.706
303.709
303.712
303.718
303.721
303.708
303.707
303.705
303.705
303.702
303.702
303.706
303.71
303.715
303.717
303.709
303.71
303.708
303.706
303.702
303.703
303.708
303.711
303.714
303.716
303.714
303.716
303.714
303.712
303.707
303.706
303.711
303.714
303.715
303.717
303.718
303.719
303.718
303.715
303.709
303.707
303.71
303.712
303.714
303.717
303.719
303.721
303.72
303.717
303.712
303.71
303.714
303.716
303.72
303.721
303.717
303.721
303.721
303.718
303.713
303.713
303.718
303.721
303.722
303.722
299.806
299.807
299.804
299.803
299.803
299.804
299.807
299.806
299.808
299.81
299.806
299.806
299.803
299.802
299.802
299.803
299.805
299.804
299.807
299.811
299.805
299.804
299.799
299.8
299.8
299.8
299.801
299.802
299.808
299.811
299.802
299.8
299.797
299.799
299.797
299.797
299.799
299.802
299.807
299.81
299.798
299.797
299.795
299.795
299.793
299.793
299.796
299.799
299.804
299.806
299.799
299.799
299.796
299.795
299.792
299.793
299.798
299.801
299.803
299.805
299.804
299.803
299.801
299.799
299.795
299.796
299.801
299.803
299.804
299.805
299.806
299.807
299.804
299.801
299.797
299.797
299.8
299.801
299.804
299.806
299.808
299.808
299.807
299.803
299.799
299.799
299.803
299.806
299.809
299.81
299.807
299.809
299.808
299.804
299.8
299.802
299.806
299.809
299.812
299.812
297.209
297.209
297.206
297.205
297.205
297.206
297.208
297.207
297.209
297.212
297.209
297.208
297.205
297.204
297.204
297.205
297.206
297.205
297.209
297.212
297.207
297.205
297.201
297.202
297.202
297.203
297.204
297.203
297.209
297.212
297.204
297.202
297.2
297.201
297.2
297.2
297.201
297.203
297.208
297.211
297.201
297.199
297.198
297.198
297.197
297.197
297.199
297.201
297.205
297.208
297.2
297.198
297.197
297.197
297.195
297.197
297.2
297.203
297.205
297.207
297.203
297.202
297.2
297.199
297.197
297.199
297.203
297.204
297.205
297.207
297.205
297.204
297.201
297.201
297.199
297.199
297.202
297.203
297.205
297.208
297.206
297.206
297.203
297.202
297.2
297.201
297.204
297.207
297.21
297.212
297.206
297.207
297.205
297.202
297.201
297.203
297.207
297.21
297.212
297.213
295.657
295.657
295.654
295.653
295.653
295.654
295.656
295.656
295.657
295.659
295.657
295.656
295.652
295.653
295.653
295.653
295.655
295.654
295.657
295.659
295.655
295.653
295.65
295.652
295.651
295.652
295.653
295.652
295.656
295.659
295.653
295.651
295.65
295.651
295.65
295.65
295.651
295.651
295.656
295.658
295.65
295.649
295.648
295.648
295.647
295.647
295.648
295.65
295.654
295.656
295.649
295.648
295.649
295.648
295.647
295.647
295.649
295.651
295.653
295.655
295.651
295.651
295.651
295.651
295.649
295.649
295.651
295.652
295.654
295.655
295.653
295.653
295.653
295.652
295.65
295.649
295.65
295.651
295.655
295.656
295.654
295.654
295.653
295.653
295.651
295.65
295.653
295.656
295.658
295.659
295.654
295.654
295.653
295.653
295.652
295.652
295.656
295.658
295.66
295.661
294.939
294.939
294.936
294.936
294.936
294.936
294.938
294.938
294.939
294.941
294.939
294.938
294.935
294.935
294.935
294.936
294.937
294.937
294.939
294.941
294.937
294.936
294.934
294.935
294.934
294.935
294.936
294.935
294.938
294.941
294.936
294.934
294.933
294.934
294.933
294.933
294.933
294.934
294.938
294.94
294.933
294.932
294.931
294.932
294.931
294.931
294.932
294.933
294.936
294.938
294.933
294.933
294.932
294.932
294.93
294.931
294.932
294.934
294.936
294.937
294.935
294.935
294.935
294.934
294.932
294.932
294.934
294.935
294.936
294.937
294.936
294.937
294.936
294.935
294.933
294.932
294.933
294.935
294.937
294.939
294.937
294.937
294.937
294.936
294.934
294.933
294.936
294.938
294.94
294.941
294.937
294.938
294.937
294.937
294.935
294.935
294.938
294.94
294.942
294.943
)
;

boundaryField
{
    bodyBottom
    {
        type            fixedValue;
        value           uniform 353;
    }
    solid_to_fluid
    {
        type            compressible::turbulentTemperatureCoupledBaffleMixed;
        refValue        nonuniform List<scalar> 
500
(
316.54
319.971
321.419
322.308
322.759
322.759
322.307
321.418
319.97
316.539
305.198
307.997
310.305
311.555
312.133
312.132
311.553
310.304
307.996
305.198
300.302
301.983
303.392
304.138
304.458
304.457
304.138
303.393
301.983
300.302
298.157
299.33
300.288
300.769
300.967
300.967
300.77
300.29
299.332
298.158
296.733
297.605
298.308
298.654
298.796
298.797
298.655
298.311
297.607
296.734
295.529
296.131
296.617
296.85
296.946
296.946
296.851
296.618
296.132
295.53
294.771
295.21
295.574
295.751
295.824
295.824
295.751
295.574
295.21
294.772
294.185
294.492
294.755
294.885
294.938
294.938
294.885
294.755
294.491
294.185
293.751
293.952
294.131
294.222
294.259
294.259
294.221
294.131
293.951
293.751
293.487
293.612
293.727
293.784
293.808
293.807
293.784
293.727
293.612
293.487
318.041
331.456
334.22
337.262
335.663
335.113
333.6
331.309
328.069
322.683
307.61
324.285
328.62
330.772
330.137
329.451
328.03
325.794
322.737
317.313
302.324
315.818
320.611
322.205
321.953
321.597
320.66
319.173
316.768
311.854
299.617
309.796
313.113
314.225
314.206
314.132
313.573
312.646
310.871
307.189
297.736
304.962
306.897
307.579
307.584
307.67
307.351
306.852
305.715
303.284
296.189
301.05
302.278
302.652
302.618
302.631
302.456
302.217
301.586
300.148
295.208
298.346
299.024
299.159
299.099
299.049
298.933
298.794
298.523
297.77
294.478
296.448
296.851
296.906
296.833
296.742
296.666
296.571
296.447
296.118
293.962
295.149
295.462
295.524
295.469
295.391
295.338
295.283
295.211
295.095
293.641
294.233
294.615
294.761
294.759
294.755
294.725
294.687
294.646
294.585
323.629
326.366
329.432
330.671
332.232
332.233
330.671
329.432
326.366
323.629
315.287
318.248
322.508
324.862
326.954
326.955
324.862
322.508
318.248
315.287
310.296
313.206
317.486
319.871
321.564
321.564
319.871
317.486
313.206
310.296
306.425
309.158
312.756
314.556
315.745
315.745
314.555
312.756
309.158
306.425
303.119
305.524
308.01
309.319
310.24
310.24
309.319
308.009
305.524
303.119
300.302
302.177
303.716
304.697
305.44
305.439
304.695
303.714
302.177
300.303
298.043
299.284
300.235
300.968
301.584
301.583
300.965
300.233
299.284
298.043
296.39
297.095
297.69
298.235
298.753
298.752
298.232
297.688
297.095
296.391
295.327
295.669
296.042
296.451
296.899
296.899
296.448
296.04
295.669
295.328
294.744
294.903
295.154
295.52
296.002
296.002
295.519
295.153
294.903
294.744
318.042
331.458
334.222
337.263
335.664
335.114
333.6
331.309
328.069
322.683
307.611
324.289
328.624
330.775
330.139
329.452
328.031
325.794
322.737
317.313
302.324
315.822
320.617
322.211
321.957
321.599
320.661
319.173
316.768
311.854
299.616
309.797
313.116
314.229
314.21
314.134
313.575
312.647
310.872
307.19
297.735
304.961
306.897
307.581
307.585
307.672
307.352
306.852
305.714
303.284
296.188
301.048
302.277
302.652
302.618
302.632
302.456
302.215
301.584
300.148
295.207
298.345
299.023
299.16
299.1
299.049
298.932
298.792
298.521
297.769
294.479
296.449
296.852
296.907
296.834
296.742
296.665
296.569
296.445
296.117
293.963
295.15
295.462
295.525
295.47
295.392
295.337
295.281
295.209
295.094
293.641
294.234
294.615
294.76
294.759
294.755
294.724
294.686
294.644
294.584
293.553
293.916
294.197
294.342
294.4
294.435
294.454
294.461
294.456
294.443
293.645
294.181
294.371
294.426
294.444
294.461
294.472
294.477
294.472
294.473
293.719
294.32
294.45
294.478
294.478
294.483
294.489
294.495
294.513
294.578
293.757
294.376
294.441
294.5
294.505
294.512
294.526
294.556
294.627
294.821
293.774
294.434
294.433
294.514
294.557
294.591
294.637
294.714
294.865
295.222
293.774
294.435
294.433
294.514
294.557
294.591
294.637
294.714
294.864
295.221
293.757
294.376
294.441
294.5
294.504
294.512
294.526
294.556
294.626
294.82
293.719
294.321
294.451
294.478
294.477
294.482
294.488
294.495
294.513
294.577
293.645
294.182
294.372
294.426
294.444
294.459
294.471
294.478
294.473
294.473
293.553
293.915
294.197
294.342
294.4
294.435
294.454
294.462
294.457
294.444
)
;
        refGradient     uniform 0;
        valueFraction   nonuniform List<scalar> 
500
(
0.000301416
0.000301416
0.000301416
0.000301416
0.000301416
0.000301416
0.000301416
0.000301416
0.000301416
0.000301416
0.000301416
0.000301416
0.000301416
0.000301416
0.000301416
0.000301416
0.000301416
0.000301416
0.000301416
0.000301416
0.000301416
0.000301416
0.000301416
0.000301416
0.000301416
0.000301416
0.000301416
0.000301416
0.000301416
0.000301416
0.000301416
0.000301416
0.000301416
0.000301416
0.000301416
0.000301416
0.000301416
0.000301416
0.000301416
0.000301416
0.000301416
0.000301416
0.000301416
0.000301416
0.000301416
0.000301416
0.000301416
0.000301416
0.000301416
0.000301416
0.000301416
0.000301416
0.000301416
0.000301416
0.000301416
0.000301416
0.000301416
0.000301416
0.000301416
0.000301416
0.000301416
0.000301416
0.000301416
0.000301416
0.000301416
0.000301416
0.000301416
0.000301416
0.000301416
0.000301416
0.000301416
0.000301416
0.000301416
0.000301416
0.000301416
0.000301416
0.000301416
0.000301416
0.000301416
0.000301416
0.000301416
0.000301416
0.000301416
0.000301416
0.000301416
0.000301416
0.000301416
0.000301416
0.000301416
0.000301416
0.000301416
0.000301416
0.000301416
0.000301416
0.000301416
0.000301416
0.000301416
0.000301416
0.000301416
0.000301416
0.000302436
0.000302436
0.000302436
0.000302436
0.000302436
0.000302436
0.000302436
0.000302436
0.000302436
0.000302436
0.000302436
0.000302436
0.000302436
0.000302436
0.000302436
0.000302436
0.000302436
0.000302436
0.000302436
0.000302436
0.000302436
0.000302436
0.000302436
0.000302436
0.000302436
0.000302436
0.000302436
0.000302436
0.000302436
0.000302436
0.000302436
0.000302436
0.000302436
0.000302436
0.000302436
0.000302436
0.000302436
0.000302436
0.000302436
0.000302436
0.000302436
0.000302436
0.000302436
0.000302436
0.000302436
0.000302436
0.000302436
0.000302436
0.000302436
0.000302436
0.000302436
0.000302436
0.000302436
0.000302436
0.000302436
0.000302436
0.000302436
0.000302436
0.000302436
0.000302436
0.000302436
0.000302436
0.000302436
0.000302436
0.000302436
0.000302436
0.000302436
0.000302436
0.000302436
0.000302436
0.000302436
0.000302436
0.000302436
0.000302436
0.000302436
0.000302436
0.000302436
0.000302436
0.000302436
0.000302436
0.000302436
0.000302436
0.000302436
0.000302436
0.000302436
0.000302436
0.000302436
0.000302436
0.000302436
0.000302436
0.000302436
0.000302436
0.000302436
0.000302436
0.000302436
0.000302436
0.000302436
0.000302436
0.000302436
0.000302436
0.000300478
0.000300478
0.000300478
0.000300478
0.000300478
0.000300478
0.000300478
0.000300478
0.000300478
0.000300478
0.000300478
0.000300478
0.000300478
0.000300478
0.000300478
0.000300478
0.000300478
0.000300478
0.000300478
0.000300478
0.000300478
0.000300478
0.000300478
0.000300478
0.000300478
0.000300478
0.000300478
0.000300478
0.000300478
0.000300478
0.000300478
0.000300478
0.000300478
0.000300478
0.000300478
0.000300478
0.000300478
0.000300478
0.000300478
0.000300478
0.000300478
0.000300478
0.000300478
0.000300478
0.000300478
0.000300478
0.000300478
0.000300478
0.000300478
0.000300478
0.000300478
0.000300478
0.000300478
0.000300478
0.000300478
0.000300478
0.000300478
0.000300478
0.000300478
0.000300478
0.000300478
0.000300478
0.000300478
0.000300478
0.000300478
0.000300478
0.000300478
0.000300478
0.000300478
0.000300478
0.000300478
0.000300478
0.000300478
0.000300478
0.000300478
0.000300478
0.000300478
0.000300478
0.000300478
0.000300478
0.000300478
0.000300478
0.000300478
0.000300478
0.000300478
0.000300478
0.000300478
0.000300478
0.000300478
0.000300478
0.000300478
0.000300478
0.000300478
0.000300478
0.000300478
0.000300478
0.000300478
0.000300478
0.000300478
0.000300478
0.000302436
0.000302436
0.000302436
0.000302436
0.000302436
0.000302436
0.000302436
0.000302436
0.000302436
0.000302436
0.000302436
0.000302436
0.000302436
0.000302436
0.000302436
0.000302436
0.000302436
0.000302436
0.000302436
0.000302436
0.000302436
0.000302436
0.000302436
0.000302436
0.000302436
0.000302436
0.000302436
0.000302436
0.000302436
0.000302436
0.000302436
0.000302436
0.000302436
0.000302436
0.000302436
0.000302436
0.000302436
0.000302436
0.000302436
0.000302436
0.000302436
0.000302436
0.000302436
0.000302436
0.000302436
0.000302436
0.000302436
0.000302436
0.000302436
0.000302436
0.000302436
0.000302436
0.000302436
0.000302436
0.000302436
0.000302436
0.000302436
0.000302436
0.000302436
0.000302436
0.000302436
0.000302436
0.000302436
0.000302436
0.000302436
0.000302436
0.000302436
0.000302436
0.000302436
0.000302436
0.000302436
0.000302436
0.000302436
0.000302436
0.000302436
0.000302436
0.000302436
0.000302436
0.000302436
0.000302436
0.000302436
0.000302436
0.000302436
0.000302436
0.000302436
0.000302436
0.000302436
0.000302436
0.000302436
0.000302436
0.000302436
0.000302436
0.000302436
0.000302436
0.000302436
0.000302436
0.000302436
0.000302436
0.000302436
0.000302436
0.000301115
0.000301115
0.000301115
0.000301115
0.000301115
0.000301115
0.000301115
0.000301115
0.000301115
0.000301115
0.000301115
0.000301115
0.000301115
0.000301115
0.000301115
0.000301115
0.000301115
0.000301115
0.000301115
0.000301115
0.000301115
0.000301115
0.000301115
0.000301115
0.000301115
0.000301115
0.000301115
0.000301115
0.000301115
0.000301115
0.000301115
0.000301115
0.000301115
0.000301115
0.000301115
0.000301115
0.000301115
0.000301115
0.000301115
0.000301115
0.000301115
0.000301115
0.000301115
0.000301115
0.000301115
0.000301115
0.000301115
0.000301115
0.000301115
0.000301115
0.000301115
0.000301115
0.000301115
0.000301115
0.000301115
0.000301115
0.000301115
0.000301115
0.000301115
0.000301115
0.000301115
0.000301115
0.000301115
0.000301115
0.000301115
0.000301115
0.000301115
0.000301115
0.000301115
0.000301115
0.000301115
0.000301115
0.000301115
0.000301115
0.000301115
0.000301115
0.000301115
0.000301115
0.000301115
0.000301115
0.000301115
0.000301115
0.000301115
0.000301115
0.000301115
0.000301115
0.000301115
0.000301115
0.000301115
0.000301115
0.000301115
0.000301115
0.000301115
0.000301115
0.000301115
0.000301115
0.000301115
0.000301115
0.000301115
0.000301115
)
;
        source          uniform 0;
        Tnbr            T;
        kappaMethod     solidThermo;
        value           nonuniform List<scalar> 
500
(
347.102
347.107
347.109
347.11
347.11
347.109
347.109
347.109
347.107
347.1
335.699
335.705
335.708
335.71
335.708
335.705
335.706
335.705
335.702
335.694
325.307
325.31
325.312
325.314
325.311
325.309
325.311
325.312
325.31
325.303
316.389
316.389
316.389
316.392
316.389
316.389
316.393
316.395
316.394
316.39
309.181
309.181
309.18
309.181
309.178
309.179
309.185
309.188
309.188
309.185
303.705
303.705
303.704
303.702
303.699
303.7
303.706
303.709
303.709
303.708
299.799
299.799
299.797
299.795
299.791
299.792
299.797
299.799
299.801
299.8
297.203
297.203
297.202
297.199
297.196
297.195
297.198
297.2
297.201
297.201
295.653
295.653
295.651
295.649
295.646
295.645
295.647
295.648
295.649
295.649
294.936
294.935
294.934
294.932
294.93
294.929
294.931
294.933
294.934
294.934
347.101
347.113
347.117
347.119
347.119
347.119
347.119
347.118
347.115
347.108
335.695
335.712
335.719
335.723
335.723
335.725
335.727
335.726
335.722
335.714
325.304
325.318
325.323
325.324
325.324
325.329
325.333
325.334
325.331
325.323
316.39
316.401
316.405
316.403
316.4
316.403
316.409
316.41
316.409
316.404
309.185
309.193
309.195
309.193
309.189
309.189
309.194
309.196
309.196
309.194
303.708
303.713
303.713
303.711
303.706
303.706
303.711
303.713
303.715
303.714
299.8
299.803
299.802
299.798
299.795
299.796
299.8
299.803
299.805
299.806
297.201
297.202
297.2
297.198
297.196
297.199
297.203
297.205
297.208
297.208
295.649
295.65
295.65
295.65
295.648
295.649
295.652
295.654
295.656
295.657
294.934
294.934
294.934
294.934
294.932
294.932
294.935
294.937
294.939
294.939
347.109
347.113
347.116
347.118
347.118
347.118
347.117
347.116
347.113
347.109
335.713
335.718
335.721
335.725
335.725
335.725
335.725
335.721
335.717
335.713
325.323
325.325
325.329
325.333
325.332
325.332
325.333
325.328
325.325
325.323
316.404
316.404
316.406
316.41
316.408
316.408
316.409
316.406
316.404
316.404
309.193
309.193
309.194
309.196
309.194
309.194
309.195
309.193
309.193
309.194
303.713
303.714
303.714
303.714
303.711
303.71
303.71
303.71
303.713
303.714
299.804
299.805
299.805
299.804
299.801
299.8
299.8
299.801
299.805
299.806
297.207
297.207
297.207
297.206
297.204
297.203
297.202
297.203
297.207
297.208
295.656
295.656
295.655
295.655
295.652
295.652
295.652
295.653
295.656
295.657
294.938
294.938
294.938
294.937
294.935
294.934
294.934
294.935
294.938
294.939
347.102
347.114
347.118
347.121
347.12
347.119
347.119
347.118
347.115
347.108
335.7
335.718
335.725
335.728
335.727
335.727
335.728
335.726
335.722
335.714
325.307
325.323
325.331
325.334
325.332
325.332
325.335
325.334
325.331
325.324
316.389
316.401
316.407
316.409
316.406
316.407
316.411
316.411
316.409
316.404
309.182
309.19
309.193
309.193
309.191
309.192
309.196
309.196
309.196
309.193
303.705
303.709
303.708
303.708
303.707
303.708
303.711
303.711
303.711
303.713
299.799
299.801
299.798
299.797
299.797
299.798
299.801
299.8
299.802
299.804
297.203
297.204
297.201
297.2
297.2
297.201
297.203
297.203
297.204
297.207
295.653
295.653
295.65
295.65
295.65
295.65
295.652
295.652
295.653
295.656
294.936
294.935
294.933
294.932
294.932
294.933
294.935
294.935
294.936
294.938
294.936
294.935
294.933
294.932
294.932
294.933
294.935
294.935
294.936
294.938
294.935
294.934
294.932
294.932
294.932
294.933
294.934
294.934
294.935
294.938
294.934
294.932
294.93
294.932
294.931
294.931
294.932
294.932
294.935
294.937
294.932
294.931
294.93
294.931
294.929
294.929
294.93
294.931
294.934
294.937
294.93
294.929
294.928
294.929
294.927
294.927
294.928
294.93
294.933
294.935
294.929
294.929
294.929
294.929
294.927
294.927
294.929
294.931
294.933
294.934
294.931
294.932
294.932
294.931
294.929
294.929
294.931
294.931
294.933
294.934
294.933
294.933
294.933
294.932
294.93
294.929
294.93
294.932
294.934
294.935
294.934
294.934
294.934
294.933
294.931
294.93
294.932
294.935
294.937
294.938
294.934
294.934
294.934
294.933
294.932
294.932
294.935
294.937
294.939
294.939
)
;
    }
}


// ************************************************************************* //
