/*--------------------------------*- C++ -*----------------------------------*\
| =========                 |                                                 |
| \\      /  F ield         | OpenFOAM: The Open Source CFD Toolbox           |
|  \\    /   O peration     | Version:  2412                                  |
|   \\  /    A nd           | Website:  www.openfoam.com                      |
|    \\/     M anipulation  |                                                 |
\*---------------------------------------------------------------------------*/
FoamFile
{
    version     2.0;
    format      ascii;
    arch        "LSB;label=32;scalar=64";
    class       volScalarField;
    location    "0.4/solid";
    object      wallHeatFlux;
}
// * * * * * * * * * * * * * * * * * * * * * * * * * * * * * * * * * * * * * //

dimensions      [1 0 -3 0 0 0 0];

internalField   uniform 0;

boundaryField
{
    bodyBottom
    {
        type            calculated;
        value           nonuniform List<scalar> 
100
(
1.20684e+06
1.20601e+06
1.2056e+06
1.2056e+06
1.2056e+06
1.20581e+06
1.20581e+06
1.20581e+06
1.20622e+06
1.20725e+06
1.2052e+06
1.20479e+06
1.20479e+06
1.20458e+06
1.20479e+06
1.20479e+06
1.20479e+06
1.20479e+06
1.20499e+06
1.2056e+06
1.20458e+06
1.20437e+06
1.20437e+06
1.20437e+06
1.20438e+06
1.20458e+06
1.20438e+06
1.20438e+06
1.20458e+06
1.20499e+06
1.20438e+06
1.20417e+06
1.20437e+06
1.20438e+06
1.20438e+06
1.20438e+06
1.20438e+06
1.20417e+06
1.20437e+06
1.20458e+06
1.20437e+06
1.20417e+06
1.20438e+06
1.20458e+06
1.20458e+06
1.20458e+06
1.20437e+06
1.20438e+06
1.20437e+06
1.20458e+06
1.20438e+06
1.20417e+06
1.20437e+06
1.20437e+06
1.20458e+06
1.20458e+06
1.20438e+06
1.20437e+06
1.20417e+06
1.20458e+06
1.20438e+06
1.20417e+06
1.20417e+06
1.20417e+06
1.20417e+06
1.20417e+06
1.20417e+06
1.20417e+06
1.20417e+06
1.20438e+06
1.20458e+06
1.20417e+06
1.20417e+06
1.20396e+06
1.20417e+06
1.20417e+06
1.20417e+06
1.20417e+06
1.20417e+06
1.20458e+06
1.20499e+06
1.20438e+06
1.20417e+06
1.20396e+06
1.20417e+06
1.20417e+06
1.20417e+06
1.20437e+06
1.20437e+06
1.20499e+06
1.20601e+06
1.2052e+06
1.20479e+06
1.20458e+06
1.20458e+06
1.20458e+06
1.20458e+06
1.20499e+06
1.2052e+06
1.20601e+06
)
;
    }
    solid_to_fluid
    {
        type            calculated;
        value           nonuniform List<scalar> 
500
(
-2255
-2050
-2050
-1845
-1845
-1845
-1845
-1845
-1845
-2255
-2870
-2665
-2460
-2460
-2255
-2255
-2460
-2460
-2665
-2665
-2870
-2665
-2665
-2665
-2665
-2460
-2665
-2665
-2665
-2870
-2665
-2665
-2665
-2460
-2460
-2460
-2665
-2665
-2665
-2665
-2460
-2255
-2255
-2255
-2255
-2255
-2255
-2255
-2255
-2255
-1845
-1845
-1845
-1845
-1845
-1845
-1640
-1845
-2050
-1845
-1435
-1435
-1640
-1435
-1435
-1435
-1435
-1435
-1435
-1435
-1230
-1230
-1025
-1025
-1025
-1025
-1025
-1025
-1025
-1025
-820
-820
-820
-820
-820
-820
-820
-1025
-1025
-1025
-615
-820
-615
-820
-615
-820
-820
-615
-615
-615
-2050
-1230
-1025
-1025
-1025
-1025
-1230
-1230
-1435
-1845
-2460
-1640
-1230
-1230
-1230
-1230
-1435
-1435
-1640
-1845
-2665
-2050
-1640
-1435
-1640
-1435
-1640
-1640
-1845
-2255
-2665
-2050
-1640
-1640
-1640
-1845
-1640
-1845
-1845
-2050
-2255
-1845
-1640
-1640
-1640
-1640
-1640
-1845
-1845
-1845
-1845
-1640
-1640
-1435
-1435
-1435
-1435
-1640
-1435
-1640
-1435
-1230
-1230
-1230
-1025
-1230
-1230
-1230
-1435
-1230
-1025
-1025
-1025
-820
-1025
-820
-820
-1025
-820
-1025
-1025
-820
-615
-615
-820
-615
-820
-820
-820
-820
-615
-820
-615
-615
-615
-615
-615
-615
-615
-820
-1640
-1640
-1435
-1230
-1230
-1230
-1435
-1230
-1640
-1640
-2255
-1845
-1845
-1640
-1435
-1435
-1435
-1640
-2050
-2050
-2255
-2255
-1640
-1640
-1640
-1640
-1640
-1845
-2050
-2255
-2050
-2050
-1640
-1640
-1640
-1640
-1640
-1640
-2050
-2050
-2050
-1845
-1640
-1640
-1435
-1435
-1640
-1640
-1640
-1845
-1640
-1435
-1435
-1435
-1230
-1230
-1435
-1435
-1640
-1640
-1230
-1230
-1230
-1230
-1025
-1025
-1025
-1025
-1025
-1230
-1025
-1025
-1025
-1025
-820
-820
-1025
-1025
-1025
-1025
-615
-615
-820
-615
-820
-615
-615
-615
-615
-820
-615
-615
-615
-615
-615
-615
-615
-820
-615
-820
-2255
-1435
-1230
-820
-1025
-1230
-1230
-1230
-1435
-1845
-2665
-1640
-1435
-1230
-1230
-1230
-1435
-1640
-1640
-2050
-2870
-2050
-1640
-1435
-1435
-1640
-1640
-1640
-1845
-2050
-2665
-2050
-1845
-1640
-1640
-1640
-1640
-1845
-1845
-2050
-2255
-1845
-1640
-1640
-1640
-1640
-1640
-1845
-1640
-2050
-1845
-1640
-1640
-1435
-1435
-1435
-1640
-1435
-1640
-1640
-1435
-1230
-1230
-1230
-1230
-1230
-1230
-1230
-1230
-1230
-1230
-1025
-1025
-1025
-1025
-1025
-1025
-820
-1025
-1025
-820
-820
-820
-615
-615
-820
-820
-820
-820
-615
-615
-820
-615
-820
-820
-615
-615
-615
-615
-615
-615
-820
-615
-820
-820
-615
-615
-615
-615
-615
-820
-820
-615
-615
-615
-615
-615
-615
-820
-615
-615
-820
-820
-615
-615
-820
-820
-615
-615
-820
-820
-615
-615
-615
-820
-820
-615
-615
-820
-615
-615
-615
-615
-615
-820
-820
-820
-615
-615
-615
-820
-820
-615
-615
-615
-820
-615
-615
-615
-615
-820
-615
-615
-615
-615
-615
-615
-820
-615
-615
-615
-820
-615
-615
-615
-615
-615
-615
-615
-820
-615
-615
-615
-615
-615
-615
-820
-615
-615
-615
-615
-820
-615
-820
-615
-615
-615
-615
-615
-820
)
;
    }
}


// ************************************************************************* //
