/*--------------------------------*- C++ -*----------------------------------*\
| =========                 |                                                 |
| \\      /  F ield         | OpenFOAM: The Open Source CFD Toolbox           |
|  \\    /   O peration     | Version:  2412                                  |
|   \\  /    A nd           | Website:  www.openfoam.com                      |
|    \\/     M anipulation  |                                                 |
\*---------------------------------------------------------------------------*/
FoamFile
{
    version     2.0;
    format      ascii;
    arch        "LSB;label=32;scalar=64";
    class       volScalarField;
    location    "1.4/solid";
    object      T;
}
// * * * * * * * * * * * * * * * * * * * * * * * * * * * * * * * * * * * * * //

dimensions      [0 0 0 1 0 0 0];

internalField   nonuniform List<scalar> 
1000
(
350.066
350.075
350.079
350.082
350.083
350.083
350.083
350.082
350.08
350.077
350.072
350.078
350.082
350.084
350.084
350.085
350.085
350.084
350.083
350.08
350.074
350.08
350.083
350.084
350.085
350.085
350.085
350.085
350.084
350.081
350.076
350.081
350.083
350.084
350.085
350.085
350.086
350.085
350.084
350.082
350.076
350.081
350.083
350.085
350.085
350.085
350.086
350.085
350.084
350.082
350.076
350.081
350.083
350.085
350.085
350.085
350.086
350.085
350.084
350.082
350.075
350.081
350.083
350.085
350.085
350.085
350.086
350.085
350.084
350.081
350.074
350.08
350.083
350.084
350.085
350.085
350.085
350.085
350.084
350.081
350.072
350.078
350.082
350.083
350.084
350.085
350.085
350.084
350.083
350.08
350.066
350.075
350.079
350.082
350.082
350.083
350.083
350.082
350.08
350.077
344.292
344.308
344.318
344.324
344.326
344.327
344.327
344.325
344.321
344.314
344.301
344.313
344.321
344.326
344.328
344.329
344.329
344.328
344.324
344.319
344.306
344.317
344.323
344.327
344.329
344.33
344.33
344.329
344.326
344.321
344.309
344.319
344.324
344.327
344.329
344.33
344.331
344.33
344.328
344.322
344.31
344.319
344.325
344.328
344.329
344.33
344.331
344.33
344.328
344.323
344.309
344.318
344.324
344.328
344.329
344.33
344.331
344.33
344.328
344.323
344.308
344.318
344.324
344.328
344.329
344.33
344.331
344.33
344.328
344.322
344.306
344.316
344.323
344.327
344.329
344.33
344.33
344.329
344.326
344.321
344.301
344.313
344.321
344.325
344.328
344.329
344.329
344.328
344.324
344.318
344.291
344.307
344.317
344.323
344.325
344.326
344.327
344.325
344.321
344.314
338.749
338.767
338.78
338.787
338.79
338.792
338.792
338.79
338.785
338.777
338.758
338.773
338.782
338.789
338.792
338.794
338.794
338.792
338.788
338.781
338.764
338.776
338.784
338.789
338.792
338.794
338.794
338.793
338.79
338.784
338.768
338.779
338.786
338.79
338.793
338.794
338.795
338.795
338.792
338.786
338.768
338.779
338.786
338.791
338.793
338.794
338.796
338.795
338.792
338.786
338.768
338.779
338.785
338.79
338.792
338.794
338.796
338.795
338.792
338.786
338.767
338.778
338.785
338.79
338.792
338.794
338.795
338.795
338.792
338.786
338.765
338.776
338.784
338.789
338.792
338.794
338.794
338.793
338.79
338.784
338.759
338.773
338.782
338.787
338.791
338.793
338.794
338.792
338.788
338.781
338.749
338.767
338.778
338.785
338.788
338.791
338.792
338.79
338.785
338.776
333.571
333.589
333.601
333.609
333.613
333.615
333.616
333.614
333.609
333.601
333.579
333.593
333.604
333.611
333.614
333.616
333.618
333.616
333.612
333.605
333.585
333.596
333.605
333.611
333.614
333.616
333.618
333.616
333.613
333.608
333.588
333.599
333.607
333.612
333.614
333.616
333.618
333.618
333.616
333.61
333.589
333.6
333.607
333.612
333.614
333.616
333.618
333.618
333.616
333.611
333.589
333.6
333.607
333.612
333.614
333.616
333.618
333.618
333.616
333.611
333.589
333.6
333.608
333.612
333.615
333.616
333.618
333.618
333.616
333.61
333.587
333.599
333.607
333.612
333.614
333.616
333.617
333.616
333.613
333.608
333.581
333.595
333.605
333.61
333.613
333.616
333.617
333.615
333.612
333.605
333.572
333.589
333.601
333.608
333.611
333.614
333.615
333.614
333.609
333.601
328.882
328.898
328.91
328.917
328.921
328.923
328.925
328.924
328.92
328.913
328.889
328.902
328.912
328.919
328.922
328.925
328.927
328.925
328.922
328.916
328.894
328.904
328.912
328.919
328.922
328.925
328.926
328.925
328.923
328.919
328.897
328.907
328.914
328.919
328.922
328.924
328.927
328.927
328.926
328.922
328.897
328.907
328.914
328.919
328.922
328.924
328.926
328.927
328.926
328.922
328.898
328.908
328.915
328.92
328.922
328.924
328.927
328.927
328.926
328.922
328.898
328.909
328.916
328.921
328.923
328.924
328.927
328.927
328.925
328.921
328.896
328.908
328.916
328.921
328.923
328.924
328.925
328.925
328.923
328.919
328.892
328.904
328.914
328.919
328.922
328.924
328.926
328.925
328.922
328.916
328.883
328.899
328.911
328.917
328.92
328.923
328.925
328.924
328.92
328.913
324.796
324.811
324.82
324.827
324.831
324.834
324.837
324.835
324.832
324.828
324.804
324.815
324.822
324.829
324.833
324.836
324.838
324.836
324.835
324.832
324.808
324.817
324.823
324.829
324.833
324.836
324.838
324.837
324.837
324.835
324.809
324.817
324.824
324.83
324.833
324.836
324.838
324.838
324.839
324.836
324.809
324.817
324.824
324.829
324.832
324.834
324.837
324.838
324.838
324.836
324.809
324.818
324.825
324.829
324.832
324.834
324.837
324.838
324.838
324.835
324.81
324.82
324.826
324.831
324.833
324.835
324.838
324.839
324.837
324.834
324.809
324.819
324.826
324.831
324.833
324.834
324.837
324.837
324.835
324.832
324.804
324.816
324.825
324.83
324.832
324.834
324.837
324.837
324.836
324.832
324.797
324.811
324.822
324.828
324.83
324.833
324.836
324.836
324.834
324.829
321.41
321.423
321.431
321.437
321.442
321.445
321.448
321.446
321.445
321.442
321.417
321.426
321.433
321.439
321.443
321.446
321.449
321.447
321.448
321.446
321.42
321.428
321.433
321.439
321.444
321.447
321.448
321.448
321.45
321.449
321.421
321.428
321.433
321.44
321.443
321.446
321.448
321.449
321.451
321.45
321.419
321.426
321.433
321.439
321.441
321.444
321.447
321.448
321.45
321.449
321.419
321.427
321.433
321.438
321.44
321.444
321.448
321.449
321.449
321.448
321.42
321.429
321.434
321.439
321.441
321.445
321.449
321.45
321.449
321.447
321.419
321.428
321.434
321.439
321.441
321.444
321.447
321.448
321.447
321.446
321.415
321.426
321.433
321.438
321.441
321.444
321.447
321.449
321.449
321.446
321.409
321.422
321.431
321.436
321.439
321.443
321.447
321.449
321.448
321.444
318.799
318.81
318.817
318.824
318.828
318.832
318.835
318.834
318.834
318.832
318.805
318.813
318.819
318.825
318.83
318.833
318.836
318.835
318.836
318.836
318.807
318.815
318.819
318.826
318.83
318.834
318.836
318.835
318.838
318.838
318.808
318.814
318.819
318.827
318.83
318.833
318.835
318.836
318.839
318.839
318.806
318.812
318.818
318.825
318.828
318.831
318.833
318.835
318.837
318.837
318.804
318.811
318.818
318.824
318.826
318.83
318.834
318.836
318.837
318.836
318.805
318.813
318.819
318.825
318.828
318.832
318.836
318.837
318.837
318.836
318.804
318.812
318.819
318.825
318.828
318.831
318.834
318.834
318.836
318.835
318.801
318.81
318.817
318.823
318.827
318.83
318.834
318.836
318.837
318.836
318.794
318.807
318.815
318.821
318.826
318.83
318.835
318.837
318.837
318.834
317.021
317.032
317.04
317.046
317.051
317.055
317.059
317.058
317.058
317.058
317.027
317.036
317.041
317.048
317.053
317.057
317.06
317.06
317.06
317.061
317.03
317.037
317.042
317.05
317.054
317.057
317.06
317.059
317.062
317.062
317.03
317.037
317.043
317.05
317.053
317.056
317.059
317.059
317.063
317.063
317.028
317.035
317.042
317.048
317.051
317.054
317.057
317.059
317.062
317.062
317.027
317.035
317.043
317.049
317.051
317.054
317.058
317.06
317.061
317.061
317.028
317.037
317.045
317.05
317.053
317.056
317.059
317.06
317.061
317.06
317.027
317.036
317.045
317.051
317.053
317.054
317.057
317.058
317.061
317.06
317.023
317.034
317.042
317.049
317.052
317.054
317.058
317.061
317.062
317.061
317.017
317.03
317.04
317.047
317.051
317.054
317.059
317.061
317.062
317.06
316.118
316.13
316.138
316.146
316.151
316.155
316.159
316.159
316.158
316.158
316.124
316.134
316.141
316.148
316.153
316.157
316.161
316.16
316.161
316.161
316.127
316.136
316.142
316.151
316.155
316.158
316.161
316.16
316.162
316.163
316.127
316.136
316.143
316.151
316.154
316.157
316.159
316.16
316.164
316.164
316.125
316.135
316.142
316.149
316.152
316.155
316.158
316.16
316.162
316.163
316.125
316.136
316.144
316.15
316.152
316.155
316.159
316.161
316.162
316.162
316.127
316.138
316.146
316.152
316.154
316.156
316.16
316.161
316.162
316.161
316.126
316.138
316.146
316.152
316.154
316.155
316.158
316.16
316.162
316.161
316.122
316.135
316.144
316.151
316.153
316.155
316.159
316.162
316.163
316.162
316.116
316.129
316.141
316.148
316.151
316.154
316.159
316.162
316.162
316.16
)
;

boundaryField
{
    bodyBottom
    {
        type            fixedValue;
        value           uniform 353;
    }
    solid_to_fluid
    {
        type            compressible::turbulentTemperatureCoupledBaffleMixed;
        refValue        nonuniform List<scalar> 
500
(
320.262
324.342
326.098
327.136
327.65
327.65
327.136
326.098
324.342
320.261
309.213
313.088
316.277
317.986
318.73
318.73
317.985
316.276
313.088
309.213
304.262
307.001
309.305
310.527
311.057
311.057
310.527
309.305
307.001
304.262
302.482
304.743
306.597
307.535
307.93
307.93
307.535
306.597
304.744
302.483
301.462
303.488
305.122
305.929
306.269
306.269
305.93
305.123
303.488
301.462
300.658
302.509
304.002
304.726
305.031
305.031
304.727
304.002
302.509
300.658
300.032
301.732
303.124
303.792
304.072
304.072
303.792
303.124
301.732
300.031
299.284
300.772
302.01
302.593
302.833
302.833
302.593
302.009
300.771
299.283
298.306
299.495
300.504
300.976
301.169
301.169
300.976
300.503
299.494
298.306
297.332
298.179
298.914
299.248
299.379
299.379
299.248
298.913
298.178
297.332
321.506
335.231
338.067
340.96
339.622
339.197
338.083
336.774
335.376
333.991
312.022
331.76
336.135
338.218
337.657
337.134
335.964
334.428
332.719
329.958
307.184
326.115
331.877
333.622
333.285
332.978
332.026
330.732
328.933
324.162
305.081
322.481
327.448
328.734
328.586
328.583
327.856
326.901
325.078
319.879
303.729
319.286
323.144
324.163
323.983
324.118
323.577
322.97
321.362
316.811
302.625
316.418
319.515
320.308
320.108
320.224
319.801
319.404
318.179
314.508
301.78
313.873
316.573
317.106
316.93
317.017
316.635
316.302
315.548
312.755
300.92
311.564
314.45
314.859
314.715
314.62
314.31
313.944
313.408
311.481
299.976
308.974
312.75
313.117
313.078
312.822
312.624
312.286
311.617
310.5
299.002
304.701
310.098
311.504
311.328
311.583
311.391
310.846
310.308
309.386
337.725
338.384
338.263
338.31
338.467
338.467
338.311
338.264
338.384
337.723
326.678
327.8
327.889
327.985
328.211
328.21
327.986
327.891
327.801
326.676
318.543
319.623
319.971
320.572
321.51
321.509
320.574
319.974
319.625
318.542
315.226
316.451
317.301
318.632
320.196
320.195
318.635
317.305
316.454
315.226
313.402
314.745
315.887
317.571
319.39
319.389
317.574
315.893
314.748
313.401
312.088
313.462
314.774
316.608
318.405
318.405
316.611
314.779
313.465
312.088
311.165
312.49
313.826
315.606
317.022
317.022
315.607
313.829
312.492
311.165
310.619
311.799
312.999
314.516
315.558
315.558
314.517
313.001
311.799
310.618
310.421
311.32
312.207
313.323
314.263
314.262
313.322
312.207
311.319
310.419
310.183
310.683
311.085
311.837
312.751
312.75
311.835
311.084
310.68
310.181
321.506
335.231
338.067
340.96
339.622
339.197
338.082
336.774
335.376
333.993
312.022
331.76
336.136
338.218
337.658
337.135
335.965
334.429
332.72
329.961
307.184
326.116
331.878
333.624
333.287
332.98
332.028
330.734
328.935
324.166
305.081
322.481
327.449
328.736
328.588
328.585
327.858
326.903
325.081
319.883
303.728
319.286
323.145
324.165
323.986
324.12
323.579
322.972
321.365
316.814
302.625
316.418
319.515
320.309
320.11
320.226
319.802
319.404
318.181
314.511
301.78
313.874
316.574
317.108
316.933
317.018
316.636
316.302
315.549
312.757
300.921
311.566
314.451
314.861
314.717
314.621
314.311
313.944
313.408
311.483
299.977
308.975
312.75
313.118
313.08
312.824
312.625
312.287
311.617
310.502
299.002
304.701
310.096
311.503
311.329
311.584
311.392
310.846
310.307
309.388
298.955
304.562
309.115
310.268
310.407
310.706
310.775
310.564
310.143
309.184
299.733
308.511
311.678
312.319
312.301
312.317
312.249
311.988
311.384
310.188
300.296
310.237
312.535
313.195
313.143
313.025
312.83
312.51
311.923
310.98
300.574
310.917
312.335
313.092
313.218
313.248
313.116
312.88
312.562
311.77
300.701
311.597
312.082
312.773
313.057
313.212
313.23
313.194
313.138
312.581
300.701
311.597
312.083
312.774
313.057
313.211
313.23
313.193
313.135
312.579
300.574
310.917
312.336
313.093
313.218
313.247
313.114
312.878
312.557
311.765
300.296
310.237
312.536
313.195
313.141
313.023
312.828
312.509
311.921
310.975
299.733
308.51
311.678
312.318
312.299
312.315
312.248
311.988
311.384
310.186
298.955
304.561
309.114
310.267
310.406
310.705
310.774
310.564
310.143
309.183
)
;
        refGradient     uniform 0;
        valueFraction   nonuniform List<scalar> 
500
(
0.000301416
0.000301416
0.000301416
0.000301416
0.000301416
0.000301416
0.000301416
0.000301416
0.000301416
0.000301416
0.000301416
0.000301416
0.000301416
0.000301416
0.000301416
0.000301416
0.000301416
0.000301416
0.000301416
0.000301416
0.000301416
0.000301416
0.000301416
0.000301416
0.000301416
0.000301416
0.000301416
0.000301416
0.000301416
0.000301416
0.000301416
0.000301416
0.000301416
0.000301416
0.000301416
0.000301416
0.000301416
0.000301416
0.000301416
0.000301416
0.000301416
0.000301416
0.000301416
0.000301416
0.000301416
0.000301416
0.000301416
0.000301416
0.000301416
0.000301416
0.000301416
0.000301416
0.000301416
0.000301416
0.000301416
0.000301416
0.000301416
0.000301416
0.000301416
0.000301416
0.000301416
0.000301416
0.000301416
0.000301416
0.000301416
0.000301416
0.000301416
0.000301416
0.000301416
0.000301416
0.000301416
0.000301416
0.000301416
0.000301416
0.000301416
0.000301416
0.000301416
0.000301416
0.000301416
0.000301416
0.000301416
0.000301416
0.000301416
0.000301416
0.000301416
0.000301416
0.000301416
0.000301416
0.000301416
0.000301416
0.000301416
0.000301416
0.000301416
0.000301416
0.000301416
0.000301416
0.000301416
0.000301416
0.000301416
0.000301416
0.000302436
0.000302436
0.000302436
0.000302436
0.000302436
0.000302436
0.000302436
0.000302436
0.000302436
0.000302436
0.000302436
0.000302436
0.000302436
0.000302436
0.000302436
0.000302436
0.000302436
0.000302436
0.000302436
0.000302436
0.000302436
0.000302436
0.000302436
0.000302436
0.000302436
0.000302436
0.000302436
0.000302436
0.000302436
0.000302436
0.000302436
0.000302436
0.000302436
0.000302436
0.000302436
0.000302436
0.000302436
0.000302436
0.000302436
0.000302436
0.000302436
0.000302436
0.000302436
0.000302436
0.000302436
0.000302436
0.000302436
0.000302436
0.000302436
0.000302436
0.000302436
0.000302436
0.000302436
0.000302436
0.000302436
0.000302436
0.000302436
0.000302436
0.000302436
0.000302436
0.000302436
0.000302436
0.000302436
0.000302436
0.000302436
0.000302436
0.000302436
0.000302436
0.000302436
0.000302436
0.000302436
0.000302436
0.000302436
0.000302436
0.000302436
0.000302436
0.000302436
0.000302436
0.000302436
0.000302436
0.000302436
0.000302436
0.000302436
0.000302436
0.000302436
0.000302436
0.000302436
0.000302436
0.000302436
0.000302436
0.000302436
0.000302436
0.000302436
0.000302436
0.000302436
0.000302436
0.000302436
0.000302436
0.000302436
0.000302436
0.000300478
0.000300478
0.000300478
0.000300478
0.000300478
0.000300478
0.000300478
0.000300478
0.000300478
0.000300478
0.000300478
0.000300478
0.000300478
0.000300478
0.000300478
0.000300478
0.000300478
0.000300478
0.000300478
0.000300478
0.000300478
0.000300478
0.000300478
0.000300478
0.000300478
0.000300478
0.000300478
0.000300478
0.000300478
0.000300478
0.000300478
0.000300478
0.000300478
0.000300478
0.000300478
0.000300478
0.000300478
0.000300478
0.000300478
0.000300478
0.000300478
0.000300478
0.000300478
0.000300478
0.000300478
0.000300478
0.000300478
0.000300478
0.000300478
0.000300478
0.000300478
0.000300478
0.000300478
0.000300478
0.000300478
0.000300478
0.000300478
0.000300478
0.000300478
0.000300478
0.000300478
0.000300478
0.000300478
0.000300478
0.000300478
0.000300478
0.000300478
0.000300478
0.000300478
0.000300478
0.000300478
0.000300478
0.000300478
0.000300478
0.000300478
0.000300478
0.000300478
0.000300478
0.000300478
0.000300478
0.000300478
0.000300478
0.000300478
0.000300478
0.000300478
0.000300478
0.000300478
0.000300478
0.000300478
0.000300478
0.000300478
0.000300478
0.000300478
0.000300478
0.000300478
0.000300478
0.000300478
0.000300478
0.000300478
0.000300478
0.000302436
0.000302436
0.000302436
0.000302436
0.000302436
0.000302436
0.000302436
0.000302436
0.000302436
0.000302436
0.000302436
0.000302436
0.000302436
0.000302436
0.000302436
0.000302436
0.000302436
0.000302436
0.000302436
0.000302436
0.000302436
0.000302436
0.000302436
0.000302436
0.000302436
0.000302436
0.000302436
0.000302436
0.000302436
0.000302436
0.000302436
0.000302436
0.000302436
0.000302436
0.000302436
0.000302436
0.000302436
0.000302436
0.000302436
0.000302436
0.000302436
0.000302436
0.000302436
0.000302436
0.000302436
0.000302436
0.000302436
0.000302436
0.000302436
0.000302436
0.000302436
0.000302436
0.000302436
0.000302436
0.000302436
0.000302436
0.000302436
0.000302436
0.000302436
0.000302436
0.000302436
0.000302436
0.000302436
0.000302436
0.000302436
0.000302436
0.000302436
0.000302436
0.000302436
0.000302436
0.000302436
0.000302436
0.000302436
0.000302436
0.000302436
0.000302436
0.000302436
0.000302436
0.000302436
0.000302436
0.000302436
0.000302436
0.000302436
0.000302436
0.000302436
0.000302436
0.000302436
0.000302436
0.000302436
0.000302436
0.000302436
0.000302436
0.000302436
0.000302436
0.000302436
0.000302436
0.000302436
0.000302436
0.000302436
0.000302436
0.000301115
0.000301115
0.000301115
0.000301115
0.000301115
0.000301115
0.000301115
0.000301115
0.000301115
0.000301115
0.000301115
0.000301115
0.000301115
0.000301115
0.000301115
0.000301115
0.000301115
0.000301115
0.000301115
0.000301115
0.000301115
0.000301115
0.000301115
0.000301115
0.000301115
0.000301115
0.000301115
0.000301115
0.000301115
0.000301115
0.000301115
0.000301115
0.000301115
0.000301115
0.000301115
0.000301115
0.000301115
0.000301115
0.000301115
0.000301115
0.000301115
0.000301115
0.000301115
0.000301115
0.000301115
0.000301115
0.000301115
0.000301115
0.000301115
0.000301115
0.000301115
0.000301115
0.000301115
0.000301115
0.000301115
0.000301115
0.000301115
0.000301115
0.000301115
0.000301115
0.000301115
0.000301115
0.000301115
0.000301115
0.000301115
0.000301115
0.000301115
0.000301115
0.000301115
0.000301115
0.000301115
0.000301115
0.000301115
0.000301115
0.000301115
0.000301115
0.000301115
0.000301115
0.000301115
0.000301115
0.000301115
0.000301115
0.000301115
0.000301115
0.000301115
0.000301115
0.000301115
0.000301115
0.000301115
0.000301115
0.000301115
0.000301115
0.000301115
0.000301115
0.000301115
0.000301115
0.000301115
0.000301115
0.000301115
0.000301115
)
;
        source          uniform 0;
        Tnbr            T;
        kappaMethod     solidThermo;
        value           nonuniform List<scalar> 
500
(
350.057
350.064
350.067
350.068
350.069
350.069
350.068
350.067
350.064
350.057
344.28
344.291
344.297
344.3
344.301
344.3
344.299
344.296
344.29
344.279
338.737
338.747
338.754
338.758
338.758
338.758
338.757
338.754
338.748
338.737
333.559
333.568
333.574
333.578
333.579
333.579
333.579
333.576
333.57
333.56
328.871
328.879
328.884
328.887
328.888
328.888
328.889
328.887
328.881
328.872
324.786
324.794
324.798
324.8
324.8
324.8
324.801
324.799
324.795
324.786
321.4
321.407
321.411
321.412
321.411
321.411
321.412
321.41
321.406
321.399
318.789
318.795
318.799
318.799
318.797
318.796
318.796
318.795
318.792
318.785
317.012
317.018
317.021
317.021
317.019
317.018
317.019
317.018
317.014
317.008
316.108
316.115
316.117
316.118
316.116
316.116
316.118
316.117
316.113
316.106
350.057
350.07
350.075
350.078
350.079
350.079
350.079
350.077
350.075
350.072
344.28
344.303
344.314
344.32
344.322
344.323
344.323
344.321
344.316
344.309
338.737
338.761
338.775
338.782
338.785
338.787
338.788
338.786
338.78
338.77
333.561
333.584
333.597
333.604
333.608
333.61
333.611
333.609
333.604
333.595
328.872
328.894
328.906
328.913
328.916
328.919
328.92
328.919
328.915
328.907
324.787
324.806
324.817
324.823
324.826
324.829
324.832
324.832
324.829
324.823
321.399
321.416
321.426
321.431
321.434
321.439
321.442
321.444
321.442
321.438
318.785
318.801
318.81
318.817
318.821
318.825
318.83
318.832
318.831
318.828
317.008
317.023
317.035
317.042
317.045
317.049
317.053
317.056
317.056
317.054
316.107
316.122
316.135
316.143
316.146
316.149
316.154
316.156
316.156
316.154
350.073
350.076
350.077
350.078
350.078
350.078
350.078
350.077
350.076
350.073
344.308
344.313
344.315
344.317
344.317
344.317
344.316
344.315
344.313
344.308
338.769
338.774
338.777
338.779
338.78
338.78
338.779
338.776
338.774
338.769
333.593
333.598
333.601
333.604
333.605
333.605
333.604
333.6
333.597
333.593
328.905
328.91
328.913
328.916
328.916
328.916
328.915
328.912
328.909
328.906
324.821
324.825
324.829
324.831
324.831
324.83
324.829
324.826
324.825
324.822
321.436
321.44
321.443
321.445
321.444
321.443
321.442
321.44
321.44
321.437
318.826
318.83
318.832
318.834
318.833
318.832
318.831
318.829
318.83
318.828
317.052
317.055
317.057
317.058
317.057
317.056
317.055
317.055
317.055
317.054
316.152
316.156
316.158
316.159
316.158
316.157
316.156
316.155
316.156
316.155
350.057
350.07
350.075
350.079
350.079
350.079
350.079
350.077
350.075
350.072
344.281
344.304
344.315
344.321
344.323
344.324
344.323
344.321
344.316
344.309
338.738
338.762
338.776
338.784
338.787
338.788
338.788
338.786
338.78
338.771
333.56
333.583
333.597
333.605
333.609
333.611
333.612
333.61
333.604
333.594
328.871
328.893
328.905
328.913
328.917
328.919
328.921
328.919
328.915
328.906
324.787
324.805
324.815
324.822
324.827
324.83
324.832
324.83
324.827
324.822
321.401
321.417
321.426
321.432
321.437
321.44
321.443
321.441
321.44
321.436
318.79
318.804
318.812
318.819
318.823
318.827
318.83
318.829
318.828
318.826
317.012
317.026
317.035
317.041
317.046
317.05
317.054
317.053
317.052
317.052
316.109
316.122
316.133
316.14
316.146
316.15
316.154
316.153
316.153
316.152
316.109
316.122
316.132
316.14
316.145
316.15
316.153
316.153
316.153
316.152
316.115
316.128
316.135
316.143
316.148
316.152
316.156
316.155
316.155
316.155
316.118
316.13
316.137
316.146
316.15
316.153
316.156
316.155
316.157
316.158
316.118
316.13
316.138
316.146
316.149
316.152
316.154
316.155
316.158
316.159
316.117
316.129
316.137
316.144
316.147
316.15
316.153
316.155
316.157
316.157
316.117
316.131
316.139
316.145
316.147
316.15
316.154
316.156
316.157
316.157
316.118
316.132
316.141
316.147
316.149
316.152
316.155
316.156
316.157
316.156
316.117
316.132
316.141
316.147
316.149
316.15
316.153
316.155
316.156
316.155
316.114
316.128
316.139
316.146
316.148
316.15
316.154
316.157
316.158
316.156
316.107
316.122
316.135
316.142
316.146
316.149
316.154
316.156
316.156
316.154
)
;
    }
}


// ************************************************************************* //
