/*--------------------------------*- C++ -*----------------------------------*\
| =========                 |                                                 |
| \\      /  F ield         | OpenFOAM: The Open Source CFD Toolbox           |
|  \\    /   O peration     | Version:  2412                                  |
|   \\  /    A nd           | Website:  www.openfoam.com                      |
|    \\/     M anipulation  |                                                 |
\*---------------------------------------------------------------------------*/
FoamFile
{
    version     2.0;
    format      ascii;
    arch        "LSB;label=32;scalar=64";
    class       volScalarField;
    location    "1.4/solid";
    object      wallHeatFlux;
}
// * * * * * * * * * * * * * * * * * * * * * * * * * * * * * * * * * * * * * //

dimensions      [1 0 -3 0 0 0 0];

internalField   uniform 0;

boundaryField
{
    bodyBottom
    {
        type            calculated;
        value           nonuniform List<scalar> 
100
(
601470
600240
599830
599420
599420
599420
599625
599830
600240
601470
599625
599010
598600
598395
598395
598395
598395
598600
599010
599625
598805
598190
597985
597985
597985
597985
597985
597985
598190
598805
598190
597780
597780
597780
597575
597575
597575
597780
597985
598190
597985
597780
597575
597575
597575
597575
597575
597575
597780
598190
597985
597575
597575
597575
597575
597575
597575
597575
597575
597985
597985
597575
597575
597370
597370
597370
597370
597575
597575
597985
598190
597780
597575
597575
597575
597575
597575
597575
597780
598190
598600
597985
597780
597780
597780
597780
597780
597780
597985
598600
599215
598600
598395
598190
598190
598190
598395
598395
598600
599215
)
;
    }
    solid_to_fluid
    {
        type            calculated;
        value           nonuniform List<scalar> 
500
(
-1845
-1640
-1435
-1640
-1435
-1435
-1435
-1435
-1640
-1845
-2460
-2050
-1845
-1845
-1845
-1845
-1845
-2050
-2255
-2460
-2460
-2255
-2050
-2050
-2050
-2050
-2050
-2255
-2255
-2460
-2460
-2255
-2255
-2050
-2050
-2050
-2050
-2255
-2255
-2460
-2255
-2050
-2050
-2050
-1845
-2050
-1845
-1845
-2255
-2255
-2050
-2050
-2050
-1845
-1845
-1845
-1845
-2050
-1845
-2255
-2050
-2050
-1845
-1845
-1640
-1640
-1640
-1845
-1845
-2050
-2050
-2050
-1640
-1845
-1845
-1640
-1845
-1845
-1845
-1845
-1845
-1845
-1845
-1845
-1845
-1845
-1845
-1845
-1845
-1845
-2050
-1845
-2050
-1845
-1845
-1845
-1845
-1845
-1845
-2050
-1845
-1025
-820
-820
-615
-820
-820
-1025
-1025
-1025
-2255
-820
-615
-615
-615
-615
-820
-820
-1025
-1025
-2460
-1230
-615
-615
-615
-820
-820
-820
-1025
-1230
-2255
-1025
-820
-820
-615
-820
-820
-1025
-1025
-1230
-2255
-1025
-1025
-820
-820
-820
-1025
-1025
-1025
-1230
-2050
-1025
-1025
-1025
-820
-820
-820
-820
-1025
-1230
-2050
-1230
-1025
-1025
-1025
-820
-1025
-1025
-1230
-1230
-1845
-1230
-1025
-820
-1025
-1025
-1025
-1025
-1230
-1230
-1845
-1435
-1025
-1025
-1230
-1025
-1230
-1025
-1230
-1230
-1845
-1435
-1230
-1025
-1025
-1025
-1025
-1230
-1230
-1230
-820
-820
-820
-820
-820
-820
-615
-820
-820
-820
-1230
-1230
-1230
-1025
-1230
-1230
-1230
-1230
-1025
-1230
-1640
-1435
-1435
-1435
-1230
-1230
-1435
-1640
-1435
-1435
-1640
-1435
-1435
-1230
-1230
-1230
-1230
-1640
-1640
-1640
-1640
-1230
-1230
-1230
-1230
-1230
-1230
-1435
-1435
-1435
-1435
-1435
-1230
-1025
-1025
-1025
-1025
-1230
-1435
-1435
-1230
-1230
-1230
-1025
-1025
-1025
-1025
-1230
-1230
-1435
-1230
-1230
-1230
-1025
-820
-820
-1025
-1230
-1230
-1230
-1230
-1230
-1025
-1025
-1025
-1025
-1025
-1025
-1230
-1230
-1230
-1025
-1025
-1025
-1025
-1025
-1025
-1230
-1230
-1025
-1845
-1025
-820
-615
-820
-820
-820
-1025
-1025
-1025
-2255
-820
-615
-615
-615
-615
-820
-820
-1025
-1025
-2255
-1025
-820
-615
-615
-820
-820
-820
-1025
-1230
-2255
-1230
-820
-820
-820
-820
-820
-820
-1025
-1435
-2255
-1025
-1025
-820
-820
-820
-820
-1025
-1025
-1435
-1845
-1230
-1025
-1025
-820
-820
-1025
-1025
-1025
-1230
-1845
-1230
-1025
-1025
-1025
-1025
-1025
-1025
-1025
-1230
-1845
-1230
-1025
-1025
-1025
-1025
-1025
-1025
-1230
-1230
-1845
-1230
-1025
-1025
-1025
-1025
-1025
-1025
-1230
-1230
-1845
-1640
-1025
-1230
-1025
-1025
-1025
-1230
-1025
-1230
-1845
-1640
-1230
-1230
-1230
-1025
-1230
-1230
-1025
-1230
-1845
-1230
-1230
-1025
-1025
-1025
-1025
-1025
-1230
-1230
-1845
-1230
-1025
-1025
-1025
-1025
-1025
-1025
-1025
-1025
-1845
-1230
-1025
-1025
-1025
-1025
-1025
-1025
-1230
-1025
-1640
-1230
-1025
-1025
-1025
-1025
-1025
-1025
-1025
-1230
-1640
-1025
-1025
-1025
-1025
-1025
-1025
-1025
-1025
-1025
-1845
-1230
-1025
-1025
-1025
-820
-1025
-1025
-1025
-1025
-1845
-1230
-1025
-1025
-1025
-1025
-1025
-1025
-1230
-1230
-1640
-1435
-1025
-1025
-1025
-1025
-1025
-1025
-1025
-1230
-1845
-1435
-1230
-1230
-1025
-1025
-1025
-1230
-1230
-1230
)
;
    }
}


// ************************************************************************* //
