/*--------------------------------*- C++ -*----------------------------------*\
| =========                 |                                                 |
| \\      /  F ield         | OpenFOAM: The Open Source CFD Toolbox           |
|  \\    /   O peration     | Version:  2412                                  |
|   \\  /    A nd           | Website:  www.openfoam.com                      |
|    \\/     M anipulation  |                                                 |
\*---------------------------------------------------------------------------*/
FoamFile
{
    version     2.0;
    format      ascii;
    arch        "LSB;label=32;scalar=64";
    class       labelList;
    location    "constant/solid/polyMesh";
    object      faceProcAddressing;
}
// * * * * * * * * * * * * * * * * * * * * * * * * * * * * * * * * * * * * * //


239
(
1
2
3
4
5
6
7
8
9
10
11
12
14
15
30
32
33
35
36
38
39
40
41
43
44
68
70
73
281
282
283
284
285
286
287
288
289
290
291
292
294
295
310
312
313
315
316
318
319
320
321
323
324
348
350
353
561
562
563
564
565
566
567
568
569
570
571
572
574
575
590
592
593
595
596
598
599
600
601
603
604
628
630
633
841
842
843
844
845
846
847
848
849
850
851
852
854
855
870
872
873
875
876
877
878
879
880
881
883
884
905
907
908
910
913
1121
1122
1124
1125
1127
1128
1130
1131
1134
1150
1153
1156
1157
1159
1160
1163
1185
1188
2701
2702
2711
2712
2721
2722
2731
2732
2733
2741
2742
2743
2801
2802
2811
2812
2821
2822
2831
2832
2841
2842
3101
3102
3103
3104
3105
3111
3112
3113
3114
3115
3121
3122
3123
3124
3125
3131
3132
3133
3134
3135
3141
3142
3143
3144
3145
13
42
71
293
322
351
573
602
631
853
882
911
1133
1162
1191
31
34
37
-65
69
72
311
314
317
-345
349
352
591
594
597
-625
-627
629
632
871
874
-902
906
909
912
1151
1154
-1182
1186
1189
1192
1132
1135
1161
1164
1190
1193
1123
1126
1129
1152
1155
1158
1187
)


// ************************************************************************* //
