/*--------------------------------*- C++ -*----------------------------------*\
| =========                 |                                                 |
| \\      /  F ield         | OpenFOAM: The Open Source CFD Toolbox           |
|  \\    /   O peration     | Version:  2412                                  |
|   \\  /    A nd           | Website:  www.openfoam.com                      |
|    \\/     M anipulation  |                                                 |
\*---------------------------------------------------------------------------*/
FoamFile
{
    version     2.0;
    format      ascii;
    arch        "LSB;label=32;scalar=64";
    class       faceList;
    location    "constant/solid/polyMesh";
    object      faces;
}
// * * * * * * * * * * * * * * * * * * * * * * * * * * * * * * * * * * * * * //


239
(
4(18 48 61 23)
4(6 8 61 48)
4(1 23 61 8)
4(19 49 62 24)
4(48 61 62 49)
4(23 24 62 61)
4(20 50 63 25)
4(49 62 63 50)
4(24 25 63 62)
4(21 51 64 26)
4(50 63 64 51)
4(25 26 64 63)
4(51 64 65 52)
4(26 27 65 64)
4(48 53 66 61)
4(8 61 66 9)
4(49 54 67 62)
4(61 62 67 66)
4(50 55 68 63)
4(62 63 68 67)
4(51 56 69 64)
4(55 68 69 56)
4(63 64 69 68)
4(56 69 70 57)
4(64 65 70 69)
4(56 59 72 69)
4(68 69 72 71)
4(69 70 73 72)
4(23 61 74 28)
4(8 10 74 61)
4(2 28 74 10)
4(24 62 75 29)
4(61 74 75 62)
4(28 29 75 74)
4(25 63 76 30)
4(62 75 76 63)
4(29 30 76 75)
4(26 64 77 31)
4(63 76 77 64)
4(30 31 77 76)
4(64 77 78 65)
4(31 32 78 77)
4(61 66 79 74)
4(10 74 79 11)
4(62 67 80 75)
4(74 75 80 79)
4(63 68 81 76)
4(75 76 81 80)
4(64 69 82 77)
4(68 81 82 69)
4(76 77 82 81)
4(69 82 83 70)
4(77 78 83 82)
4(69 72 85 82)
4(81 82 85 84)
4(82 83 86 85)
4(28 74 87 33)
4(10 12 87 74)
4(3 33 87 12)
4(29 75 88 34)
4(74 87 88 75)
4(33 34 88 87)
4(30 76 89 35)
4(75 88 89 76)
4(34 35 89 88)
4(31 77 90 36)
4(76 89 90 77)
4(35 36 90 89)
4(77 90 91 78)
4(36 37 91 90)
4(74 79 92 87)
4(12 87 92 13)
4(75 80 93 88)
4(87 88 93 92)
4(76 81 94 89)
4(88 89 94 93)
4(77 82 95 90)
4(81 94 95 82)
4(89 90 95 94)
4(82 95 96 83)
4(90 91 96 95)
4(82 85 99 95)
4(94 95 99 98)
4(95 96 100 99)
4(33 87 101 38)
4(12 14 101 87)
4(4 38 101 14)
4(34 88 102 39)
4(87 101 102 88)
4(38 39 102 101)
4(35 89 103 40)
4(88 102 103 89)
4(39 40 103 102)
4(36 90 104 41)
4(89 103 104 90)
4(40 41 104 103)
4(90 104 105 91)
4(41 42 105 104)
4(87 92 106 101)
4(14 101 106 15)
4(88 93 107 102)
4(101 102 107 106)
4(89 94 108 103)
4(93 107 108 94)
4(102 103 108 107)
4(90 95 109 104)
4(94 108 109 95)
4(103 104 109 108)
4(95 109 110 96)
4(104 105 110 109)
4(94 98 112 108)
4(107 108 112 111)
4(95 99 113 109)
4(108 109 113 112)
4(109 110 114 113)
4(38 101 115 43)
4(14 16 115 101)
4(39 102 116 44)
4(101 115 116 102)
4(40 103 117 45)
4(102 116 117 103)
4(41 104 118 46)
4(103 117 118 104)
4(104 118 119 105)
4(101 106 120 115)
4(102 107 121 116)
4(103 108 122 117)
4(107 121 122 108)
4(104 109 123 118)
4(108 122 123 109)
4(109 123 124 110)
4(108 112 126 122)
4(109 113 127 123)
4(0 6 48 18)
4(6 7 53 48)
4(18 48 49 19)
4(48 53 54 49)
4(19 49 50 20)
4(49 54 55 50)
4(20 50 51 21)
4(50 55 56 51)
4(55 58 59 56)
4(21 51 52 22)
4(51 56 57 52)
4(56 59 60 57)
4(0 1 8 6)
4(6 8 9 7)
4(1 2 10 8)
4(8 10 11 9)
4(2 3 12 10)
4(10 12 13 11)
4(3 4 14 12)
4(12 14 15 13)
4(4 5 16 14)
4(14 16 17 15)
4(0 18 23 1)
4(18 19 24 23)
4(19 20 25 24)
4(20 21 26 25)
4(21 22 27 26)
4(1 23 28 2)
4(23 24 29 28)
4(24 25 30 29)
4(25 26 31 30)
4(26 27 32 31)
4(2 28 33 3)
4(28 29 34 33)
4(29 30 35 34)
4(30 31 36 35)
4(31 32 37 36)
4(3 33 38 4)
4(33 34 39 38)
4(34 35 40 39)
4(35 36 41 40)
4(36 37 42 41)
4(4 38 43 5)
4(38 39 44 43)
4(39 40 45 44)
4(40 41 46 45)
4(41 42 47 46)
4(22 52 65 27)
4(52 57 70 65)
4(57 60 73 70)
4(27 65 78 32)
4(65 70 83 78)
4(70 73 86 83)
4(32 78 91 37)
4(78 83 96 91)
4(83 86 100 96)
4(37 91 105 42)
4(91 96 110 105)
4(96 100 114 110)
4(42 105 119 47)
4(105 110 124 119)
4(110 114 128 124)
4(7 9 66 53)
4(53 66 67 54)
4(54 67 68 55)
4(55 68 71 58)
4(58 71 72 59)
4(59 72 73 60)
4(9 11 79 66)
4(66 79 80 67)
4(67 80 81 68)
4(68 81 84 71)
4(71 84 85 72)
4(72 85 86 73)
4(11 13 92 79)
4(79 92 93 80)
4(80 93 94 81)
4(81 94 98 84)
4(93 97 98 94)
4(84 98 99 85)
4(85 99 100 86)
4(13 15 106 92)
4(92 106 107 93)
4(93 107 111 97)
4(97 111 112 98)
4(98 112 113 99)
4(99 113 114 100)
4(15 17 120 106)
4(106 120 121 107)
4(107 121 125 111)
4(111 125 126 112)
4(112 126 127 113)
4(113 127 128 114)
4(45 46 118 117)
4(46 47 119 118)
4(117 118 123 122)
4(118 119 124 123)
4(122 123 127 126)
4(123 124 128 127)
4(5 43 115 16)
4(43 44 116 115)
4(44 45 117 116)
4(16 115 120 17)
4(115 116 121 120)
4(116 117 122 121)
4(121 122 126 125)
)


// ************************************************************************* //
