/*--------------------------------*- C++ -*----------------------------------*\
| =========                 |                                                 |
| \\      /  F ield         | OpenFOAM: The Open Source CFD Toolbox           |
|  \\    /   O peration     | Version:  2412                                  |
|   \\  /    A nd           | Website:  www.openfoam.com                      |
|    \\/     M anipulation  |                                                 |
\*---------------------------------------------------------------------------*/
FoamFile
{
    version     2.0;
    format      ascii;
    arch        "LSB;label=32;scalar=64";
    class       volScalarField;
    location    "5/solid";
    object      T;
}
// * * * * * * * * * * * * * * * * * * * * * * * * * * * * * * * * * * * * * //

dimensions      [0 0 0 1 0 0 0];

internalField   nonuniform List<scalar> 
1000
(
352.511
352.521
352.526
352.529
352.53
352.531
352.531
352.53
352.529
352.526
352.517
352.524
352.529
352.531
352.533
352.533
352.533
352.533
352.532
352.53
352.52
352.526
352.53
352.532
352.533
352.534
352.534
352.534
352.533
352.531
352.522
352.528
352.531
352.533
352.534
352.535
352.535
352.535
352.534
352.532
352.523
352.528
352.531
352.533
352.534
352.535
352.535
352.535
352.534
352.532
352.523
352.528
352.531
352.533
352.534
352.535
352.535
352.535
352.534
352.532
352.522
352.528
352.531
352.533
352.534
352.535
352.535
352.535
352.534
352.532
352.52
352.526
352.53
352.532
352.534
352.534
352.535
352.534
352.533
352.531
352.517
352.524
352.529
352.531
352.533
352.533
352.534
352.533
352.532
352.53
352.511
352.521
352.526
352.529
352.531
352.531
352.531
352.531
352.53
352.527
351.562
351.582
351.595
351.603
351.607
351.609
351.609
351.608
351.604
351.599
351.574
351.589
351.599
351.606
351.61
351.612
351.613
351.612
351.609
351.604
351.581
351.594
351.602
351.608
351.612
351.615
351.615
351.614
351.612
351.608
351.585
351.596
351.605
351.61
351.614
351.616
351.617
351.616
351.614
351.609
351.587
351.598
351.606
351.611
351.614
351.617
351.617
351.617
351.614
351.61
351.586
351.598
351.605
351.611
351.614
351.617
351.617
351.617
351.615
351.61
351.585
351.596
351.605
351.61
351.614
351.616
351.617
351.616
351.614
351.609
351.581
351.594
351.603
351.609
351.613
351.615
351.616
351.615
351.613
351.608
351.574
351.589
351.599
351.606
351.611
351.613
351.614
351.613
351.61
351.605
351.562
351.582
351.595
351.603
351.607
351.61
351.61
351.609
351.606
351.6
350.66
350.684
350.701
350.713
350.719
350.723
350.724
350.722
350.717
350.71
350.673
350.693
350.707
350.717
350.723
350.727
350.728
350.726
350.722
350.716
350.682
350.699
350.711
350.72
350.726
350.73
350.731
350.73
350.726
350.72
350.687
350.703
350.714
350.723
350.728
350.732
350.733
350.732
350.729
350.723
350.69
350.705
350.716
350.724
350.729
350.733
350.734
350.733
350.73
350.724
350.69
350.704
350.716
350.724
350.729
350.733
350.734
350.733
350.73
350.724
350.687
350.703
350.714
350.723
350.728
350.732
350.733
350.733
350.729
350.723
350.682
350.699
350.711
350.721
350.727
350.73
350.732
350.731
350.727
350.721
350.674
350.693
350.707
350.717
350.724
350.728
350.729
350.728
350.724
350.717
350.66
350.684
350.702
350.713
350.72
350.724
350.725
350.724
350.719
350.711
349.821
349.847
349.867
349.881
349.889
349.894
349.895
349.893
349.888
349.879
349.835
349.857
349.873
349.886
349.894
349.898
349.9
349.898
349.893
349.886
349.845
349.863
349.878
349.889
349.897
349.902
349.903
349.902
349.898
349.891
349.851
349.868
349.882
349.892
349.899
349.904
349.906
349.905
349.901
349.894
349.853
349.87
349.883
349.894
349.901
349.905
349.907
349.906
349.902
349.895
349.853
349.87
349.883
349.894
349.901
349.905
349.907
349.906
349.903
349.895
349.851
349.868
349.882
349.892
349.9
349.904
349.906
349.906
349.902
349.894
349.845
349.864
349.879
349.89
349.897
349.902
349.904
349.903
349.899
349.891
349.836
349.857
349.874
349.886
349.894
349.899
349.901
349.9
349.896
349.887
349.821
349.848
349.868
349.881
349.89
349.895
349.897
349.896
349.89
349.88
349.062
349.09
349.111
349.126
349.136
349.142
349.144
349.142
349.136
349.126
349.077
349.099
349.118
349.131
349.141
349.146
349.149
349.147
349.142
349.134
349.087
349.107
349.123
349.136
349.144
349.15
349.152
349.151
349.147
349.139
349.093
349.112
349.127
349.139
349.147
349.152
349.155
349.154
349.15
349.143
349.096
349.114
349.129
349.14
349.148
349.154
349.156
349.156
349.152
349.144
349.096
349.114
349.129
349.14
349.148
349.154
349.156
349.156
349.152
349.145
349.093
349.112
349.127
349.139
349.147
349.153
349.156
349.155
349.151
349.143
349.088
349.107
349.124
349.136
349.145
349.151
349.153
349.153
349.149
349.14
349.078
349.1
349.118
349.132
349.142
349.148
349.15
349.15
349.145
349.136
349.063
349.091
349.112
349.127
349.137
349.144
349.146
349.145
349.139
349.128
348.401
348.429
348.451
348.467
348.478
348.485
348.487
348.485
348.48
348.47
348.416
348.439
348.458
348.473
348.483
348.49
348.492
348.491
348.486
348.478
348.426
348.446
348.463
348.477
348.487
348.493
348.496
348.495
348.491
348.484
348.432
348.451
348.467
348.48
348.49
348.496
348.499
348.498
348.495
348.488
348.435
348.453
348.469
348.482
348.491
348.497
348.5
348.5
348.496
348.49
348.435
348.454
348.469
348.482
348.491
348.498
348.501
348.501
348.497
348.49
348.432
348.451
348.468
348.481
348.49
348.497
348.5
348.5
348.496
348.488
348.426
348.447
348.464
348.478
348.488
348.494
348.498
348.497
348.493
348.485
348.416
348.439
348.458
348.473
348.484
348.491
348.494
348.494
348.49
348.481
348.401
348.43
348.452
348.469
348.48
348.487
348.49
348.489
348.484
348.474
347.851
347.879
347.902
347.919
347.931
347.938
347.941
347.94
347.934
347.925
347.866
347.889
347.909
347.925
347.936
347.943
347.947
347.945
347.941
347.933
347.876
347.896
347.914
347.929
347.94
347.948
347.951
347.95
347.946
347.94
347.882
347.901
347.918
347.933
347.943
347.95
347.954
347.953
347.95
347.944
347.885
347.904
347.92
347.934
347.945
347.952
347.955
347.955
347.952
347.945
347.885
347.904
347.92
347.934
347.945
347.952
347.956
347.956
347.952
347.945
347.882
347.902
347.919
347.933
347.943
347.951
347.955
347.955
347.951
347.944
347.876
347.897
347.915
347.93
347.941
347.948
347.952
347.952
347.949
347.941
347.866
347.889
347.909
347.925
347.937
347.945
347.949
347.949
347.945
347.937
347.851
347.879
347.903
347.92
347.933
347.941
347.945
347.945
347.94
347.93
347.422
347.451
347.475
347.494
347.507
347.515
347.519
347.517
347.512
347.503
347.437
347.461
347.483
347.5
347.513
347.521
347.524
347.523
347.519
347.511
347.448
347.469
347.489
347.505
347.517
347.525
347.528
347.528
347.524
347.518
347.454
347.475
347.493
347.509
347.52
347.528
347.531
347.531
347.528
347.522
347.457
347.477
347.495
347.51
347.522
347.529
347.533
347.533
347.53
347.524
347.457
347.477
347.495
347.51
347.521
347.529
347.533
347.534
347.531
347.524
347.454
347.475
347.493
347.509
347.52
347.528
347.533
347.533
347.53
347.523
347.448
347.469
347.489
347.505
347.517
347.526
347.53
347.531
347.528
347.521
347.437
347.461
347.483
347.501
347.514
347.522
347.527
347.527
347.524
347.517
347.422
347.451
347.476
347.496
347.509
347.518
347.523
347.523
347.519
347.51
347.124
347.155
347.182
347.202
347.216
347.225
347.229
347.227
347.222
347.213
347.14
347.166
347.19
347.209
347.222
347.231
347.235
347.233
347.229
347.222
347.151
347.175
347.196
347.214
347.227
347.235
347.239
347.238
347.235
347.228
347.158
347.181
347.201
347.218
347.231
347.239
347.242
347.242
347.239
347.232
347.161
347.183
347.203
347.22
347.232
347.24
347.244
347.244
347.241
347.235
347.161
347.183
347.204
347.22
347.232
347.24
347.245
347.245
347.242
347.235
347.158
347.181
347.202
347.218
347.231
347.239
347.244
347.244
347.241
347.234
347.151
347.175
347.197
347.215
347.228
347.236
347.241
347.242
347.239
347.232
347.14
347.166
347.191
347.21
347.224
347.233
347.238
347.239
347.236
347.229
347.124
347.155
347.183
347.204
347.219
347.228
347.234
347.234
347.231
347.223
346.963
346.996
347.027
347.05
347.065
347.075
347.078
347.076
347.07
347.061
346.98
347.01
347.037
347.058
347.072
347.081
347.085
347.084
347.078
347.07
346.991
347.021
347.045
347.065
347.078
347.087
347.09
347.089
347.085
347.077
346.999
347.027
347.05
347.069
347.082
347.09
347.094
347.093
347.089
347.082
347.002
347.03
347.052
347.07
347.083
347.091
347.095
347.095
347.092
347.084
347.002
347.03
347.053
347.07
347.083
347.091
347.096
347.096
347.093
347.085
346.999
347.027
347.05
347.069
347.082
347.09
347.095
347.095
347.092
347.085
346.992
347.021
347.046
347.065
347.078
347.087
347.092
347.093
347.09
347.083
346.98
347.011
347.039
347.06
347.074
347.083
347.089
347.09
347.086
347.079
346.963
346.997
347.029
347.053
347.068
347.078
347.084
347.084
347.081
347.073
)
;

boundaryField
{
    bodyBottom
    {
        type            fixedValue;
        value           uniform 353;
    }
    solid_to_fluid
    {
        type            compressible::turbulentTemperatureCoupledBaffleMixed;
        refValue        nonuniform List<scalar> 
500
(
323.326
328.013
330.043
331.218
331.805
331.806
331.218
330.041
328.01
323.338
312.66
317.51
321.502
323.639
324.585
324.589
323.646
321.509
317.516
312.672
307.849
311.591
314.747
316.429
317.171
317.177
316.437
314.755
311.599
307.862
306.638
309.989
312.744
314.147
314.749
314.756
314.156
312.752
309.999
306.652
306.324
309.579
312.208
313.512
314.072
314.08
313.522
312.218
309.591
306.34
306.422
309.723
312.388
313.692
314.253
314.263
313.704
312.401
309.736
306.44
306.424
309.699
312.37
313.653
314.203
314.214
313.667
312.385
309.714
306.443
305.92
308.971
311.488
312.667
313.162
313.175
312.685
311.507
308.99
305.942
304.565
307.112
309.248
310.238
310.648
310.663
310.262
309.277
307.139
304.592
302.784
304.642
306.231
306.944
307.228
307.243
306.971
306.264
304.674
302.814
324.297
338.153
340.995
343.826
342.603
342.299
341.464
340.56
339.587
338.412
315.756
337.775
342.214
344.31
343.799
343.392
342.464
341.344
340.125
337.982
311.548
334.971
341.588
343.438
343.051
342.775
341.86
340.798
339.292
334.795
310.311
334.179
340.692
342.121
341.833
341.826
340.879
339.857
337.76
331.137
309.89
333.65
339.562
340.845
340.432
340.489
339.574
338.696
336.227
328.944
309.865
333.251
338.837
340.075
339.679
339.784
338.93
338.088
335.592
328.388
309.781
332.515
338.462
339.71
339.463
339.565
338.758
337.808
335.589
328.813
309.342
331.164
338.502
339.961
339.976
339.93
339.205
338.016
336.089
330.204
308.301
327.794
337.614
339.398
340.05
339.912
339.3
338.398
336.33
331.93
306.698
319.588
331.979
336.376
336.924
337.548
337.984
337.48
335.506
331.886
343.013
344.71
344.831
344.584
344.258
343.903
343.509
343.361
343.365
342.366
339.818
341.79
341.71
341.255
340.644
339.927
339.071
338.613
338.339
336.839
335.093
337.399
337.721
337.099
336.043
334.704
333.061
331.998
331.558
330.132
331.193
333.619
334.096
333.553
332.565
331.264
329.59
328.145
327.305
325.677
329.515
332.125
332.874
332.564
331.735
330.507
328.863
326.953
325.64
323.762
329.576
332.3
333.16
332.879
332.02
330.73
329.035
327.045
325.488
323.516
330.053
332.728
333.544
333.191
332.25
330.9
329.209
327.373
325.874
324.03
330.697
333.188
333.847
333.381
332.388
331.066
329.514
328.024
326.93
325.494
331.226
333.269
333.6
332.975
331.994
330.838
329.628
328.767
328.559
328.043
330.76
332.004
331.801
330.938
329.978
329.047
328.278
328.212
329.293
330.352
324.275
338.146
340.978
343.745
342.513
342.195
341.37
340.428
339.229
337.6
315.731
337.75
342.066
344.081
343.469
343.047
342.083
340.989
339.871
338.211
311.517
334.797
341.224
342.958
342.476
342.246
341.369
340.476
339.444
336.565
310.276
333.92
340.264
341.581
341.242
341.356
340.569
339.878
338.625
334.122
309.851
333.337
339.107
340.283
339.904
340.215
339.468
338.941
337.548
332.43
309.824
332.889
338.304
339.443
339.103
339.494
338.82
338.321
336.918
331.969
309.739
332.104
337.772
338.885
338.612
338.866
338.251
337.637
336.437
331.91
309.3
330.768
337.631
338.734
338.615
338.608
338.062
337.218
335.948
331.947
308.26
327.652
337.02
338.207
338.476
338.101
337.634
336.797
334.801
331.507
306.66
319.581
332.457
335.983
335.884
336.607
336.357
334.7
332.517
329.39
306.793
320.137
331.378
333.929
334.297
335.063
335.277
334.598
333.141
330.09
308.552
329.137
337.219
338.787
338.819
338.831
338.528
337.583
335.55
331.685
309.802
333.011
339.237
340.846
340.651
340.212
339.456
338.245
336.154
332.784
310.408
334.398
338.865
340.692
340.736
340.304
339.556
338.395
336.799
333.195
310.669
334.811
337.81
339.352
339.8
339.693
339.311
338.617
337.533
333.328
310.706
334.921
337.082
338.522
339.07
339.176
339.124
338.878
338.033
333.343
310.468
334.07
337.057
338.495
338.992
339.061
339.071
338.832
338.078
333.333
309.886
333.088
337.915
339.346
339.273
339.302
339.137
338.535
337.651
333.493
308.648
330.104
338.049
339.448
339.347
339.215
338.795
337.883
336.51
333.409
306.885
320.818
333.866
335.384
335.609
336.13
336.171
335.525
333.82
331.027
)
;
        refGradient     uniform 0;
        valueFraction   nonuniform List<scalar> 
500
(
0.000301416
0.000301416
0.000301416
0.000301416
0.000301416
0.000301416
0.000301416
0.000301416
0.000301416
0.000301416
0.000301416
0.000301416
0.000301416
0.000301416
0.000301416
0.000301416
0.000301416
0.000301416
0.000301416
0.000301416
0.000301416
0.000301416
0.000301416
0.000301416
0.000301416
0.000301416
0.000301416
0.000301416
0.000301416
0.000301416
0.000301416
0.000301416
0.000301416
0.000301416
0.000301416
0.000301416
0.000301416
0.000301416
0.000301416
0.000301416
0.000301416
0.000301416
0.000301416
0.000301416
0.000301416
0.000301416
0.000301416
0.000301416
0.000301416
0.000301416
0.000301416
0.000301416
0.000301416
0.000301416
0.000301416
0.000301416
0.000301416
0.000301416
0.000301416
0.000301416
0.000301416
0.000301416
0.000301416
0.000301416
0.000301416
0.000301416
0.000301416
0.000301416
0.000301416
0.000301416
0.000301416
0.000301416
0.000301416
0.000301416
0.000301416
0.000301416
0.000301416
0.000301416
0.000301416
0.000301416
0.000301416
0.000301416
0.000301416
0.000301416
0.000301416
0.000301416
0.000301416
0.000301416
0.000301416
0.000301416
0.000301416
0.000301416
0.000301416
0.000301416
0.000301416
0.000301416
0.000301416
0.000301416
0.000301416
0.000301416
0.000302436
0.000302436
0.000302436
0.000302436
0.000302436
0.000302436
0.000302436
0.000302436
0.000302436
0.000302436
0.000302436
0.000302436
0.000302436
0.000302436
0.000302436
0.000302436
0.000302436
0.000302436
0.000302436
0.000302436
0.000302436
0.000302436
0.000302436
0.000302436
0.000302436
0.000302436
0.000302436
0.000302436
0.000302436
0.000302436
0.000302436
0.000302436
0.000302436
0.000302436
0.000302436
0.000302436
0.000302436
0.000302436
0.000302436
0.000302436
0.000302436
0.000302436
0.000302436
0.000302436
0.000302436
0.000302436
0.000302436
0.000302436
0.000302436
0.000302436
0.000302436
0.000302436
0.000302436
0.000302436
0.000302436
0.000302436
0.000302436
0.000302436
0.000302436
0.000302436
0.000302436
0.000302436
0.000302436
0.000302436
0.000302436
0.000302436
0.000302436
0.000302436
0.000302436
0.000302436
0.000302436
0.000302436
0.000302436
0.000302436
0.000302436
0.000302436
0.000302436
0.000302436
0.000302436
0.000302436
0.000302436
0.000302436
0.000302436
0.000302436
0.000302436
0.000302436
0.000302436
0.000302436
0.000302436
0.000302436
0.000302436
0.000302436
0.000302436
0.000302436
0.000302436
0.000302436
0.000302436
0.000302436
0.000302436
0.000302436
0.000300478
0.000300478
0.000300478
0.000300478
0.000300478
0.000300478
0.000300478
0.000300478
0.000300478
0.000300478
0.000300478
0.000300478
0.000300478
0.000300478
0.000300478
0.000300478
0.000300478
0.000300478
0.000300478
0.000300478
0.000300478
0.000300478
0.000300478
0.000300478
0.000300478
0.000300478
0.000300478
0.000300478
0.000300478
0.000300478
0.000300478
0.000300478
0.000300478
0.000300478
0.000300478
0.000300478
0.000300478
0.000300478
0.000300478
0.000300478
0.000300478
0.000300478
0.000300478
0.000300478
0.000300478
0.000300478
0.000300478
0.000300478
0.000300478
0.000300478
0.000300478
0.000300478
0.000300478
0.000300478
0.000300478
0.000300478
0.000300478
0.000300478
0.000300478
0.000300478
0.000300478
0.000300478
0.000300478
0.000300478
0.000300478
0.000300478
0.000300478
0.000300478
0.000300478
0.000300478
0.000300478
0.000300478
0.000300478
0.000300478
0.000300478
0.000300478
0.000300478
0.000300478
0.000300478
0.000300478
0.000300478
0.000300478
0.000300478
0.000300478
0.000300478
0.000300478
0.000300478
0.000300478
0.000300478
0.000300478
0.000300478
0.000300478
0.000300478
0.000300478
0.000300478
0.000300478
0.000300478
0.000300478
0.000300478
0.000300478
0.000302436
0.000302436
0.000302436
0.000302436
0.000302436
0.000302436
0.000302436
0.000302436
0.000302436
0.000302436
0.000302436
0.000302436
0.000302436
0.000302436
0.000302436
0.000302436
0.000302436
0.000302436
0.000302436
0.000302436
0.000302436
0.000302436
0.000302436
0.000302436
0.000302436
0.000302436
0.000302436
0.000302436
0.000302436
0.000302436
0.000302436
0.000302436
0.000302436
0.000302436
0.000302436
0.000302436
0.000302436
0.000302436
0.000302436
0.000302436
0.000302436
0.000302436
0.000302436
0.000302436
0.000302436
0.000302436
0.000302436
0.000302436
0.000302436
0.000302436
0.000302436
0.000302436
0.000302436
0.000302436
0.000302436
0.000302436
0.000302436
0.000302436
0.000302436
0.000302436
0.000302436
0.000302436
0.000302436
0.000302436
0.000302436
0.000302436
0.000302436
0.000302436
0.000302436
0.000302436
0.000302436
0.000302436
0.000302436
0.000302436
0.000302436
0.000302436
0.000302436
0.000302436
0.000302436
0.000302436
0.000302436
0.000302436
0.000302436
0.000302436
0.000302436
0.000302436
0.000302436
0.000302436
0.000302436
0.000302436
0.000302436
0.000302436
0.000302436
0.000302436
0.000302436
0.000302436
0.000302436
0.000302436
0.000302436
0.000302436
0.000301115
0.000301115
0.000301115
0.000301115
0.000301115
0.000301115
0.000301115
0.000301115
0.000301115
0.000301115
0.000301115
0.000301115
0.000301115
0.000301115
0.000301115
0.000301115
0.000301115
0.000301115
0.000301115
0.000301115
0.000301115
0.000301115
0.000301115
0.000301115
0.000301115
0.000301115
0.000301115
0.000301115
0.000301115
0.000301115
0.000301115
0.000301115
0.000301115
0.000301115
0.000301115
0.000301115
0.000301115
0.000301115
0.000301115
0.000301115
0.000301115
0.000301115
0.000301115
0.000301115
0.000301115
0.000301115
0.000301115
0.000301115
0.000301115
0.000301115
0.000301115
0.000301115
0.000301115
0.000301115
0.000301115
0.000301115
0.000301115
0.000301115
0.000301115
0.000301115
0.000301115
0.000301115
0.000301115
0.000301115
0.000301115
0.000301115
0.000301115
0.000301115
0.000301115
0.000301115
0.000301115
0.000301115
0.000301115
0.000301115
0.000301115
0.000301115
0.000301115
0.000301115
0.000301115
0.000301115
0.000301115
0.000301115
0.000301115
0.000301115
0.000301115
0.000301115
0.000301115
0.000301115
0.000301115
0.000301115
0.000301115
0.000301115
0.000301115
0.000301115
0.000301115
0.000301115
0.000301115
0.000301115
0.000301115
0.000301115
)
;
        source          uniform 0;
        Tnbr            T;
        kappaMethod     solidThermo;
        value           nonuniform List<scalar> 
500
(
352.502
352.51
352.514
352.515
352.516
352.516
352.515
352.514
352.51
352.502
351.55
351.564
351.572
351.576
351.578
351.578
351.576
351.572
351.564
351.55
350.646
350.661
350.671
350.677
350.679
350.679
350.677
350.671
350.662
350.647
349.807
349.823
349.833
349.839
349.842
349.842
349.84
349.834
349.823
349.808
349.049
349.065
349.076
349.082
349.085
349.085
349.082
349.076
349.065
349.05
348.388
348.404
348.415
348.421
348.424
348.424
348.422
348.415
348.404
348.388
347.838
347.854
347.865
347.871
347.874
347.874
347.871
347.865
347.854
347.838
347.409
347.425
347.436
347.443
347.446
347.446
347.443
347.436
347.425
347.409
347.111
347.127
347.139
347.146
347.149
347.149
347.146
347.139
347.127
347.111
346.949
346.966
346.979
346.986
346.989
346.989
346.986
346.979
346.967
346.949
352.502
352.516
352.522
352.526
352.528
352.528
352.528
352.527
352.526
352.523
351.551
351.578
351.592
351.6
351.605
351.607
351.607
351.606
351.602
351.596
350.648
350.679
350.699
350.711
350.718
350.721
350.722
350.721
350.716
350.706
349.809
349.843
349.865
349.879
349.887
349.893
349.894
349.893
349.886
349.874
349.051
349.086
349.109
349.124
349.134
349.141
349.143
349.141
349.135
349.122
348.389
348.425
348.449
348.465
348.477
348.484
348.487
348.486
348.48
348.467
347.839
347.874
347.899
347.917
347.93
347.938
347.942
347.941
347.936
347.924
347.41
347.446
347.473
347.493
347.506
347.515
347.52
347.52
347.515
347.505
347.112
347.149
347.18
347.201
347.216
347.226
347.231
347.231
347.227
347.218
346.95
346.988
347.024
347.049
347.064
347.075
347.08
347.081
347.077
347.068
352.523
352.527
352.529
352.529
352.529
352.529
352.529
352.528
352.527
352.524
351.595
351.601
351.604
351.606
351.607
351.606
351.605
351.604
351.601
351.596
350.705
350.712
350.716
350.719
350.719
350.719
350.717
350.715
350.711
350.705
349.873
349.881
349.886
349.889
349.89
349.889
349.888
349.884
349.88
349.873
349.12
349.128
349.134
349.138
349.139
349.139
349.137
349.133
349.128
349.12
348.464
348.473
348.479
348.483
348.484
348.484
348.482
348.478
348.474
348.466
347.919
347.928
347.935
347.939
347.94
347.94
347.938
347.935
347.93
347.923
347.498
347.507
347.513
347.517
347.519
347.519
347.517
347.514
347.51
347.503
347.208
347.217
347.223
347.228
347.229
347.23
347.229
347.226
347.223
347.216
347.055
347.065
347.072
347.076
347.078
347.079
347.078
347.076
347.073
347.067
352.502
352.516
352.522
352.526
352.527
352.528
352.528
352.527
352.525
352.522
351.551
351.578
351.592
351.6
351.604
351.606
351.606
351.604
351.601
351.595
350.648
350.679
350.698
350.71
350.717
350.72
350.721
350.718
350.713
350.705
349.808
349.842
349.864
349.878
349.886
349.891
349.892
349.89
349.884
349.873
349.05
349.085
349.108
349.123
349.133
349.139
349.14
349.138
349.132
349.121
348.389
348.424
348.447
348.464
348.475
348.482
348.484
348.482
348.476
348.465
347.838
347.873
347.898
347.916
347.928
347.935
347.938
347.936
347.93
347.92
347.41
347.445
347.472
347.491
347.504
347.512
347.515
347.513
347.508
347.498
347.112
347.148
347.178
347.199
347.213
347.222
347.225
347.223
347.217
347.208
346.95
346.987
347.022
347.046
347.061
347.071
347.074
347.072
347.065
347.055
346.95
346.988
347.022
347.045
347.061
347.07
347.074
347.072
347.065
347.055
346.968
347.004
347.034
347.055
347.069
347.078
347.082
347.08
347.074
347.065
346.98
347.016
347.042
347.062
347.076
347.084
347.088
347.086
347.081
347.072
346.987
347.023
347.047
347.066
347.079
347.087
347.091
347.09
347.086
347.077
346.99
347.025
347.049
347.068
347.08
347.089
347.093
347.092
347.088
347.079
346.99
347.026
347.049
347.067
347.08
347.088
347.093
347.093
347.089
347.08
346.987
347.023
347.047
347.065
347.078
347.087
347.092
347.092
347.089
347.08
346.98
347.016
347.042
347.062
347.076
347.084
347.089
347.09
347.087
347.078
346.968
347.005
347.035
347.057
347.071
347.08
347.085
347.086
347.083
347.074
346.95
346.989
347.025
347.048
347.064
347.074
347.08
347.08
347.076
347.068
)
;
    }
}


// ************************************************************************* //
