/*--------------------------------*- C++ -*----------------------------------*\
| =========                 |                                                 |
| \\      /  F ield         | OpenFOAM: The Open Source CFD Toolbox           |
|  \\    /   O peration     | Version:  2412                                  |
|   \\  /    A nd           | Website:  www.openfoam.com                      |
|    \\/     M anipulation  |                                                 |
\*---------------------------------------------------------------------------*/
FoamFile
{
    version     2.0;
    format      ascii;
    arch        "LSB;label=32;scalar=64";
    class       volScalarField;
    location    "5/solid";
    object      wallHeatFlux;
}
// * * * * * * * * * * * * * * * * * * * * * * * * * * * * * * * * * * * * * //

dimensions      [1 0 -3 0 0 0 0];

internalField   uniform 0;

boundaryField
{
    bodyBottom
    {
        type            calculated;
        value           nonuniform List<scalar> 
100
(
100245
99015
98400
97990
97785
97785
97990
98400
99015
100245
98195
97580
97170
96760
96760
96760
96760
97170
97580
98195
97170
96555
96350
96145
96145
96145
96145
96350
96555
97170
96555
96145
95940
95735
95735
95735
95735
95940
96145
96555
96350
95735
95735
95530
95530
95530
95530
95530
95735
96145
96145
95735
95530
95325
95325
95325
95325
95530
95735
96145
96145
95735
95530
95325
95325
95325
95325
95325
95530
96145
96350
95735
95530
95325
95325
95325
95325
95530
95735
96145
96555
95940
95735
95530
95530
95530
95530
95735
95940
96350
97170
96350
96145
95940
95940
95940
95940
96145
96350
96965
)
;
    }
    solid_to_fluid
    {
        type            calculated;
        value           nonuniform List<scalar> 
500
(
-1845
-1435
-1230
-1435
-1435
-1435
-1435
-1230
-1435
-1845
-2460
-2050
-1845
-1845
-1845
-1640
-1845
-1845
-2050
-2460
-2870
-2460
-2255
-2050
-2255
-2255
-2050
-2255
-2460
-2665
-2870
-2460
-2460
-2460
-2255
-2255
-2255
-2255
-2665
-2665
-2665
-2460
-2255
-2255
-2255
-2255
-2255
-2460
-2665
-2665
-2665
-2460
-2255
-2255
-2255
-2255
-2050
-2255
-2460
-2665
-2665
-2460
-2255
-2255
-2255
-2255
-2255
-2255
-2460
-2665
-2665
-2460
-2460
-2255
-2255
-2255
-2255
-2460
-2460
-2665
-2665
-2665
-2460
-2460
-2460
-2460
-2460
-2460
-2665
-2665
-2870
-2870
-2460
-2665
-2665
-2665
-2665
-2665
-2665
-2870
-1845
-1025
-820
-615
-615
-615
-615
-820
-820
-820
-2255
-820
-615
-615
-410
-615
-615
-615
-820
-820
-2460
-1025
-615
-410
-410
-615
-615
-615
-615
-1025
-2460
-1025
-615
-410
-615
-410
-615
-615
-820
-1230
-2460
-1025
-615
-615
-615
-615
-615
-820
-820
-1230
-2460
-1025
-615
-820
-615
-615
-615
-615
-820
-1435
-2460
-1025
-820
-615
-615
-615
-615
-820
-820
-1230
-2460
-1025
-615
-615
-615
-615
-615
-615
-820
-1025
-2460
-1230
-615
-615
-615
-410
-615
-615
-820
-1025
-2665
-1845
-1025
-820
-820
-615
-820
-615
-820
-1025
-615
-615
-410
-615
-615
-615
-615
-615
-615
-615
-820
-615
-820
-615
-615
-820
-820
-820
-820
-820
-1025
-820
-820
-820
-1025
-1025
-1230
-1230
-1230
-1230
-1230
-1025
-1025
-1025
-1025
-1230
-1230
-1435
-1435
-1435
-1230
-1230
-1025
-1025
-1025
-1230
-1230
-1435
-1640
-1640
-1230
-1025
-1025
-1025
-1230
-1230
-1230
-1435
-1435
-1640
-1230
-1025
-1025
-1025
-1025
-1025
-1230
-1230
-1435
-1435
-1025
-820
-1025
-1025
-1025
-1025
-1230
-1435
-1435
-1435
-1025
-1025
-1025
-820
-1230
-1025
-1025
-1230
-1230
-1435
-1230
-1025
-1025
-1230
-1230
-1230
-1435
-1435
-1230
-1230
-1845
-1025
-820
-615
-615
-615
-615
-615
-820
-820
-2255
-820
-615
-615
-615
-615
-615
-820
-615
-820
-2460
-1025
-615
-615
-410
-615
-615
-820
-820
-1025
-2665
-1025
-615
-615
-615
-615
-615
-615
-820
-1230
-2460
-1025
-615
-615
-615
-615
-820
-820
-820
-1025
-2460
-1025
-820
-615
-615
-615
-615
-615
-820
-1025
-2665
-1230
-820
-615
-615
-615
-615
-820
-820
-1025
-2460
-1230
-615
-615
-615
-615
-820
-820
-820
-1025
-2460
-1435
-820
-615
-615
-615
-820
-820
-1025
-1025
-2665
-1845
-1025
-820
-820
-820
-820
-820
-1025
-1230
-2665
-1640
-1025
-1025
-820
-1025
-820
-820
-1025
-1230
-2460
-1230
-615
-615
-615
-615
-615
-820
-820
-1025
-2255
-1025
-615
-615
-410
-615
-410
-615
-820
-1025
-2460
-820
-615
-615
-615
-615
-615
-615
-615
-1025
-2460
-1025
-615
-410
-615
-410
-410
-615
-820
-1025
-2460
-820
-820
-615
-615
-615
-615
-615
-820
-1025
-2460
-820
-615
-820
-820
-615
-615
-615
-615
-1025
-2460
-1025
-820
-615
-410
-615
-615
-615
-615
-1025
-2460
-1230
-820
-615
-615
-615
-820
-820
-615
-1025
-2665
-1640
-820
-1025
-820
-820
-820
-820
-1025
-1025
)
;
    }
}


// ************************************************************************* //
