/*--------------------------------*- C++ -*----------------------------------*\
| =========                 |                                                 |
| \\      /  F ield         | OpenFOAM: The Open Source CFD Toolbox           |
|  \\    /   O peration     | Version:  2412                                  |
|   \\  /    A nd           | Website:  www.openfoam.com                      |
|    \\/     M anipulation  |                                                 |
\*---------------------------------------------------------------------------*/
FoamFile
{
    version     2.0;
    format      ascii;
    arch        "LSB;label=32;scalar=64";
    class       faceList;
    location    "constant/solid/polyMesh";
    object      faces;
}
// * * * * * * * * * * * * * * * * * * * * * * * * * * * * * * * * * * * * * //


239
(
4(42 47 72 67)
4(1 7 72 47)
4(6 67 72 7)
4(43 48 73 68)
4(47 72 73 48)
4(67 68 73 72)
4(44 49 74 69)
4(48 73 74 49)
4(68 69 74 73)
4(45 50 75 70)
4(49 74 75 50)
4(69 70 75 74)
4(50 75 76 51)
4(70 71 76 75)
4(47 52 77 72)
4(2 8 77 52)
4(7 72 77 8)
4(48 53 78 73)
4(52 77 78 53)
4(72 73 78 77)
4(49 54 79 74)
4(53 78 79 54)
4(73 74 79 78)
4(50 55 80 75)
4(54 79 80 55)
4(74 75 80 79)
4(55 80 81 56)
4(75 76 81 80)
4(52 57 82 77)
4(3 9 82 57)
4(8 77 82 9)
4(53 58 83 78)
4(57 82 83 58)
4(77 78 83 82)
4(54 59 84 79)
4(58 83 84 59)
4(78 79 84 83)
4(55 60 85 80)
4(59 84 85 60)
4(79 80 85 84)
4(60 85 86 61)
4(80 81 86 85)
4(57 62 87 82)
4(4 10 87 62)
4(9 82 87 10)
4(58 63 88 83)
4(62 87 88 63)
4(82 83 88 87)
4(59 64 89 84)
4(63 88 89 64)
4(83 84 89 88)
4(60 65 90 85)
4(64 89 90 65)
4(84 85 90 89)
4(65 90 91 66)
4(85 86 91 90)
4(62 24 29 87)
4(10 87 29 11)
4(63 25 30 88)
4(87 88 30 29)
4(64 26 31 89)
4(88 89 31 30)
4(65 27 32 90)
4(89 90 32 31)
4(90 91 33 32)
4(67 72 97 92)
4(7 13 97 72)
4(12 92 97 13)
4(68 73 98 93)
4(72 97 98 73)
4(92 93 98 97)
4(69 74 99 94)
4(73 98 99 74)
4(70 75 100 95)
4(74 99 100 75)
4(75 100 101 76)
4(72 77 102 97)
4(8 14 102 77)
4(13 97 102 14)
4(73 78 103 98)
4(77 102 103 78)
4(97 98 103 102)
4(74 79 104 99)
4(78 103 104 79)
4(75 80 105 100)
4(79 104 105 80)
4(80 105 106 81)
4(77 82 107 102)
4(9 15 107 82)
4(14 102 107 15)
4(78 83 108 103)
4(82 107 108 83)
4(102 103 108 107)
4(79 84 109 104)
4(83 108 109 84)
4(80 85 110 105)
4(84 109 110 85)
4(85 110 111 86)
4(82 87 112 107)
4(10 16 112 87)
4(15 107 112 16)
4(83 88 113 108)
4(87 112 113 88)
4(107 108 113 112)
4(84 89 114 109)
4(88 113 114 89)
4(108 109 114 113)
4(85 90 115 110)
4(89 114 115 90)
4(90 115 116 91)
4(87 29 34 112)
4(16 112 34 17)
4(88 30 35 113)
4(112 113 35 34)
4(89 31 36 114)
4(113 114 36 35)
4(90 32 37 115)
4(92 97 119 117)
4(13 19 119 97)
4(97 119 120 98)
4(97 102 121 119)
4(14 20 121 102)
4(102 121 122 103)
4(102 107 123 121)
4(15 21 123 107)
4(107 123 124 108)
4(107 112 126 123)
4(16 22 126 112)
4(108 113 127 124)
4(112 126 127 113)
4(113 127 128 114)
4(112 34 39 126)
4(113 35 40 127)
4(0 6 7 1)
4(1 7 8 2)
4(2 8 9 3)
4(3 9 10 4)
4(4 10 11 5)
4(6 12 13 7)
4(7 13 14 8)
4(8 14 15 9)
4(9 15 16 10)
4(10 16 17 11)
4(12 18 19 13)
4(13 19 20 14)
4(14 20 21 15)
4(15 21 22 16)
4(16 22 23 17)
4(5 11 29 24)
4(24 29 30 25)
4(25 30 31 26)
4(26 31 32 27)
4(27 32 33 28)
4(11 17 34 29)
4(29 34 35 30)
4(30 35 36 31)
4(31 36 37 32)
4(32 37 38 33)
4(17 23 39 34)
4(34 39 40 35)
4(35 40 41 36)
4(61 66 91 86)
4(66 28 33 91)
4(86 91 116 111)
4(91 33 38 116)
4(46 51 76 71)
4(51 56 81 76)
4(56 61 86 81)
4(71 76 101 96)
4(76 81 106 101)
4(81 86 111 106)
4(43 44 69 68)
4(44 45 70 69)
4(45 46 71 70)
4(68 69 94 93)
4(69 70 95 94)
4(70 71 96 95)
4(0 42 67 6)
4(42 43 68 67)
4(6 67 92 12)
4(67 68 93 92)
4(12 92 117 18)
4(92 93 118 117)
4(0 1 47 42)
4(42 47 48 43)
4(43 48 49 44)
4(44 49 50 45)
4(45 50 51 46)
4(1 2 52 47)
4(47 52 53 48)
4(48 53 54 49)
4(49 54 55 50)
4(50 55 56 51)
4(2 3 57 52)
4(52 57 58 53)
4(53 58 59 54)
4(54 59 60 55)
4(55 60 61 56)
4(3 4 62 57)
4(57 62 63 58)
4(58 63 64 59)
4(59 64 65 60)
4(60 65 66 61)
4(4 5 24 62)
4(62 24 25 63)
4(63 25 26 64)
4(64 26 27 65)
4(65 27 28 66)
4(93 94 99 98)
4(94 95 100 99)
4(95 96 101 100)
4(98 99 104 103)
4(99 100 105 104)
4(100 101 106 105)
4(103 104 109 108)
4(104 105 110 109)
4(105 106 111 110)
4(109 110 115 114)
4(110 111 116 115)
4(114 115 37 36)
4(115 116 38 37)
4(18 117 119 19)
4(93 98 120 118)
4(117 118 120 119)
4(19 119 121 20)
4(98 103 122 120)
4(119 120 122 121)
4(20 121 123 21)
4(103 108 124 122)
4(121 122 124 123)
4(108 109 125 124)
4(21 123 126 22)
4(123 124 127 126)
4(109 114 128 125)
4(124 125 128 127)
4(22 126 39 23)
4(126 127 40 39)
4(114 36 41 128)
4(127 128 41 40)
)


// ************************************************************************* //
