/*--------------------------------*- C++ -*----------------------------------*\
| =========                 |                                                 |
| \\      /  F ield         | OpenFOAM: The Open Source CFD Toolbox           |
|  \\    /   O peration     | Version:  2412                                  |
|   \\  /    A nd           | Website:  www.openfoam.com                      |
|    \\/     M anipulation  |                                                 |
\*---------------------------------------------------------------------------*/
FoamFile
{
    version     2.0;
    format      ascii;
    arch        "LSB;label=32;scalar=64";
    class       labelList;
    location    "constant/solid/polyMesh";
    object      faceProcAddressing;
}
// * * * * * * * * * * * * * * * * * * * * * * * * * * * * * * * * * * * * * //


239
(
1546
1547
1548
1549
1550
1551
1552
1553
1554
1555
1556
1557
1559
1560
1575
1576
1577
1578
1579
1580
1581
1582
1583
1584
1585
1586
1588
1589
1604
1605
1606
1607
1608
1609
1610
1611
1612
1613
1614
1615
1617
1618
1633
1634
1635
1636
1637
1638
1639
1640
1641
1642
1643
1644
1646
1647
1662
1663
1664
1665
1666
1667
1668
1669
1671
1826
1827
1828
1829
1830
1831
1832
1833
1835
1836
1839
1855
1856
1857
1858
1859
1860
1861
1862
1864
1865
1868
1884
1885
1886
1887
1888
1889
1890
1891
1893
1894
1897
1913
1914
1915
1916
1917
1918
1919
1920
1921
1922
1923
1926
1942
1943
1944
1945
1946
1947
1948
2106
2107
2110
2135
2136
2139
2164
2165
2168
2193
2194
2196
2197
2200
2222
2224
2856
2857
2858
2859
2860
2866
2867
2868
2869
2870
2876
2877
2878
2879
2880
2951
2952
2953
2954
2955
2961
2962
2963
2964
2965
2971
2972
2973
1645
1670
1925
1950
1558
1587
1616
1838
1867
1896
-1524
-1527
-1530
-1804
-1807
-1810
-1518
-1521
-1798
-1801
-2078
-2081
-1268
-1271
-1274
-1277
-1280
-1297
-1300
-1303
-1306
-1309
-1326
-1329
-1332
-1335
-1338
-1355
-1358
-1361
-1364
-1367
-1383
-1385
-1387
-1389
-1391
1834
1837
1840
1863
1866
1869
1892
1895
1898
1924
1927
1949
1951
2108
2109
2111
2137
2138
2140
2166
2167
2169
-2171
2195
2198
2199
2201
2223
2225
2226
2227
)


// ************************************************************************* //
