/*--------------------------------*- C++ -*----------------------------------*\
| =========                 |                                                 |
| \\      /  F ield         | OpenFOAM: The Open Source CFD Toolbox           |
|  \\    /   O peration     | Version:  2412                                  |
|   \\  /    A nd           | Website:  www.openfoam.com                      |
|    \\/     M anipulation  |                                                 |
\*---------------------------------------------------------------------------*/
FoamFile
{
    version     2.0;
    format      ascii;
    arch        "LSB;label=32;scalar=64";
    note        "nPoints:129  nCells:62  nFaces:239  nInternalFaces:133";
    class       labelList;
    location    "constant/solid/polyMesh";
    object      owner;
}
// * * * * * * * * * * * * * * * * * * * * * * * * * * * * * * * * * * * * * //


239
(
0
0
0
1
1
1
2
2
2
3
3
3
4
4
5
5
5
6
6
6
7
7
7
8
8
8
9
9
10
10
10
11
11
11
12
12
12
13
13
13
14
14
15
15
15
16
16
16
17
17
17
18
18
18
19
19
20
20
21
21
22
22
23
23
24
25
25
25
26
26
26
27
27
28
28
29
30
30
30
31
31
31
32
32
33
33
34
35
35
35
36
36
36
37
37
38
38
39
40
40
40
41
41
41
42
42
42
43
43
44
45
45
46
46
47
47
48
50
50
51
52
52
53
54
54
55
56
56
57
57
58
59
60
0
5
10
15
20
25
30
35
40
45
50
52
54
56
59
20
21
22
23
24
45
46
47
48
49
59
60
61
19
24
44
49
4
9
14
29
34
39
2
3
4
27
28
29
0
1
25
26
50
51
0
1
2
3
4
5
6
7
8
9
10
11
12
13
14
15
16
17
18
19
20
21
22
23
24
27
28
29
32
33
34
37
38
39
43
44
48
49
50
51
51
52
53
53
54
55
55
58
56
57
58
58
59
60
61
61
)


// ************************************************************************* //
