/*--------------------------------*- C++ -*----------------------------------*\
| =========                 |                                                 |
| \\      /  F ield         | OpenFOAM: The Open Source CFD Toolbox           |
|  \\    /   O peration     | Version:  2412                                  |
|   \\  /    A nd           | Website:  www.openfoam.com                      |
|    \\/     M anipulation  |                                                 |
\*---------------------------------------------------------------------------*/
FoamFile
{
    version     2.0;
    format      ascii;
    arch        "LSB;label=32;scalar=64";
    class       volScalarField;
    location    "1.5/fluid";
    object      wallHeatFlux;
}
// * * * * * * * * * * * * * * * * * * * * * * * * * * * * * * * * * * * * * //

dimensions      [1 0 -3 0 0 0 0];

internalField   uniform 0;

boundaryField
{
    inlet
    {
        type            calculated;
        value           uniform 0;
    }
    outlet
    {
        type            calculated;
        value           uniform 0;
    }
    walls
    {
        type            calculated;
        value           uniform 0;
    }
    fluid_to_solid
    {
        type            calculated;
        value           nonuniform List<scalar> 
500
(
1838.88
1584.96
1475.56
1410.97
1379.02
1379.08
1410.97
1475.62
1584.96
1838.88
2181.61
1939.07
1739.43
1632.43
1585.83
1585.89
1632.37
1739.36
1939.07
2181.61
2162.01
1989.69
1844.56
1767.55
1734.11
1734.05
1767.49
1844.56
1989.75
2162.01
1966.2
1822.99
1705.49
1646.03
1620.94
1620.94
1646.09
1705.62
1823.11
1966.26
1751.42
1622.17
1517.84
1466.35
1444.66
1444.66
1466.48
1517.96
1622.3
1751.48
1557.77
1438.66
1342.37
1295.64
1275.86
1275.92
1295.64
1342.43
1438.66
1557.77
1395.21
1284.82
1194.46
1151
1132.71
1132.71
1151
1194.39
1284.82
1395.15
1286.92
1189.7
1108.85
1070.65
1054.83
1054.77
1070.53
1108.73
1189.51
1286.74
1244.15
1166.21
1099.95
1068.92
1056.13
1056.13
1068.86
1099.83
1166.02
1243.97
1254.04
1198.47
1150.2
1128.26
1119.48
1119.48
1128.2
1150.14
1198.47
1253.98
1768.94
918.239
742.666
563.62
646.228
672.648
741.426
821.987
908.068
991.979
2013.73
782.482
511.959
383.52
418.622
451.305
524.115
618.692
723.006
888.409
1985.26
796.002
437.227
329.688
351.456
370.806
430.653
510.719
620.553
912.534
1807.76
706.262
394.559
315.486
325.657
325.657
371.922
431.149
542.968
866.02
1611.97
618.444
373.783
310.524
323.052
314.804
349.41
386.993
486.718
772.621
1435.66
546.193
347.735
297.873
311.641
304.447
331.921
356.728
433.878
667.5
1285.51
497.571
321.626
287.578
299.609
294.028
319.393
340.913
389.473
570.132
1183.06
482.686
291.609
265.127
274.74
280.88
301.904
326.401
362.185
489.819
1136.98
540.053
287.578
263.949
266.554
284.043
297.997
321.44
366.775
442.251
1146.47
766.543
403.551
311.765
323.238
306.059
320.199
357.658
394.621
458.996
751.782
713.642
725.718
729.477
724.609
724.548
729.354
725.472
713.334
751.412
1075.27
1008.54
1012.48
1020.37
1016.86
1016.67
1020.12
1012.05
1007.92
1074.71
1251.37
1186.73
1176.81
1157.53
1116
1115.87
1157.34
1176.5
1186.24
1250.75
1150.13
1075.7
1033.68
968.179
885.428
885.367
967.994
1033.43
1075.27
1149.7
980.995
897.012
834.841
745.189
643.46
643.46
744.943
834.41
896.581
980.626
814.877
726.643
650.916
548.818
443.515
443.454
548.448
650.423
726.15
814.508
665.642
578.147
497.368
395.023
307.096
306.973
394.592
496.752
577.654
665.273
539.575
459.474
383.994
293.541
229.028
228.843
293.171
383.439
458.919
539.267
443.022
380.05
321.576
252.874
194.708
194.461
252.504
321.145
379.557
442.776
404.081
367.049
337.658
290.029
232.109
231.863
289.659
337.288
366.803
403.896
1768.94
918.177
742.604
563.682
646.166
672.586
741.488
822.049
908.13
992.103
2013.79
782.42
511.959
383.52
418.684
451.305
524.239
618.816
723.192
888.719
1985.26
796.064
437.227
329.75
351.518
370.93
430.777
510.905
620.739
912.968
1807.7
706.262
394.559
315.486
325.719
325.719
372.046
431.211
543.216
866.516
1611.91
618.382
373.721
310.462
323.114
314.866
349.472
386.993
486.904
772.993
1435.66
546.131
347.673
297.811
311.703
304.509
331.921
356.728
434.002
667.748
1285.63
497.571
321.564
287.578
299.733
294.09
319.455
340.913
389.535
570.318
1183.24
482.873
291.609
265.127
274.864
280.942
301.904
326.339
362.185
489.943
1137.16
540.115
287.578
263.887
266.554
284.167
298.059
321.44
366.713
442.251
1146.59
766.543
403.365
311.703
323.238
306.059
320.261
357.596
394.559
458.996
1143.93
770.481
467.117
390.427
380.733
360.542
356.405
370.73
399.628
465.944
1092.74
507.438
295.831
253.102
254.337
253.225
257.98
275.639
316.763
398.269
1055.63
392.218
237.85
194.257
198.023
205.989
219.264
240.814
280.456
344.302
1037.35
347.204
251.434
201.481
193.269
191.601
200.678
216.671
238.406
291.694
1028.89
303.611
268.909
223.401
204.754
194.874
193.824
196.418
200.37
237.912
1028.89
303.673
268.971
223.401
204.815
194.874
193.886
196.479
200.431
237.788
1037.35
347.266
251.558
201.543
193.33
191.663
200.802
216.794
238.406
291.57
1055.57
392.341
238.035
194.442
198.023
205.989
219.202
240.814
280.456
344.24
1092.62
507.376
295.892
253.163
254.398
253.163
257.856
275.701
316.763
398.207
1143.87
770.358
467.117
390.489
380.733
360.603
356.405
370.853
399.751
465.944
)
;
    }
}


// ************************************************************************* //
