/*--------------------------------*- C++ -*----------------------------------*\
| =========                 |                                                 |
| \\      /  F ield         | OpenFOAM: The Open Source CFD Toolbox           |
|  \\    /   O peration     | Version:  2412                                  |
|   \\  /    A nd           | Website:  www.openfoam.com                      |
|    \\/     M anipulation  |                                                 |
\*---------------------------------------------------------------------------*/
FoamFile
{
    version     2.0;
    format      ascii;
    arch        "LSB;label=32;scalar=64";
    class       volScalarField;
    location    "2.3/solid";
    object      T;
}
// * * * * * * * * * * * * * * * * * * * * * * * * * * * * * * * * * * * * * //

dimensions      [0 0 0 1 0 0 0];

internalField   nonuniform List<scalar> 
1000
(
351.153
351.162
351.167
351.17
351.171
351.171
351.171
351.17
351.168
351.165
351.159
351.166
351.169
351.171
351.173
351.173
351.173
351.172
351.171
351.168
351.162
351.167
351.17
351.172
351.173
351.174
351.174
351.173
351.172
351.169
351.163
351.168
351.171
351.173
351.174
351.174
351.174
351.174
351.173
351.17
351.163
351.169
351.171
351.173
351.174
351.174
351.174
351.174
351.173
351.17
351.163
351.169
351.171
351.173
351.174
351.174
351.174
351.174
351.173
351.17
351.163
351.168
351.171
351.173
351.174
351.174
351.174
351.174
351.173
351.17
351.162
351.167
351.171
351.172
351.173
351.174
351.174
351.173
351.172
351.169
351.159
351.166
351.169
351.171
351.172
351.173
351.173
351.172
351.171
351.168
351.153
351.162
351.167
351.169
351.171
351.171
351.171
351.17
351.168
351.165
347.523
347.541
347.552
347.558
347.561
347.563
347.563
347.561
347.557
347.55
347.533
347.547
347.555
347.561
347.564
347.566
347.566
347.564
347.561
347.555
347.539
347.55
347.558
347.562
347.565
347.567
347.567
347.566
347.563
347.557
347.542
347.553
347.56
347.564
347.566
347.568
347.568
347.567
347.564
347.559
347.543
347.554
347.56
347.564
347.567
347.568
347.569
347.568
347.565
347.559
347.543
347.553
347.56
347.564
347.567
347.568
347.569
347.568
347.565
347.559
347.542
347.552
347.559
347.564
347.566
347.568
347.568
347.567
347.564
347.559
347.539
347.55
347.558
347.563
347.565
347.567
347.567
347.566
347.563
347.557
347.533
347.546
347.555
347.561
347.564
347.565
347.566
347.564
347.561
347.555
347.522
347.54
347.551
347.558
347.561
347.562
347.563
347.561
347.557
347.55
344.039
344.06
344.074
344.083
344.088
344.09
344.091
344.088
344.083
344.074
344.05
344.067
344.078
344.086
344.091
344.093
344.094
344.092
344.087
344.079
344.057
344.071
344.081
344.088
344.092
344.095
344.095
344.094
344.09
344.083
344.061
344.075
344.084
344.09
344.093
344.096
344.097
344.096
344.092
344.085
344.063
344.076
344.084
344.09
344.094
344.096
344.097
344.096
344.093
344.086
344.063
344.075
344.084
344.09
344.094
344.096
344.097
344.096
344.093
344.086
344.061
344.074
344.083
344.09
344.093
344.096
344.097
344.095
344.092
344.085
344.057
344.071
344.081
344.088
344.092
344.095
344.095
344.093
344.09
344.083
344.05
344.067
344.078
344.086
344.09
344.093
344.094
344.092
344.087
344.079
344.039
344.06
344.074
344.082
344.087
344.09
344.091
344.088
344.083
344.074
340.782
340.804
340.82
340.83
340.836
340.839
340.84
340.837
340.832
340.822
340.793
340.81
340.824
340.833
340.838
340.842
340.843
340.841
340.836
340.828
340.8
340.815
340.826
340.835
340.84
340.843
340.844
340.842
340.839
340.831
340.805
340.819
340.829
340.836
340.841
340.844
340.845
340.845
340.841
340.834
340.806
340.82
340.83
340.837
340.841
340.844
340.846
340.845
340.842
340.835
340.807
340.82
340.83
340.837
340.841
340.844
340.846
340.845
340.842
340.835
340.805
340.819
340.83
340.837
340.841
340.844
340.845
340.845
340.841
340.834
340.802
340.817
340.828
340.835
340.84
340.843
340.844
340.842
340.839
340.831
340.794
340.811
340.824
340.833
340.838
340.841
340.842
340.84
340.836
340.828
340.782
340.804
340.82
340.829
340.835
340.838
340.839
340.837
340.832
340.822
337.829
337.85
337.866
337.877
337.883
337.887
337.889
337.887
337.882
337.873
337.839
337.856
337.87
337.88
337.886
337.89
337.892
337.89
337.886
337.878
337.846
337.861
337.873
337.882
337.887
337.891
337.893
337.892
337.888
337.882
337.851
337.865
337.875
337.883
337.888
337.892
337.894
337.894
337.891
337.885
337.852
337.866
337.876
337.884
337.889
337.892
337.895
337.894
337.892
337.886
337.852
337.866
337.877
337.884
337.889
337.892
337.895
337.895
337.892
337.886
337.852
337.866
337.876
337.884
337.889
337.892
337.894
337.894
337.891
337.885
337.848
337.863
337.875
337.883
337.888
337.891
337.892
337.892
337.888
337.882
337.841
337.858
337.871
337.88
337.886
337.889
337.891
337.89
337.886
337.878
337.829
337.851
337.866
337.877
337.883
337.886
337.888
337.887
337.882
337.873
335.251
335.271
335.286
335.297
335.304
335.309
335.311
335.309
335.305
335.298
335.262
335.278
335.29
335.3
335.307
335.312
335.314
335.313
335.31
335.304
335.268
335.282
335.293
335.303
335.309
335.314
335.316
335.315
335.313
335.308
335.272
335.285
335.295
335.305
335.31
335.315
335.317
335.317
335.315
335.311
335.273
335.285
335.296
335.305
335.31
335.314
335.317
335.317
335.316
335.311
335.273
335.286
335.297
335.305
335.31
335.314
335.317
335.318
335.316
335.311
335.272
335.286
335.297
335.305
335.31
335.314
335.317
335.317
335.314
335.309
335.269
335.283
335.295
335.304
335.309
335.313
335.315
335.315
335.312
335.307
335.262
335.278
335.292
335.301
335.307
335.311
335.313
335.313
335.31
335.304
335.251
335.272
335.287
335.298
335.304
335.308
335.311
335.31
335.306
335.299
333.109
333.129
333.144
333.155
333.163
333.168
333.171
333.169
333.166
333.16
333.12
333.135
333.148
333.158
333.166
333.171
333.173
333.172
333.17
333.166
333.126
333.14
333.15
333.16
333.168
333.172
333.175
333.175
333.174
333.17
333.129
333.142
333.152
333.162
333.169
333.173
333.176
333.177
333.176
333.172
333.13
333.142
333.153
333.162
333.168
333.173
333.176
333.177
333.176
333.173
333.13
333.142
333.153
333.162
333.167
333.173
333.176
333.177
333.176
333.172
333.129
333.142
333.153
333.162
333.168
333.173
333.176
333.177
333.175
333.171
333.125
333.14
333.151
333.16
333.166
333.171
333.174
333.174
333.172
333.168
333.119
333.135
333.148
333.157
333.164
333.169
333.172
333.173
333.171
333.166
333.108
333.128
333.144
333.154
333.161
333.167
333.17
333.17
333.168
333.161
331.453
331.473
331.488
331.499
331.508
331.513
331.517
331.516
331.513
331.509
331.463
331.479
331.492
331.503
331.511
331.516
331.52
331.519
331.517
331.514
331.47
331.483
331.494
331.505
331.513
331.518
331.521
331.521
331.521
331.518
331.473
331.485
331.496
331.507
331.514
331.519
331.522
331.523
331.523
331.521
331.473
331.485
331.497
331.507
331.513
331.518
331.522
331.523
331.523
331.521
331.472
331.485
331.496
331.506
331.513
331.518
331.522
331.524
331.523
331.52
331.471
331.484
331.496
331.506
331.513
331.518
331.523
331.523
331.522
331.519
331.468
331.482
331.494
331.505
331.511
331.516
331.52
331.52
331.519
331.516
331.461
331.477
331.49
331.501
331.509
331.514
331.519
331.52
331.518
331.514
331.451
331.47
331.486
331.498
331.506
331.512
331.517
331.517
331.515
331.51
330.322
330.342
330.358
330.371
330.38
330.386
330.39
330.389
330.387
330.383
330.333
330.349
330.362
330.375
330.383
330.389
330.393
330.393
330.391
330.389
330.339
330.353
330.365
330.378
330.386
330.392
330.395
330.394
330.395
330.392
330.342
330.356
330.368
330.38
330.387
330.392
330.396
330.396
330.397
330.395
330.342
330.356
330.369
330.38
330.387
330.392
330.395
330.397
330.397
330.395
330.341
330.356
330.369
330.38
330.386
330.392
330.396
330.397
330.397
330.395
330.341
330.356
330.37
330.38
330.387
330.392
330.396
330.397
330.396
330.393
330.337
330.353
330.367
330.378
330.385
330.39
330.393
330.394
330.394
330.391
330.33
330.348
330.363
330.375
330.383
330.388
330.392
330.394
330.393
330.389
330.32
330.34
330.358
330.371
330.379
330.385
330.39
330.391
330.389
330.385
329.743
329.764
329.783
329.797
329.806
329.813
329.817
329.817
329.814
329.811
329.753
329.773
329.788
329.802
329.811
329.817
329.821
329.821
329.819
329.816
329.76
329.778
329.792
329.806
329.814
329.82
329.823
329.823
329.823
329.82
329.763
329.781
329.795
329.808
329.815
329.821
329.824
329.824
329.825
329.823
329.764
329.781
329.796
329.807
329.815
329.82
329.824
329.825
329.826
329.823
329.764
329.782
329.797
329.808
329.815
329.82
329.824
329.826
329.825
329.823
329.763
329.782
329.797
329.808
329.815
329.82
329.824
329.825
329.824
329.821
329.76
329.779
329.795
329.807
329.814
329.818
329.821
329.823
329.822
329.819
329.752
329.773
329.79
329.803
329.811
329.816
329.82
329.822
329.821
329.817
329.741
329.764
329.784
329.798
329.806
329.813
329.817
329.819
329.817
329.812
)
;

boundaryField
{
    bodyBottom
    {
        type            fixedValue;
        value           uniform 353;
    }
    solid_to_fluid
    {
        type            compressible::turbulentTemperatureCoupledBaffleMixed;
        refValue        nonuniform List<scalar> 
500
(
321.64
325.985
327.863
328.961
329.506
329.506
328.962
327.863
325.986
321.641
310.758
315.065
318.609
320.506
321.333
321.333
320.506
318.609
315.065
310.758
305.863
309.045
311.725
313.149
313.77
313.77
313.149
311.725
309.045
305.863
304.331
307.073
309.322
310.465
310.948
310.949
310.465
309.323
307.073
304.332
303.62
306.186
308.257
309.281
309.715
309.715
309.282
308.257
306.187
303.621
303.213
305.698
307.703
308.68
309.094
309.094
308.68
307.703
305.698
303.213
302.86
305.249
307.199
308.134
308.529
308.529
308.134
307.199
305.249
302.86
302.218
304.389
306.184
307.026
307.374
307.374
307.026
306.183
304.388
302.218
301.074
302.855
304.357
305.054
305.339
305.339
305.054
304.357
302.855
301.073
299.745
301.034
302.144
302.643
302.838
302.838
302.642
302.143
301.034
299.745
322.758
336.54
339.372
342.212
340.9
340.444
339.342
338.072
336.739
335.566
313.688
334.433
338.799
340.852
340.272
339.725
338.534
337.046
335.477
333.191
309.123
330.025
336.116
337.881
337.478
337.139
336.113
334.8
333.119
328.655
307.399
327.641
333.246
334.579
334.35
334.346
333.489
332.472
330.715
325.195
306.455
325.619
330.337
331.465
331.194
331.346
330.66
329.969
328.302
323.075
305.825
323.847
327.932
328.908
328.623
328.789
328.209
327.703
326.297
321.698
305.312
322.078
326.022
326.796
326.554
326.692
326.148
325.66
324.656
320.814
304.634
320.196
324.755
325.445
325.283
325.186
324.725
324.144
323.292
320.341
303.645
317.368
323.534
324.217
324.264
323.918
323.579
323.006
321.871
319.975
302.394
311.339
320.121
322.385
322.191
322.676
322.419
321.497
320.526
318.908
339.623
340.043
339.668
339.385
339.311
339.314
339.395
339.679
340.046
339.611
330.649
331.565
331.134
330.597
330.383
330.391
330.62
331.158
331.573
330.637
322.91
323.803
323.536
323.391
323.765
323.77
323.418
323.566
323.815
322.902
319.819
320.943
321.275
322.045
323.362
323.369
322.084
321.321
320.967
319.818
318.834
320.194
320.89
322.169
323.978
323.99
322.22
320.946
320.221
318.833
318.352
319.846
320.814
322.44
324.516
324.532
322.497
320.876
319.874
318.351
318.288
319.825
320.93
322.693
324.771
324.79
322.748
320.989
319.849
318.284
318.634
320.081
321.127
322.788
324.539
324.552
322.831
321.174
320.095
318.623
319.319
320.443
321.145
322.465
324.027
324.037
322.494
321.175
320.441
319.296
319.639
320.14
320.233
321.07
322.42
322.424
321.086
320.247
320.124
319.604
322.757
336.54
339.372
342.211
340.899
340.442
339.34
338.07
336.739
335.574
313.687
334.433
338.8
340.854
340.274
339.728
338.537
337.05
335.484
333.209
309.123
330.026
336.12
337.887
337.485
337.147
336.123
334.81
333.133
328.684
307.399
327.643
333.252
334.589
334.361
334.357
333.502
332.486
330.736
325.225
306.455
325.623
330.344
331.475
331.206
331.36
330.674
329.983
328.324
323.104
305.824
323.85
327.939
328.918
328.635
328.802
328.223
327.717
326.318
321.725
305.312
322.081
326.029
326.806
326.566
326.705
326.162
325.674
324.675
320.841
304.634
320.198
324.763
325.457
325.297
325.201
324.74
324.158
323.309
320.37
303.645
317.367
323.538
324.228
324.281
323.937
323.6
323.031
321.897
320.004
302.394
311.336
320.106
322.386
322.201
322.687
322.445
321.523
320.547
318.942
302.425
311.507
319.078
320.774
321.019
321.529
321.66
321.271
320.459
318.708
303.635
317.793
323.061
324.131
324.107
324.128
323.989
323.485
322.365
320.28
304.5
320.452
324.304
325.422
325.355
325.148
324.794
324.205
323.12
321.391
304.922
321.451
323.912
325.083
325.273
325.288
325.06
324.612
324.012
322.296
305.108
322.26
323.478
324.526
324.941
325.135
325.129
325.023
324.84
323.393
305.108
322.253
323.481
324.532
324.945
325.133
325.124
325.013
324.823
323.377
304.921
321.454
323.927
325.103
325.287
325.3
325.064
324.607
323.996
322.278
304.499
320.448
324.311
325.421
325.35
325.142
324.787
324.195
323.107
321.37
303.634
317.779
323.043
324.113
324.09
324.114
323.975
323.472
322.351
320.252
302.424
311.496
319.044
320.758
321.006
321.518
321.644
321.254
320.441
318.685
)
;
        refGradient     uniform 0;
        valueFraction   nonuniform List<scalar> 
500
(
0.000301416
0.000301416
0.000301416
0.000301416
0.000301416
0.000301416
0.000301416
0.000301416
0.000301416
0.000301416
0.000301416
0.000301416
0.000301416
0.000301416
0.000301416
0.000301416
0.000301416
0.000301416
0.000301416
0.000301416
0.000301416
0.000301416
0.000301416
0.000301416
0.000301416
0.000301416
0.000301416
0.000301416
0.000301416
0.000301416
0.000301416
0.000301416
0.000301416
0.000301416
0.000301416
0.000301416
0.000301416
0.000301416
0.000301416
0.000301416
0.000301416
0.000301416
0.000301416
0.000301416
0.000301416
0.000301416
0.000301416
0.000301416
0.000301416
0.000301416
0.000301416
0.000301416
0.000301416
0.000301416
0.000301416
0.000301416
0.000301416
0.000301416
0.000301416
0.000301416
0.000301416
0.000301416
0.000301416
0.000301416
0.000301416
0.000301416
0.000301416
0.000301416
0.000301416
0.000301416
0.000301416
0.000301416
0.000301416
0.000301416
0.000301416
0.000301416
0.000301416
0.000301416
0.000301416
0.000301416
0.000301416
0.000301416
0.000301416
0.000301416
0.000301416
0.000301416
0.000301416
0.000301416
0.000301416
0.000301416
0.000301416
0.000301416
0.000301416
0.000301416
0.000301416
0.000301416
0.000301416
0.000301416
0.000301416
0.000301416
0.000302436
0.000302436
0.000302436
0.000302436
0.000302436
0.000302436
0.000302436
0.000302436
0.000302436
0.000302436
0.000302436
0.000302436
0.000302436
0.000302436
0.000302436
0.000302436
0.000302436
0.000302436
0.000302436
0.000302436
0.000302436
0.000302436
0.000302436
0.000302436
0.000302436
0.000302436
0.000302436
0.000302436
0.000302436
0.000302436
0.000302436
0.000302436
0.000302436
0.000302436
0.000302436
0.000302436
0.000302436
0.000302436
0.000302436
0.000302436
0.000302436
0.000302436
0.000302436
0.000302436
0.000302436
0.000302436
0.000302436
0.000302436
0.000302436
0.000302436
0.000302436
0.000302436
0.000302436
0.000302436
0.000302436
0.000302436
0.000302436
0.000302436
0.000302436
0.000302436
0.000302436
0.000302436
0.000302436
0.000302436
0.000302436
0.000302436
0.000302436
0.000302436
0.000302436
0.000302436
0.000302436
0.000302436
0.000302436
0.000302436
0.000302436
0.000302436
0.000302436
0.000302436
0.000302436
0.000302436
0.000302436
0.000302436
0.000302436
0.000302436
0.000302436
0.000302436
0.000302436
0.000302436
0.000302436
0.000302436
0.000302436
0.000302436
0.000302436
0.000302436
0.000302436
0.000302436
0.000302436
0.000302436
0.000302436
0.000302436
0.000300478
0.000300478
0.000300478
0.000300478
0.000300478
0.000300478
0.000300478
0.000300478
0.000300478
0.000300478
0.000300478
0.000300478
0.000300478
0.000300478
0.000300478
0.000300478
0.000300478
0.000300478
0.000300478
0.000300478
0.000300478
0.000300478
0.000300478
0.000300478
0.000300478
0.000300478
0.000300478
0.000300478
0.000300478
0.000300478
0.000300478
0.000300478
0.000300478
0.000300478
0.000300478
0.000300478
0.000300478
0.000300478
0.000300478
0.000300478
0.000300478
0.000300478
0.000300478
0.000300478
0.000300478
0.000300478
0.000300478
0.000300478
0.000300478
0.000300478
0.000300478
0.000300478
0.000300478
0.000300478
0.000300478
0.000300478
0.000300478
0.000300478
0.000300478
0.000300478
0.000300478
0.000300478
0.000300478
0.000300478
0.000300478
0.000300478
0.000300478
0.000300478
0.000300478
0.000300478
0.000300478
0.000300478
0.000300478
0.000300478
0.000300478
0.000300478
0.000300478
0.000300478
0.000300478
0.000300478
0.000300478
0.000300478
0.000300478
0.000300478
0.000300478
0.000300478
0.000300478
0.000300478
0.000300478
0.000300478
0.000300478
0.000300478
0.000300478
0.000300478
0.000300478
0.000300478
0.000300478
0.000300478
0.000300478
0.000300478
0.000302436
0.000302436
0.000302436
0.000302436
0.000302436
0.000302436
0.000302436
0.000302436
0.000302436
0.000302436
0.000302436
0.000302436
0.000302436
0.000302436
0.000302436
0.000302436
0.000302436
0.000302436
0.000302436
0.000302436
0.000302436
0.000302436
0.000302436
0.000302436
0.000302436
0.000302436
0.000302436
0.000302436
0.000302436
0.000302436
0.000302436
0.000302436
0.000302436
0.000302436
0.000302436
0.000302436
0.000302436
0.000302436
0.000302436
0.000302436
0.000302436
0.000302436
0.000302436
0.000302436
0.000302436
0.000302436
0.000302436
0.000302436
0.000302436
0.000302436
0.000302436
0.000302436
0.000302436
0.000302436
0.000302436
0.000302436
0.000302436
0.000302436
0.000302436
0.000302436
0.000302436
0.000302436
0.000302436
0.000302436
0.000302436
0.000302436
0.000302436
0.000302436
0.000302436
0.000302436
0.000302436
0.000302436
0.000302436
0.000302436
0.000302436
0.000302436
0.000302436
0.000302436
0.000302436
0.000302436
0.000302436
0.000302436
0.000302436
0.000302436
0.000302436
0.000302436
0.000302436
0.000302436
0.000302436
0.000302436
0.000302436
0.000302436
0.000302436
0.000302436
0.000302436
0.000302436
0.000302436
0.000302436
0.000302436
0.000302436
0.000301115
0.000301115
0.000301115
0.000301115
0.000301115
0.000301115
0.000301115
0.000301115
0.000301115
0.000301115
0.000301115
0.000301115
0.000301115
0.000301115
0.000301115
0.000301115
0.000301115
0.000301115
0.000301115
0.000301115
0.000301115
0.000301115
0.000301115
0.000301115
0.000301115
0.000301115
0.000301115
0.000301115
0.000301115
0.000301115
0.000301115
0.000301115
0.000301115
0.000301115
0.000301115
0.000301115
0.000301115
0.000301115
0.000301115
0.000301115
0.000301115
0.000301115
0.000301115
0.000301115
0.000301115
0.000301115
0.000301115
0.000301115
0.000301115
0.000301115
0.000301115
0.000301115
0.000301115
0.000301115
0.000301115
0.000301115
0.000301115
0.000301115
0.000301115
0.000301115
0.000301115
0.000301115
0.000301115
0.000301115
0.000301115
0.000301115
0.000301115
0.000301115
0.000301115
0.000301115
0.000301115
0.000301115
0.000301115
0.000301115
0.000301115
0.000301115
0.000301115
0.000301115
0.000301115
0.000301115
0.000301115
0.000301115
0.000301115
0.000301115
0.000301115
0.000301115
0.000301115
0.000301115
0.000301115
0.000301115
0.000301115
0.000301115
0.000301115
0.000301115
0.000301115
0.000301115
0.000301115
0.000301115
0.000301115
0.000301115
)
;
        source          uniform 0;
        Tnbr            T;
        kappaMethod     solidThermo;
        value           nonuniform List<scalar> 
500
(
351.144
351.151
351.154
351.156
351.157
351.157
351.156
351.154
351.151
351.144
347.511
347.523
347.53
347.534
347.535
347.535
347.533
347.529
347.522
347.511
344.026
344.039
344.046
344.051
344.053
344.053
344.051
344.047
344.039
344.026
340.77
340.782
340.789
340.794
340.796
340.796
340.795
340.791
340.783
340.77
337.817
337.828
337.836
337.841
337.842
337.842
337.841
337.837
337.83
337.817
335.239
335.251
335.258
335.262
335.263
335.263
335.262
335.259
335.251
335.239
333.098
333.109
333.116
333.119
333.12
333.12
333.119
333.115
333.108
333.097
331.442
331.453
331.46
331.463
331.463
331.462
331.461
331.458
331.451
331.44
330.311
330.322
330.328
330.332
330.332
330.331
330.331
330.327
330.32
330.308
329.731
329.742
329.749
329.753
329.753
329.753
329.753
329.749
329.741
329.73
351.144
351.157
351.163
351.167
351.167
351.168
351.167
351.166
351.164
351.16
347.511
347.536
347.548
347.555
347.558
347.56
347.559
347.557
347.552
347.545
344.027
344.054
344.07
344.079
344.084
344.087
344.087
344.085
344.079
344.068
340.771
340.799
340.816
340.826
340.831
340.835
340.836
340.833
340.827
340.816
337.818
337.845
337.863
337.873
337.879
337.883
337.884
337.883
337.877
337.867
335.24
335.266
335.283
335.294
335.3
335.304
335.307
335.306
335.302
335.293
333.098
333.123
333.139
333.15
333.157
333.162
333.166
333.166
333.163
333.155
331.44
331.465
331.482
331.494
331.502
331.508
331.512
331.513
331.51
331.504
330.309
330.334
330.354
330.367
330.375
330.381
330.385
330.386
330.384
330.379
329.73
329.756
329.779
329.793
329.802
329.808
329.812
329.814
329.811
329.806
351.161
351.165
351.166
351.166
351.166
351.166
351.166
351.166
351.165
351.161
347.544
347.549
347.552
347.553
347.553
347.553
347.553
347.552
347.549
347.544
344.067
344.072
344.076
344.078
344.079
344.078
344.078
344.075
344.072
344.067
340.815
340.82
340.824
340.827
340.829
340.829
340.827
340.824
340.82
340.815
337.865
337.871
337.875
337.879
337.88
337.88
337.878
337.875
337.871
337.866
335.291
335.297
335.302
335.305
335.306
335.306
335.304
335.3
335.297
335.292
333.154
333.16
333.164
333.167
333.168
333.168
333.165
333.162
333.16
333.154
331.503
331.508
331.513
331.516
331.516
331.516
331.514
331.511
331.508
331.504
330.378
330.383
330.387
330.39
330.391
330.39
330.388
330.386
330.383
330.379
329.805
329.811
329.815
329.818
329.818
329.818
329.816
329.813
329.811
329.806
351.144
351.158
351.163
351.167
351.167
351.168
351.167
351.166
351.164
351.16
347.512
347.536
347.548
347.556
347.559
347.56
347.559
347.557
347.552
347.545
344.027
344.055
344.071
344.081
344.085
344.087
344.087
344.085
344.079
344.069
340.77
340.799
340.816
340.827
340.832
340.835
340.836
340.834
340.827
340.816
337.817
337.845
337.862
337.873
337.879
337.883
337.885
337.883
337.877
337.867
335.24
335.266
335.282
335.293
335.301
335.305
335.307
335.305
335.301
335.292
333.099
333.123
333.139
333.151
333.158
333.164
333.166
333.165
333.161
333.154
331.443
331.467
331.483
331.495
331.503
331.509
331.512
331.511
331.508
331.503
330.312
330.336
330.354
330.366
330.376
330.382
330.385
330.385
330.382
330.378
329.732
329.756
329.777
329.792
329.802
329.808
329.812
329.812
329.809
329.805
329.732
329.756
329.777
329.791
329.801
329.808
329.812
329.811
329.809
329.805
329.743
329.767
329.784
329.797
329.807
329.813
329.817
329.816
329.814
329.811
329.75
329.773
329.788
329.802
329.81
329.816
329.819
329.819
329.818
329.815
329.753
329.776
329.791
329.804
329.811
329.817
329.82
329.82
329.821
329.818
329.754
329.777
329.791
329.803
329.811
329.816
329.82
329.821
329.822
329.819
329.754
329.777
329.792
329.804
329.811
329.816
329.82
329.822
329.821
329.818
329.753
329.777
329.793
329.804
329.811
329.816
329.82
329.821
329.82
329.816
329.75
329.774
329.791
329.803
329.81
329.814
329.817
329.818
329.818
329.814
329.742
329.767
329.786
329.799
329.806
329.811
329.816
329.817
329.816
329.811
329.73
329.756
329.778
329.793
329.801
329.808
329.812
329.813
329.811
329.806
)
;
    }
}


// ************************************************************************* //
