/*--------------------------------*- C++ -*----------------------------------*\
| =========                 |                                                 |
| \\      /  F ield         | OpenFOAM: The Open Source CFD Toolbox           |
|  \\    /   O peration     | Version:  2412                                  |
|   \\  /    A nd           | Website:  www.openfoam.com                      |
|    \\/     M anipulation  |                                                 |
\*---------------------------------------------------------------------------*/
FoamFile
{
    version     2.0;
    format      ascii;
    arch        "LSB;label=32;scalar=64";
    class       volScalarField;
    location    "2.3/solid";
    object      wallHeatFlux;
}
// * * * * * * * * * * * * * * * * * * * * * * * * * * * * * * * * * * * * * //

dimensions      [1 0 -3 0 0 0 0];

internalField   uniform 0;

boundaryField
{
    bodyBottom
    {
        type            calculated;
        value           nonuniform List<scalar> 
100
(
378635
377405
376790
376585
376585
376585
376585
376790
377405
378635
376790
375970
375765
375560
375355
375355
375560
375765
375970
376790
375765
375355
375150
374945
374945
374945
374945
374945
375355
375765
375150
374945
374740
374535
374535
374535
374535
374740
374945
375355
374945
374535
374535
374330
374330
374330
374330
374535
374740
374945
374945
374535
374330
374330
374330
374330
374330
374330
374535
374945
374945
374535
374330
374330
374330
374330
374330
374330
374535
374945
375150
374740
374535
374330
374330
374330
374330
374535
374740
375150
375560
374945
374740
374535
374535
374535
374535
374740
374945
375560
376175
375560
375355
375150
375150
375150
375150
375355
375560
376175
)
;
    }
    solid_to_fluid
    {
        type            calculated;
        value           nonuniform List<scalar> 
500
(
-1845
-1640
-1640
-1435
-1230
-1230
-1435
-1640
-1640
-1845
-2460
-2050
-1845
-1640
-1640
-1640
-1845
-2050
-2255
-2255
-2665
-2255
-2255
-2050
-2050
-2050
-2050
-2050
-2255
-2665
-2460
-2255
-2255
-2255
-2050
-2255
-2050
-2255
-2255
-2460
-2460
-2255
-2050
-2050
-2050
-2050
-2255
-2255
-2255
-2460
-2460
-2255
-2050
-2050
-2050
-2050
-2050
-2050
-2255
-2460
-2255
-2255
-2050
-2050
-2050
-2050
-2050
-2050
-2255
-2255
-2255
-2050
-2050
-2050
-2050
-2050
-2050
-2050
-2050
-2255
-2255
-2255
-2255
-2050
-2050
-2050
-2050
-2050
-2050
-2460
-2460
-2255
-2255
-2050
-2255
-2255
-2050
-2255
-2255
-2255
-1845
-1025
-820
-410
-820
-615
-820
-820
-820
-1025
-2255
-820
-615
-615
-615
-410
-820
-820
-1025
-1025
-2460
-1230
-820
-615
-615
-615
-820
-615
-820
-1230
-2255
-1025
-820
-615
-820
-615
-615
-820
-1025
-1230
-2255
-1230
-615
-820
-820
-615
-820
-820
-1025
-1230
-2255
-1230
-820
-820
-820
-820
-820
-820
-820
-1230
-2050
-1025
-1025
-820
-820
-1025
-820
-820
-1025
-1230
-2255
-1025
-820
-820
-820
-820
-1025
-820
-1025
-1230
-2255
-1230
-820
-820
-820
-820
-1025
-1025
-1025
-1230
-2255
-1640
-1025
-1025
-820
-1025
-1025
-1025
-1230
-1230
-820
-615
-615
-820
-820
-820
-820
-615
-615
-820
-1230
-1230
-1025
-1230
-1230
-1230
-1230
-1025
-1230
-1230
-1435
-1435
-1435
-1435
-1435
-1640
-1435
-1640
-1435
-1435
-1435
-1640
-1435
-1435
-1230
-1230
-1435
-1435
-1640
-1435
-1640
-1435
-1435
-1230
-1230
-1230
-1435
-1435
-1435
-1435
-1435
-1435
-1230
-1230
-1025
-1025
-1025
-1435
-1435
-1435
-1230
-1230
-1230
-1025
-1025
-820
-1230
-1230
-1230
-1435
-1230
-1230
-1025
-1025
-1025
-820
-1025
-1025
-1230
-1230
-1025
-1230
-1025
-1025
-820
-1025
-1025
-1025
-1230
-1230
-1230
-1025
-1025
-1025
-1025
-1025
-1025
-1230
-1230
-1230
-1845
-820
-820
-615
-820
-615
-820
-820
-820
-1025
-2255
-1025
-820
-410
-410
-615
-820
-820
-1025
-1025
-2460
-1025
-615
-410
-615
-615
-820
-615
-820
-1025
-2460
-1025
-820
-615
-820
-820
-820
-615
-1025
-1230
-2460
-1025
-820
-820
-820
-820
-820
-820
-1025
-1230
-2255
-1025
-820
-820
-615
-820
-820
-820
-820
-1230
-2050
-1230
-1025
-820
-1025
-820
-1025
-820
-1025
-1230
-2050
-1230
-1025
-820
-1025
-820
-1025
-1025
-1025
-1230
-2050
-1230
-820
-1025
-820
-820
-1025
-820
-1025
-1025
-2255
-1640
-1230
-1025
-820
-1025
-1025
-1025
-1025
-1230
-2255
-1640
-1230
-1230
-1025
-1025
-1025
-1230
-1025
-1230
-2050
-1230
-820
-1025
-820
-820
-820
-1025
-1025
-1025
-2050
-1025
-820
-820
-820
-820
-820
-820
-1025
-1025
-2050
-1025
-820
-820
-820
-820
-820
-820
-820
-1025
-2050
-820
-1025
-820
-820
-820
-820
-820
-820
-820
-2050
-1025
-1025
-820
-820
-820
-820
-820
-820
-1025
-2050
-1025
-820
-820
-820
-820
-820
-820
-820
-1025
-2050
-1025
-820
-820
-820
-820
-820
-1025
-820
-1025
-2050
-1230
-820
-820
-1025
-1025
-820
-1025
-1025
-1230
-2255
-1640
-1230
-1025
-1025
-1025
-1025
-1230
-1230
-1230
)
;
    }
}


// ************************************************************************* //
