/*--------------------------------*- C++ -*----------------------------------*\
| =========                 |                                                 |
| \\      /  F ield         | OpenFOAM: The Open Source CFD Toolbox           |
|  \\    /   O peration     | Version:  2412                                  |
|   \\  /    A nd           | Website:  www.openfoam.com                      |
|    \\/     M anipulation  |                                                 |
\*---------------------------------------------------------------------------*/
FoamFile
{
    version     2.0;
    format      ascii;
    arch        "LSB;label=32;scalar=64";
    class       volScalarField;
    location    "2.9/solid";
    object      T;
}
// * * * * * * * * * * * * * * * * * * * * * * * * * * * * * * * * * * * * * //

dimensions      [0 0 0 1 0 0 0];

internalField   nonuniform List<scalar> 
1000
(
351.636
351.646
351.65
351.653
351.654
351.655
351.655
351.654
351.652
351.649
351.642
351.649
351.653
351.655
351.656
351.657
351.657
351.656
351.655
351.652
351.645
351.651
351.654
351.656
351.657
351.658
351.658
351.657
351.656
351.653
351.647
351.652
351.655
351.657
351.658
351.658
351.658
351.658
351.657
351.654
351.647
351.652
351.655
351.657
351.658
351.658
351.659
351.658
351.657
351.654
351.647
351.652
351.655
351.657
351.658
351.658
351.659
351.658
351.657
351.654
351.647
351.652
351.655
351.657
351.658
351.658
351.658
351.658
351.657
351.654
351.645
351.651
351.654
351.656
351.657
351.658
351.658
351.657
351.656
351.653
351.642
351.649
351.653
351.655
351.656
351.657
351.657
351.656
351.655
351.652
351.636
351.645
351.65
351.653
351.654
351.655
351.655
351.654
351.652
351.649
348.96
348.979
348.99
348.997
349.001
349.003
349.002
349
348.996
348.989
348.971
348.985
348.994
349
349.004
349.006
349.006
349.004
349.001
348.994
348.977
348.989
348.997
349.002
349.005
349.007
349.007
349.006
349.003
348.997
348.981
348.992
348.999
349.004
349.006
349.008
349.009
349.008
349.004
348.998
348.982
348.993
349
349.004
349.007
349.009
349.009
349.008
349.005
348.999
348.982
348.992
348.999
349.004
349.007
349.009
349.009
349.008
349.005
348.999
348.98
348.991
348.999
349.004
349.007
349.008
349.009
349.007
349.004
348.998
348.977
348.989
348.997
349.002
349.005
349.007
349.007
349.006
349.003
348.997
348.971
348.985
348.994
349
349.004
349.005
349.006
349.004
349.001
348.994
348.96
348.978
348.99
348.997
349.001
349.002
349.002
349
348.996
348.99
346.395
346.417
346.433
346.442
346.448
346.45
346.451
346.448
346.443
346.433
346.407
346.424
346.437
346.446
346.451
346.454
346.454
346.452
346.447
346.439
346.415
346.43
346.44
346.448
346.453
346.456
346.456
346.454
346.45
346.443
346.419
346.433
346.443
346.45
346.454
346.457
346.458
346.457
346.453
346.445
346.421
346.434
346.444
346.451
346.455
346.457
346.459
346.457
346.453
346.446
346.421
346.434
346.444
346.45
346.455
346.457
346.459
346.457
346.453
346.446
346.419
346.433
346.443
346.45
346.454
346.457
346.458
346.456
346.453
346.445
346.415
346.43
346.44
346.448
346.453
346.455
346.456
346.454
346.45
346.443
346.407
346.425
346.437
346.445
346.45
346.453
346.454
346.452
346.447
346.439
346.395
346.417
346.432
346.441
346.447
346.45
346.451
346.448
346.443
346.434
343.998
344.022
344.039
344.051
344.057
344.061
344.062
344.059
344.053
344.043
344.011
344.029
344.044
344.054
344.06
344.064
344.065
344.063
344.058
344.049
344.019
344.035
344.047
344.057
344.063
344.066
344.067
344.066
344.061
344.053
344.024
344.039
344.05
344.059
344.064
344.068
344.069
344.068
344.064
344.056
344.026
344.04
344.051
344.06
344.065
344.068
344.07
344.069
344.065
344.057
344.026
344.04
344.051
344.059
344.065
344.068
344.07
344.069
344.065
344.057
344.024
344.039
344.051
344.059
344.064
344.067
344.069
344.068
344.064
344.056
344.02
344.036
344.048
344.057
344.063
344.066
344.067
344.065
344.061
344.053
344.011
344.03
344.044
344.054
344.06
344.064
344.065
344.063
344.058
344.049
343.999
344.022
344.039
344.05
344.057
344.06
344.062
344.059
344.053
344.044
341.826
341.849
341.867
341.88
341.887
341.892
341.893
341.891
341.886
341.876
341.838
341.857
341.872
341.883
341.891
341.895
341.897
341.895
341.89
341.882
341.846
341.862
341.876
341.886
341.893
341.897
341.899
341.898
341.894
341.887
341.851
341.866
341.879
341.888
341.894
341.899
341.901
341.9
341.897
341.89
341.853
341.868
341.88
341.889
341.895
341.899
341.901
341.901
341.898
341.891
341.853
341.868
341.88
341.889
341.895
341.899
341.902
341.901
341.898
341.891
341.852
341.867
341.88
341.889
341.895
341.899
341.901
341.9
341.897
341.89
341.847
341.864
341.877
341.887
341.893
341.897
341.899
341.898
341.894
341.886
341.839
341.858
341.873
341.884
341.89
341.895
341.897
341.895
341.89
341.882
341.826
341.85
341.868
341.88
341.887
341.891
341.893
341.891
341.886
341.876
339.93
339.953
339.97
339.983
339.992
339.997
340
339.998
339.993
339.985
339.942
339.961
339.975
339.987
339.996
340.001
340.003
340.002
339.998
339.991
339.95
339.966
339.979
339.99
339.998
340.003
340.005
340.004
340.002
339.996
339.954
339.969
339.982
339.993
340
340.005
340.007
340.007
340.004
339.999
339.956
339.971
339.983
339.993
340
340.005
340.007
340.007
340.005
340
339.956
339.971
339.984
339.993
340
340.005
340.008
340.008
340.005
340
339.955
339.97
339.983
339.993
340
340.004
340.007
340.007
340.004
339.998
339.95
339.967
339.98
339.991
339.998
340.002
340.005
340.004
340.001
339.995
339.942
339.961
339.976
339.988
339.995
340
340.003
340.002
339.998
339.991
339.93
339.953
339.971
339.984
339.991
339.997
339.999
339.998
339.994
339.985
338.354
338.377
338.395
338.408
338.417
338.423
338.426
338.425
338.421
338.414
338.366
338.385
338.4
338.412
338.421
338.427
338.43
338.429
338.426
338.42
338.374
338.39
338.403
338.415
338.424
338.429
338.432
338.432
338.43
338.425
338.378
338.393
338.406
338.418
338.425
338.431
338.434
338.434
338.433
338.428
338.379
338.394
338.407
338.418
338.426
338.431
338.434
338.435
338.433
338.429
338.379
338.394
338.407
338.418
338.425
338.431
338.435
338.435
338.433
338.429
338.378
338.393
338.406
338.417
338.425
338.431
338.434
338.434
338.432
338.427
338.374
338.39
338.404
338.415
338.423
338.428
338.432
338.432
338.429
338.424
338.366
338.384
338.4
338.412
338.42
338.426
338.429
338.429
338.427
338.42
338.353
338.376
338.395
338.407
338.416
338.423
338.426
338.426
338.422
338.415
337.135
337.158
337.176
337.19
337.2
337.207
337.211
337.21
337.206
337.2
337.147
337.165
337.181
337.194
337.204
337.211
337.214
337.213
337.211
337.207
337.154
337.171
337.185
337.198
337.207
337.213
337.217
337.216
337.215
337.211
337.159
337.174
337.188
337.2
337.209
337.215
337.218
337.219
337.218
337.214
337.16
337.175
337.189
337.201
337.209
337.215
337.218
337.22
337.219
337.215
337.159
337.174
337.188
337.2
337.208
337.215
337.219
337.22
337.219
337.215
337.157
337.173
337.188
337.2
337.208
337.214
337.219
337.219
337.217
337.213
337.153
337.17
337.185
337.197
337.206
337.212
337.216
337.216
337.214
337.21
337.145
337.164
337.18
337.193
337.203
337.209
337.213
337.214
337.212
337.207
337.133
337.156
337.175
337.189
337.199
337.206
337.21
337.211
337.208
337.201
336.3
336.324
336.344
336.359
336.37
336.378
336.382
336.381
336.378
336.373
336.312
336.332
336.349
336.364
336.375
336.382
336.386
336.385
336.383
336.379
336.32
336.338
336.354
336.368
336.378
336.385
336.388
336.388
336.387
336.383
336.325
336.342
336.357
336.371
336.38
336.386
336.39
336.39
336.39
336.387
336.326
336.343
336.358
336.371
336.38
336.386
336.39
336.391
336.391
336.388
336.325
336.343
336.359
336.371
336.38
336.386
336.391
336.392
336.391
336.387
336.324
336.342
336.358
336.371
336.379
336.386
336.39
336.391
336.389
336.385
336.319
336.338
336.355
336.368
336.377
336.383
336.387
336.388
336.387
336.382
336.311
336.331
336.35
336.364
336.374
336.38
336.385
336.386
336.384
336.379
336.298
336.322
336.344
336.36
336.37
336.377
336.382
336.382
336.38
336.374
335.869
335.895
335.918
335.935
335.947
335.955
335.959
335.959
335.956
335.951
335.882
335.906
335.925
335.941
335.952
335.96
335.964
335.964
335.961
335.957
335.891
335.912
335.931
335.946
335.956
335.963
335.967
335.967
335.966
335.962
335.895
335.917
335.934
335.949
335.958
335.965
335.969
335.969
335.969
335.965
335.897
335.918
335.935
335.949
335.959
335.965
335.969
335.97
335.97
335.966
335.897
335.919
335.936
335.95
335.959
335.965
335.97
335.971
335.97
335.966
335.895
335.918
335.936
335.949
335.958
335.965
335.969
335.97
335.968
335.964
335.89
335.913
335.933
335.947
335.956
335.962
335.966
335.967
335.965
335.961
335.881
335.906
335.927
335.942
335.952
335.959
335.963
335.965
335.962
335.957
335.868
335.895
335.919
335.936
335.947
335.955
335.959
335.96
335.957
335.952
)
;

boundaryField
{
    bodyBottom
    {
        type            fixedValue;
        value           uniform 353;
    }
    solid_to_fluid
    {
        type            compressible::turbulentTemperatureCoupledBaffleMixed;
        refValue        nonuniform List<scalar> 
500
(
322.247
326.711
328.643
329.769
330.328
330.326
329.767
328.64
326.709
322.242
311.441
315.941
319.644
321.626
322.493
322.491
321.622
319.641
315.937
311.437
306.575
309.955
312.804
314.319
314.982
314.98
314.317
312.802
309.953
306.573
305.157
308.114
310.542
311.777
312.301
312.3
311.775
310.541
308.112
305.155
304.587
307.396
309.664
310.787
311.264
311.263
310.786
309.663
307.395
304.586
304.36
307.132
309.37
310.461
310.926
310.925
310.46
309.369
307.131
304.358
304.133
306.834
309.038
310.095
310.543
310.542
310.094
309.036
306.832
304.131
303.54
306.021
308.07
309.03
309.428
309.427
309.029
308.069
306.019
303.539
302.321
304.373
306.098
306.898
307.225
307.224
306.897
306.097
304.372
302.32
300.832
302.322
303.601
304.175
304.399
304.399
304.174
303.601
302.321
300.831
323.298
337.1
339.926
342.75
341.436
340.966
339.86
338.592
337.279
336.21
314.415
335.587
339.959
342.015
341.424
340.861
339.655
338.164
336.628
334.508
309.979
331.738
338
339.79
339.36
339.004
337.947
336.607
334.958
330.655
308.429
329.92
335.84
337.214
336.958
336.945
336.043
334.993
333.286
327.724
307.672
328.439
333.567
334.76
334.465
334.638
333.894
333.166
331.517
326.089
307.257
327.159
331.725
332.797
332.493
332.694
332.055
331.507
330.071
325.156
306.897
325.743
330.291
331.193
330.939
331.108
330.508
329.96
328.877
324.676
306.305
324.054
329.415
330.259
330.105
330.015
329.499
328.84
327.877
324.565
305.298
321.117
328.398
329.264
329.382
329.02
328.639
327.979
326.655
324.449
303.922
314.315
324.594
327.284
327.132
327.735
327.509
326.438
325.276
323.407
340.246
340.606
340.171
339.801
339.64
339.715
339.909
340.312
340.78
340.431
331.887
332.757
332.186
331.447
331.013
331.168
331.63
332.433
333.077
332.238
324.487
325.356
324.947
324.575
324.707
324.819
324.71
325.159
325.665
324.844
321.772
322.928
323.157
323.718
324.876
324.949
323.838
323.344
323.214
322.103
321.213
322.638
323.253
324.375
326.129
326.186
324.521
323.455
322.919
321.518
321.127
322.707
323.615
325.162
327.309
327.364
325.364
323.874
323.017
321.431
321.449
323.083
324.144
325.909
328.174
328.249
326.175
324.479
323.435
321.764
322.183
323.725
324.727
326.46
328.487
328.601
326.757
325.123
324.11
322.506
323.258
324.436
325.054
326.453
328.228
328.409
326.768
325.465
324.818
323.563
323.844
324.289
324.201
325.06
326.567
326.794
325.399
324.587
324.617
324.087
323.306
337.108
339.936
342.757
341.446
340.964
339.847
338.572
337.251
336.155
314.423
335.596
339.966
342.011
341.416
340.841
339.619
338.114
336.555
334.354
309.984
331.742
337.995
339.774
339.338
338.971
337.893
336.532
334.843
330.389
308.433
329.921
335.832
337.194
336.928
336.908
335.987
334.914
333.148
327.439
307.675
328.439
333.56
334.745
334.44
334.598
333.84
333.093
331.382
325.83
307.261
327.16
331.72
332.786
332.473
332.661
332.009
331.444
329.953
324.925
306.901
325.746
330.287
331.181
330.919
331.08
330.465
329.905
328.783
324.47
306.308
324.06
329.407
330.24
330.077
329.979
329.452
328.788
327.799
324.382
305.301
321.134
328.398
329.244
329.348
328.978
328.582
327.888
326.554
324.317
303.925
314.337
324.663
327.295
327.115
327.72
327.439
326.364
325.211
323.278
303.988
314.605
323.494
325.468
325.792
326.414
326.576
326.116
325.133
323.03
305.393
321.912
328.139
329.413
329.398
329.435
329.268
328.66
327.308
324.814
306.395
324.999
329.601
330.914
330.84
330.597
330.175
329.464
328.149
325.982
306.881
326.14
329.136
330.502
330.709
330.713
330.429
329.88
329.131
326.921
307.094
326.953
328.61
329.82
330.29
330.48
330.46
330.316
330.058
328.128
307.094
326.966
328.615
329.821
330.29
330.49
330.483
330.362
330.143
328.302
306.882
326.15
329.12
330.47
330.676
330.68
330.41
329.893
329.203
327.132
306.396
325.013
329.596
330.922
330.853
330.607
330.189
329.49
328.201
326.162
305.395
321.952
328.197
329.466
329.444
329.469
329.303
328.699
327.364
324.94
303.989
314.638
323.613
325.525
325.824
326.436
326.614
326.162
325.189
323.116
)
;
        refGradient     uniform 0;
        valueFraction   nonuniform List<scalar> 
500
(
0.000301416
0.000301416
0.000301416
0.000301416
0.000301416
0.000301416
0.000301416
0.000301416
0.000301416
0.000301416
0.000301416
0.000301416
0.000301416
0.000301416
0.000301416
0.000301416
0.000301416
0.000301416
0.000301416
0.000301416
0.000301416
0.000301416
0.000301416
0.000301416
0.000301416
0.000301416
0.000301416
0.000301416
0.000301416
0.000301416
0.000301416
0.000301416
0.000301416
0.000301416
0.000301416
0.000301416
0.000301416
0.000301416
0.000301416
0.000301416
0.000301416
0.000301416
0.000301416
0.000301416
0.000301416
0.000301416
0.000301416
0.000301416
0.000301416
0.000301416
0.000301416
0.000301416
0.000301416
0.000301416
0.000301416
0.000301416
0.000301416
0.000301416
0.000301416
0.000301416
0.000301416
0.000301416
0.000301416
0.000301416
0.000301416
0.000301416
0.000301416
0.000301416
0.000301416
0.000301416
0.000301416
0.000301416
0.000301416
0.000301416
0.000301416
0.000301416
0.000301416
0.000301416
0.000301416
0.000301416
0.000301416
0.000301416
0.000301416
0.000301416
0.000301416
0.000301416
0.000301416
0.000301416
0.000301416
0.000301416
0.000301416
0.000301416
0.000301416
0.000301416
0.000301416
0.000301416
0.000301416
0.000301416
0.000301416
0.000301416
0.000302436
0.000302436
0.000302436
0.000302436
0.000302436
0.000302436
0.000302436
0.000302436
0.000302436
0.000302436
0.000302436
0.000302436
0.000302436
0.000302436
0.000302436
0.000302436
0.000302436
0.000302436
0.000302436
0.000302436
0.000302436
0.000302436
0.000302436
0.000302436
0.000302436
0.000302436
0.000302436
0.000302436
0.000302436
0.000302436
0.000302436
0.000302436
0.000302436
0.000302436
0.000302436
0.000302436
0.000302436
0.000302436
0.000302436
0.000302436
0.000302436
0.000302436
0.000302436
0.000302436
0.000302436
0.000302436
0.000302436
0.000302436
0.000302436
0.000302436
0.000302436
0.000302436
0.000302436
0.000302436
0.000302436
0.000302436
0.000302436
0.000302436
0.000302436
0.000302436
0.000302436
0.000302436
0.000302436
0.000302436
0.000302436
0.000302436
0.000302436
0.000302436
0.000302436
0.000302436
0.000302436
0.000302436
0.000302436
0.000302436
0.000302436
0.000302436
0.000302436
0.000302436
0.000302436
0.000302436
0.000302436
0.000302436
0.000302436
0.000302436
0.000302436
0.000302436
0.000302436
0.000302436
0.000302436
0.000302436
0.000302436
0.000302436
0.000302436
0.000302436
0.000302436
0.000302436
0.000302436
0.000302436
0.000302436
0.000302436
0.000300478
0.000300478
0.000300478
0.000300478
0.000300478
0.000300478
0.000300478
0.000300478
0.000300478
0.000300478
0.000300478
0.000300478
0.000300478
0.000300478
0.000300478
0.000300478
0.000300478
0.000300478
0.000300478
0.000300478
0.000300478
0.000300478
0.000300478
0.000300478
0.000300478
0.000300478
0.000300478
0.000300478
0.000300478
0.000300478
0.000300478
0.000300478
0.000300478
0.000300478
0.000300478
0.000300478
0.000300478
0.000300478
0.000300478
0.000300478
0.000300478
0.000300478
0.000300478
0.000300478
0.000300478
0.000300478
0.000300478
0.000300478
0.000300478
0.000300478
0.000300478
0.000300478
0.000300478
0.000300478
0.000300478
0.000300478
0.000300478
0.000300478
0.000300478
0.000300478
0.000300478
0.000300478
0.000300478
0.000300478
0.000300478
0.000300478
0.000300478
0.000300478
0.000300478
0.000300478
0.000300478
0.000300478
0.000300478
0.000300478
0.000300478
0.000300478
0.000300478
0.000300478
0.000300478
0.000300478
0.000300478
0.000300478
0.000300478
0.000300478
0.000300478
0.000300478
0.000300478
0.000300478
0.000300478
0.000300478
0.000300478
0.000300478
0.000300478
0.000300478
0.000300478
0.000300478
0.000300478
0.000300478
0.000300478
0.000300478
0.000302436
0.000302436
0.000302436
0.000302436
0.000302436
0.000302436
0.000302436
0.000302436
0.000302436
0.000302436
0.000302436
0.000302436
0.000302436
0.000302436
0.000302436
0.000302436
0.000302436
0.000302436
0.000302436
0.000302436
0.000302436
0.000302436
0.000302436
0.000302436
0.000302436
0.000302436
0.000302436
0.000302436
0.000302436
0.000302436
0.000302436
0.000302436
0.000302436
0.000302436
0.000302436
0.000302436
0.000302436
0.000302436
0.000302436
0.000302436
0.000302436
0.000302436
0.000302436
0.000302436
0.000302436
0.000302436
0.000302436
0.000302436
0.000302436
0.000302436
0.000302436
0.000302436
0.000302436
0.000302436
0.000302436
0.000302436
0.000302436
0.000302436
0.000302436
0.000302436
0.000302436
0.000302436
0.000302436
0.000302436
0.000302436
0.000302436
0.000302436
0.000302436
0.000302436
0.000302436
0.000302436
0.000302436
0.000302436
0.000302436
0.000302436
0.000302436
0.000302436
0.000302436
0.000302436
0.000302436
0.000302436
0.000302436
0.000302436
0.000302436
0.000302436
0.000302436
0.000302436
0.000302436
0.000302436
0.000302436
0.000302436
0.000302436
0.000302436
0.000302436
0.000302436
0.000302436
0.000302436
0.000302436
0.000302436
0.000302436
0.000301115
0.000301115
0.000301115
0.000301115
0.000301115
0.000301115
0.000301115
0.000301115
0.000301115
0.000301115
0.000301115
0.000301115
0.000301115
0.000301115
0.000301115
0.000301115
0.000301115
0.000301115
0.000301115
0.000301115
0.000301115
0.000301115
0.000301115
0.000301115
0.000301115
0.000301115
0.000301115
0.000301115
0.000301115
0.000301115
0.000301115
0.000301115
0.000301115
0.000301115
0.000301115
0.000301115
0.000301115
0.000301115
0.000301115
0.000301115
0.000301115
0.000301115
0.000301115
0.000301115
0.000301115
0.000301115
0.000301115
0.000301115
0.000301115
0.000301115
0.000301115
0.000301115
0.000301115
0.000301115
0.000301115
0.000301115
0.000301115
0.000301115
0.000301115
0.000301115
0.000301115
0.000301115
0.000301115
0.000301115
0.000301115
0.000301115
0.000301115
0.000301115
0.000301115
0.000301115
0.000301115
0.000301115
0.000301115
0.000301115
0.000301115
0.000301115
0.000301115
0.000301115
0.000301115
0.000301115
0.000301115
0.000301115
0.000301115
0.000301115
0.000301115
0.000301115
0.000301115
0.000301115
0.000301115
0.000301115
0.000301115
0.000301115
0.000301115
0.000301115
0.000301115
0.000301115
0.000301115
0.000301115
0.000301115
0.000301115
)
;
        source          uniform 0;
        Tnbr            T;
        kappaMethod     solidThermo;
        value           nonuniform List<scalar> 
500
(
351.627
351.635
351.638
351.64
351.641
351.641
351.64
351.638
351.635
351.627
348.948
348.961
348.968
348.972
348.974
348.973
348.972
348.968
348.961
348.948
346.382
346.395
346.404
346.409
346.411
346.411
346.409
346.404
346.396
346.382
343.985
343.999
344.008
344.013
344.015
344.015
344.013
344.008
344
343.986
341.813
341.826
341.835
341.841
341.843
341.843
341.841
341.836
341.827
341.814
339.918
339.931
339.939
339.944
339.946
339.946
339.944
339.94
339.931
339.918
338.342
338.355
338.363
338.368
338.37
338.369
338.368
338.363
338.355
338.342
337.123
337.136
337.144
337.148
337.15
337.149
337.147
337.142
337.134
337.121
336.288
336.301
336.309
336.314
336.315
336.315
336.313
336.308
336.299
336.286
335.857
335.87
335.879
335.884
335.885
335.885
335.884
335.879
335.869
335.856
351.627
351.641
351.647
351.65
351.651
351.652
351.651
351.65
351.648
351.644
348.949
348.974
348.987
348.994
348.998
348.999
348.999
348.997
348.992
348.985
346.383
346.412
346.429
346.439
346.444
346.447
346.447
346.445
346.439
346.428
343.987
344.017
344.036
344.047
344.053
344.057
344.058
344.056
344.049
344.038
341.815
341.845
341.864
341.876
341.883
341.888
341.89
341.888
341.882
341.87
339.919
339.948
339.967
339.98
339.988
339.993
339.996
339.994
339.989
339.979
338.342
338.371
338.391
338.404
338.412
338.419
338.422
338.422
338.418
338.409
337.122
337.15
337.171
337.185
337.195
337.202
337.206
337.207
337.203
337.196
336.287
336.316
336.339
336.356
336.366
336.373
336.377
336.378
336.375
336.369
335.857
335.886
335.914
335.932
335.943
335.95
335.955
335.955
335.952
335.946
351.645
351.649
351.65
351.65
351.65
351.65
351.65
351.65
351.649
351.646
348.984
348.989
348.991
348.993
348.993
348.993
348.993
348.992
348.989
348.984
346.426
346.432
346.435
346.438
346.438
346.438
346.438
346.436
346.432
346.426
344.036
344.042
344.046
344.049
344.051
344.051
344.049
344.046
344.042
344.036
341.869
341.875
341.88
341.883
341.885
341.885
341.883
341.88
341.875
341.869
339.978
339.984
339.989
339.993
339.995
339.994
339.992
339.989
339.985
339.978
338.407
338.414
338.419
338.423
338.424
338.424
338.422
338.418
338.414
338.408
337.194
337.201
337.206
337.209
337.211
337.211
337.208
337.205
337.201
337.195
336.367
336.374
336.378
336.382
336.383
336.383
336.381
336.377
336.374
336.368
335.945
335.952
335.956
335.96
335.961
335.961
335.959
335.955
335.952
335.946
351.627
351.641
351.647
351.65
351.651
351.652
351.651
351.65
351.648
351.644
348.949
348.974
348.987
348.995
348.998
349
348.999
348.997
348.992
348.985
346.383
346.412
346.429
346.44
346.445
346.448
346.448
346.445
346.439
346.428
343.986
344.017
344.036
344.047
344.054
344.058
344.058
344.056
344.049
344.037
341.814
341.844
341.864
341.876
341.884
341.888
341.89
341.887
341.881
341.87
339.919
339.948
339.967
339.98
339.988
339.994
339.996
339.994
339.988
339.979
338.343
338.372
338.391
338.404
338.413
338.42
338.422
338.421
338.416
338.408
337.124
337.152
337.172
337.186
337.197
337.203
337.207
337.205
337.202
337.195
336.289
336.317
336.34
336.355
336.366
336.374
336.377
336.377
336.373
336.367
335.858
335.887
335.913
335.931
335.943
335.951
335.955
335.954
335.951
335.945
335.858
335.887
335.912
335.93
335.942
335.95
335.955
335.954
335.951
335.945
335.871
335.899
335.921
335.937
335.949
335.956
335.96
335.96
335.957
335.952
335.88
335.907
335.927
335.943
335.953
335.96
335.964
335.963
335.961
335.957
335.885
335.912
335.93
335.945
335.955
335.962
335.965
335.966
335.965
335.96
335.886
335.913
335.931
335.946
335.955
335.962
335.966
335.967
335.966
335.962
335.886
335.914
335.932
335.946
335.955
335.962
335.966
335.967
335.966
335.962
335.885
335.913
335.932
335.946
335.955
335.961
335.965
335.966
335.964
335.959
335.88
335.908
335.929
335.944
335.953
335.959
335.962
335.963
335.961
335.956
335.87
335.9
335.923
335.938
335.948
335.955
335.959
335.961
335.958
335.952
335.857
335.886
335.914
335.931
335.942
335.95
335.955
335.955
335.952
335.946
)
;
    }
}


// ************************************************************************* //
