/*--------------------------------*- C++ -*----------------------------------*\
| =========                 |                                                 |
| \\      /  F ield         | OpenFOAM: The Open Source CFD Toolbox           |
|  \\    /   O peration     | Version:  2412                                  |
|   \\  /    A nd           | Website:  www.openfoam.com                      |
|    \\/     M anipulation  |                                                 |
\*---------------------------------------------------------------------------*/
FoamFile
{
    version     2.0;
    format      ascii;
    arch        "LSB;label=32;scalar=64";
    class       volScalarField;
    location    "2.9/solid";
    object      wallHeatFlux;
}
// * * * * * * * * * * * * * * * * * * * * * * * * * * * * * * * * * * * * * //

dimensions      [1 0 -3 0 0 0 0];

internalField   uniform 0;

boundaryField
{
    bodyBottom
    {
        type            calculated;
        value           nonuniform List<scalar> 
100
(
279620
278390
277775
277365
277365
277365
277365
277775
278390
279620
277570
276955
276545
276340
276340
276340
276340
276545
276955
277775
276750
276135
275930
275725
275725
275725
275725
275930
276135
276750
276135
275725
275520
275315
275315
275315
275315
275520
275725
276135
275930
275520
275315
275110
275110
275110
275110
275315
275520
275930
275725
275315
275110
275110
275110
275110
275110
275110
275315
275725
275725
275315
275110
275110
274905
274905
275110
275110
275315
275725
275930
275520
275315
275110
275110
275110
275110
275315
275520
275930
276340
275725
275520
275315
275315
275315
275315
275520
275725
276340
276955
276340
276135
275930
275930
275930
275930
276135
276340
276955
)
;
    }
    solid_to_fluid
    {
        type            calculated;
        value           nonuniform List<scalar> 
500
(
-1845
-1435
-1435
-1435
-1230
-1230
-1435
-1435
-1435
-1845
-2460
-2050
-1845
-1845
-1640
-1845
-1640
-1845
-2050
-2460
-2665
-2460
-2255
-2050
-2050
-2050
-2050
-2255
-2255
-2665
-2665
-2460
-2255
-2255
-2255
-2255
-2255
-2460
-2255
-2665
-2665
-2460
-2255
-2050
-2050
-2050
-2255
-2255
-2460
-2460
-2460
-2255
-2255
-2050
-2050
-2050
-2255
-2050
-2255
-2460
-2460
-2255
-2255
-2050
-1845
-2050
-2050
-2255
-2255
-2255
-2460
-2255
-2050
-2255
-2050
-2050
-2050
-2255
-2255
-2460
-2460
-2255
-2255
-2255
-2255
-2050
-2255
-2255
-2460
-2460
-2460
-2460
-2460
-2255
-2460
-2460
-2255
-2255
-2460
-2460
-1845
-820
-615
-615
-615
-615
-820
-820
-820
-1025
-2255
-820
-615
-615
-615
-615
-615
-615
-820
-1025
-2460
-1025
-615
-410
-615
-615
-820
-615
-820
-1230
-2460
-1025
-615
-615
-820
-615
-820
-615
-820
-1230
-2255
-1025
-820
-820
-820
-615
-615
-615
-820
-1230
-2255
-1025
-820
-820
-615
-820
-615
-820
-1025
-1230
-2255
-1025
-820
-615
-820
-820
-820
-820
-820
-1230
-2255
-1230
-820
-820
-820
-820
-820
-820
-1025
-1025
-2255
-1230
-1025
-820
-820
-820
-1025
-820
-1025
-1025
-2255
-1845
-1025
-820
-820
-1025
-820
-1025
-1025
-1230
-820
-615
-615
-820
-820
-820
-820
-615
-615
-615
-1025
-1025
-1230
-1025
-1230
-1230
-1025
-1025
-1025
-1230
-1435
-1435
-1640
-1435
-1640
-1640
-1435
-1435
-1435
-1640
-1435
-1435
-1435
-1435
-1230
-1230
-1435
-1435
-1435
-1640
-1435
-1435
-1435
-1435
-1230
-1230
-1435
-1230
-1435
-1435
-1435
-1435
-1435
-1230
-1025
-1230
-1230
-1230
-1230
-1435
-1435
-1230
-1230
-1025
-1025
-1025
-1025
-1230
-1230
-1435
-1230
-1230
-1025
-1025
-820
-820
-1025
-1025
-1230
-1230
-1230
-1025
-1025
-1025
-1025
-820
-820
-1025
-1025
-1230
-1230
-1025
-1230
-1025
-1025
-1025
-1025
-1230
-1025
-1230
-1845
-1025
-615
-615
-615
-615
-820
-820
-820
-1025
-2255
-1025
-615
-410
-615
-615
-615
-615
-820
-820
-2460
-1025
-820
-410
-615
-410
-615
-615
-820
-1025
-2460
-1025
-615
-820
-615
-615
-820
-615
-820
-1230
-2460
-1025
-615
-820
-615
-820
-615
-820
-1025
-1230
-2255
-1025
-615
-615
-820
-615
-820
-820
-1025
-1230
-2255
-1025
-820
-820
-820
-615
-820
-820
-1025
-1230
-2255
-1230
-820
-820
-615
-820
-820
-1025
-820
-1025
-2255
-1435
-820
-820
-820
-820
-1025
-820
-1025
-1230
-2255
-1640
-1025
-820
-820
-820
-820
-1025
-1025
-1230
-2255
-1640
-1230
-1025
-1025
-1025
-820
-1025
-1025
-1230
-2255
-1435
-820
-820
-615
-820
-820
-820
-820
-1025
-2255
-1025
-820
-615
-615
-615
-615
-820
-1025
-1025
-2050
-1025
-820
-820
-615
-615
-820
-615
-820
-1025
-2255
-1025
-820
-615
-820
-615
-615
-615
-820
-820
-2255
-1025
-820
-820
-820
-615
-820
-820
-820
-820
-2050
-1025
-820
-615
-615
-820
-820
-820
-820
-1025
-2050
-1025
-820
-615
-615
-615
-820
-820
-820
-1025
-2255
-1230
-820
-820
-820
-820
-820
-820
-820
-1025
-2255
-1845
-1025
-1025
-1025
-1025
-820
-1025
-1025
-1230
)
;
    }
}


// ************************************************************************* //
