/*--------------------------------*- C++ -*----------------------------------*\
| =========                 |                                                 |
| \\      /  F ield         | OpenFOAM: The Open Source CFD Toolbox           |
|  \\    /   O peration     | Version:  2412                                  |
|   \\  /    A nd           | Website:  www.openfoam.com                      |
|    \\/     M anipulation  |                                                 |
\*---------------------------------------------------------------------------*/
FoamFile
{
    version     2.0;
    format      ascii;
    arch        "LSB;label=32;scalar=64";
    class       volScalarField;
    location    "3.3/solid";
    object      T;
}
// * * * * * * * * * * * * * * * * * * * * * * * * * * * * * * * * * * * * * //

dimensions      [0 0 0 1 0 0 0];

internalField   nonuniform List<scalar> 
1000
(
351.884
351.893
351.898
351.901
351.902
351.903
351.903
351.902
351.9
351.897
351.89
351.897
351.901
351.903
351.904
351.905
351.905
351.904
351.903
351.9
351.893
351.899
351.902
351.904
351.905
351.906
351.906
351.905
351.904
351.901
351.894
351.9
351.903
351.905
351.906
351.906
351.906
351.906
351.905
351.902
351.895
351.9
351.903
351.905
351.906
351.906
351.907
351.906
351.905
351.902
351.895
351.9
351.903
351.905
351.906
351.906
351.907
351.906
351.905
351.902
351.894
351.9
351.903
351.905
351.906
351.906
351.906
351.906
351.905
351.902
351.893
351.899
351.902
351.904
351.905
351.906
351.906
351.905
351.904
351.901
351.89
351.897
351.901
351.903
351.904
351.905
351.905
351.904
351.903
351.9
351.884
351.893
351.898
351.901
351.902
351.903
351.903
351.902
351.9
351.897
349.697
349.715
349.727
349.735
349.738
349.74
349.74
349.738
349.734
349.727
349.708
349.722
349.731
349.738
349.741
349.743
349.743
349.742
349.738
349.732
349.714
349.726
349.734
349.74
349.743
349.745
349.745
349.744
349.741
349.734
349.718
349.729
349.736
349.741
349.744
349.746
349.746
349.745
349.742
349.736
349.719
349.73
349.737
349.742
349.745
349.746
349.747
349.746
349.743
349.736
349.719
349.73
349.737
349.742
349.745
349.746
349.747
349.746
349.743
349.736
349.717
349.729
349.736
349.741
349.744
349.746
349.746
349.745
349.742
349.736
349.714
349.726
349.734
349.74
349.743
349.745
349.745
349.744
349.74
349.734
349.708
349.722
349.731
349.738
349.741
349.743
349.743
349.742
349.738
349.732
349.696
349.715
349.727
349.734
349.738
349.74
349.74
349.738
349.734
349.727
347.602
347.625
347.641
347.651
347.657
347.66
347.66
347.657
347.652
347.642
347.614
347.632
347.645
347.655
347.66
347.663
347.664
347.661
347.656
347.648
347.622
347.638
347.649
347.657
347.662
347.665
347.666
347.664
347.66
347.652
347.627
347.641
347.652
347.659
347.664
347.666
347.667
347.666
347.662
347.654
347.629
347.643
347.653
347.66
347.664
347.667
347.668
347.667
347.663
347.655
347.629
347.643
347.653
347.66
347.664
347.667
347.668
347.667
347.663
347.655
347.627
347.641
347.651
347.659
347.664
347.666
347.667
347.666
347.662
347.654
347.622
347.638
347.649
347.657
347.662
347.665
347.666
347.664
347.659
347.652
347.615
347.632
347.645
347.654
347.66
347.663
347.663
347.661
347.656
347.648
347.602
347.624
347.64
347.65
347.656
347.659
347.66
347.657
347.652
347.642
345.646
345.67
345.688
345.701
345.708
345.712
345.713
345.71
345.704
345.694
345.659
345.678
345.694
345.704
345.711
345.715
345.716
345.714
345.709
345.7
345.667
345.684
345.697
345.707
345.714
345.717
345.719
345.717
345.712
345.704
345.673
345.688
345.7
345.709
345.715
345.719
345.72
345.719
345.715
345.707
345.675
345.69
345.702
345.71
345.716
345.72
345.721
345.72
345.716
345.708
345.675
345.69
345.702
345.71
345.716
345.72
345.721
345.72
345.716
345.708
345.673
345.689
345.701
345.71
345.715
345.719
345.72
345.719
345.715
345.707
345.668
345.685
345.698
345.707
345.714
345.717
345.718
345.717
345.712
345.704
345.66
345.679
345.694
345.704
345.711
345.715
345.716
345.714
345.709
345.7
345.646
345.671
345.688
345.7
345.707
345.711
345.712
345.71
345.704
345.694
343.874
343.899
343.917
343.93
343.939
343.944
343.945
343.943
343.937
343.927
343.887
343.906
343.923
343.935
343.942
343.947
343.949
343.947
343.942
343.934
343.895
343.912
343.926
343.938
343.945
343.95
343.952
343.95
343.946
343.938
343.9
343.917
343.93
343.94
343.947
343.951
343.953
343.952
343.949
343.941
343.903
343.918
343.931
343.941
343.948
343.952
343.954
343.953
343.95
343.943
343.903
343.919
343.931
343.941
343.948
343.952
343.954
343.954
343.95
343.943
343.901
343.917
343.93
343.94
343.947
343.951
343.953
343.953
343.949
343.941
343.896
343.914
343.928
343.938
343.945
343.949
343.951
343.95
343.946
343.938
343.887
343.907
343.923
343.935
343.942
343.947
343.949
343.947
343.942
343.934
343.874
343.899
343.918
343.93
343.938
343.943
343.945
343.943
343.937
343.927
342.327
342.352
342.37
342.384
342.394
342.399
342.402
342.4
342.395
342.386
342.34
342.36
342.376
342.389
342.397
342.403
342.406
342.404
342.4
342.393
342.349
342.366
342.38
342.392
342.4
342.406
342.408
342.407
342.404
342.397
342.354
342.37
342.383
342.395
342.402
342.408
342.41
342.41
342.407
342.401
342.355
342.371
342.384
342.395
342.403
342.408
342.411
342.411
342.408
342.402
342.356
342.372
342.385
342.395
342.403
342.408
342.411
342.411
342.408
342.402
342.354
342.37
342.384
342.395
342.402
342.407
342.41
342.41
342.406
342.4
342.349
342.366
342.381
342.392
342.4
342.405
342.408
342.407
342.403
342.397
342.34
342.36
342.377
342.389
342.397
342.402
342.405
342.404
342.4
342.393
342.327
342.352
342.371
342.384
342.393
342.399
342.401
342.4
342.395
342.386
341.042
341.066
341.085
341.1
341.11
341.116
341.119
341.118
341.114
341.106
341.054
341.074
341.091
341.104
341.114
341.12
341.123
341.122
341.119
341.113
341.063
341.08
341.095
341.108
341.117
341.123
341.126
341.126
341.123
341.118
341.068
341.084
341.098
341.11
341.119
341.125
341.128
341.128
341.126
341.121
341.069
341.085
341.099
341.111
341.119
341.125
341.128
341.129
341.127
341.122
341.069
341.085
341.099
341.111
341.119
341.125
341.129
341.129
341.127
341.122
341.068
341.084
341.098
341.11
341.118
341.125
341.128
341.128
341.125
341.12
341.063
341.08
341.095
341.107
341.116
341.122
341.126
341.125
341.122
341.117
341.054
341.074
341.091
341.104
341.113
341.119
341.123
341.123
341.119
341.113
341.041
341.066
341.085
341.099
341.109
341.116
341.119
341.119
341.115
341.107
340.046
340.071
340.091
340.106
340.117
340.125
340.128
340.127
340.124
340.117
340.059
340.079
340.096
340.111
340.122
340.129
340.132
340.132
340.129
340.124
340.067
340.085
340.101
340.115
340.125
340.132
340.135
340.135
340.133
340.128
340.072
340.089
340.104
340.118
340.127
340.133
340.137
340.138
340.136
340.132
340.074
340.09
340.105
340.118
340.127
340.134
340.138
340.138
340.137
340.133
340.073
340.09
340.105
340.118
340.127
340.134
340.138
340.139
340.137
340.133
340.071
340.088
340.104
340.117
340.126
340.133
340.137
340.138
340.136
340.131
340.066
340.084
340.101
340.114
340.124
340.131
340.134
340.135
340.132
340.128
340.057
340.078
340.096
340.11
340.12
340.127
340.132
340.132
340.129
340.124
340.044
340.069
340.09
340.105
340.116
340.124
340.128
340.128
340.125
340.118
339.363
339.389
339.411
339.428
339.44
339.448
339.452
339.452
339.448
339.443
339.377
339.398
339.417
339.433
339.445
339.452
339.456
339.456
339.454
339.449
339.385
339.405
339.422
339.438
339.448
339.456
339.46
339.459
339.458
339.454
339.39
339.409
339.426
339.441
339.451
339.458
339.461
339.462
339.461
339.457
339.392
339.411
339.427
339.441
339.451
339.458
339.462
339.463
339.462
339.458
339.392
339.411
339.428
339.441
339.451
339.458
339.462
339.464
339.462
339.458
339.39
339.409
339.427
339.441
339.45
339.457
339.462
339.462
339.46
339.456
339.384
339.405
339.423
339.438
339.448
339.455
339.459
339.459
339.457
339.453
339.375
339.397
339.417
339.433
339.444
339.451
339.456
339.457
339.454
339.449
339.362
339.388
339.411
339.428
339.44
339.447
339.452
339.452
339.449
339.443
339.008
339.037
339.062
339.081
339.094
339.102
339.107
339.106
339.103
339.097
339.023
339.048
339.07
339.087
339.1
339.108
339.112
339.112
339.109
339.104
339.032
339.056
339.076
339.093
339.104
339.112
339.116
339.116
339.114
339.109
339.038
339.061
339.08
339.096
339.106
339.114
339.118
339.118
339.117
339.112
339.039
339.063
339.081
339.097
339.107
339.114
339.118
339.119
339.118
339.114
339.039
339.063
339.082
339.097
339.107
339.114
339.119
339.12
339.118
339.114
339.037
339.062
339.081
339.096
339.106
339.113
339.118
339.118
339.116
339.112
339.032
339.057
339.078
339.093
339.104
339.11
339.114
339.115
339.113
339.108
339.022
339.048
339.071
339.088
339.099
339.107
339.111
339.112
339.11
339.104
339.008
339.036
339.063
339.082
339.094
339.102
339.107
339.107
339.104
339.098
)
;

boundaryField
{
    bodyBottom
    {
        type            fixedValue;
        value           uniform 353;
    }
    solid_to_fluid
    {
        type            compressible::turbulentTemperatureCoupledBaffleMixed;
        refValue        nonuniform List<scalar> 
500
(
322.555
327.079
329.039
330.179
330.746
330.746
330.179
329.039
327.079
322.551
311.788
316.386
320.171
322.196
323.085
323.085
322.195
320.17
316.384
311.785
306.939
310.42
313.356
314.918
315.601
315.6
314.916
313.354
310.418
306.936
305.58
308.646
311.167
312.449
312.994
312.993
312.448
311.166
308.645
305.578
305.083
308.016
310.386
311.559
312.058
312.058
311.558
310.385
308.015
305.081
304.948
307.868
310.226
311.376
311.867
311.866
311.375
310.225
307.866
304.946
304.786
307.647
309.982
311.102
311.577
311.576
311.101
309.981
307.645
304.784
304.219
306.859
309.039
310.061
310.484
310.483
310.059
309.037
306.857
304.217
302.962
305.152
306.993
307.845
308.194
308.192
307.843
306.99
305.149
302.959
301.391
302.984
304.35
304.962
305.201
305.2
304.96
304.348
302.981
301.388
323.575
337.383
340.205
343.026
341.71
341.235
340.127
338.861
337.554
336.514
314.788
336.167
340.543
342.602
342.002
341.431
340.218
338.723
337.198
335.145
310.417
332.598
338.947
340.746
340.297
339.927
338.853
337.498
335.859
331.63
308.957
331.065
337.142
338.53
338.254
338.237
337.306
336.237
334.535
328.97
308.295
329.859
335.191
336.407
336.095
336.279
335.502
334.756
333.106
327.591
307.992
328.83
333.636
334.749
334.43
334.652
333.979
333.409
331.954
326.894
307.711
327.597
332.447
333.405
333.139
333.325
332.695
332.115
330.991
326.62
307.162
326.011
331.77
332.678
332.521
332.434
331.89
331.192
330.174
326.679
306.146
323.033
330.866
331.797
331.932
331.554
331.149
330.431
329.022
326.676
304.706
315.849
326.945
329.78
329.61
330.275
329.995
328.847
327.632
325.611
340.597
340.821
340.305
339.883
339.717
339.917
340.222
340.695
341.191
340.838
332.54
333.267
332.523
331.667
331.206
331.646
332.319
333.268
333.974
333.109
325.282
326.011
325.419
324.92
325.044
325.39
325.519
326.15
326.746
325.9
322.724
323.732
323.751
324.192
325.453
325.743
324.904
324.596
324.521
323.344
322.407
323.68
324.037
325.022
326.968
327.279
325.927
325.025
324.494
322.979
322.538
323.955
324.56
325.977
328.396
328.757
327.116
325.759
324.853
323.109
323.077
324.547
325.284
326.959
329.5
329.939
328.242
326.644
325.509
323.648
324.049
325.432
326.107
327.771
330.129
330.583
329.066
327.502
326.375
324.572
325.392
326.404
326.686
328.002
330.004
330.537
329.204
327.951
327.199
325.763
326.198
326.432
325.965
326.708
328.357
328.914
327.786
327.02
326.977
326.313
323.582
337.393
340.22
343.031
341.715
341.216
340.084
338.798
337.486
336.465
314.795
336.185
340.56
342.607
342.006
341.414
340.172
338.654
337.109
335.001
310.423
332.62
338.969
340.767
340.318
339.937
338.832
337.441
335.76
331.392
308.961
331.094
337.182
338.577
338.299
338.263
337.315
336.207
334.458
328.721
308.3
329.894
335.247
336.478
336.169
336.334
335.54
334.76
333.073
327.401
307.997
328.869
333.702
334.831
334.517
334.723
334.038
333.442
331.96
326.76
307.715
327.635
332.516
333.493
333.235
333.411
332.769
332.172
331.029
326.54
307.166
326.045
331.836
332.772
332.624
332.533
331.98
331.274
330.24
326.669
306.15
323.051
330.915
331.891
332.051
331.685
331.27
330.54
329.115
326.741
304.71
315.856
326.919
329.825
329.702
330.376
330.166
329.027
327.755
325.734
304.795
316.251
325.959
327.978
328.32
328.99
329.199
328.712
327.641
325.388
306.301
324.095
330.845
332.229
332.206
332.235
332.053
331.387
329.927
327.3
307.373
327.342
332.278
333.726
333.665
333.409
332.964
332.207
330.793
328.394
307.891
328.529
331.723
333.157
333.398
333.407
333.133
332.592
331.81
329.258
308.115
329.368
331.223
332.501
333.003
333.213
333.197
333.052
332.768
330.488
308.111
329.324
331.29
332.588
333.073
333.237
333.208
333.055
332.789
330.728
307.886
328.556
331.885
333.35
333.537
333.518
333.189
332.583
331.811
329.601
307.366
327.326
332.343
333.744
333.659
333.39
332.928
332.16
330.751
328.58
306.294
324.009
330.744
332.11
332.102
332.142
331.963
331.312
329.864
327.232
304.788
316.194
325.783
327.879
328.225
328.898
329.075
328.583
327.528
325.301
)
;
        refGradient     uniform 0;
        valueFraction   nonuniform List<scalar> 
500
(
0.000301416
0.000301416
0.000301416
0.000301416
0.000301416
0.000301416
0.000301416
0.000301416
0.000301416
0.000301416
0.000301416
0.000301416
0.000301416
0.000301416
0.000301416
0.000301416
0.000301416
0.000301416
0.000301416
0.000301416
0.000301416
0.000301416
0.000301416
0.000301416
0.000301416
0.000301416
0.000301416
0.000301416
0.000301416
0.000301416
0.000301416
0.000301416
0.000301416
0.000301416
0.000301416
0.000301416
0.000301416
0.000301416
0.000301416
0.000301416
0.000301416
0.000301416
0.000301416
0.000301416
0.000301416
0.000301416
0.000301416
0.000301416
0.000301416
0.000301416
0.000301416
0.000301416
0.000301416
0.000301416
0.000301416
0.000301416
0.000301416
0.000301416
0.000301416
0.000301416
0.000301416
0.000301416
0.000301416
0.000301416
0.000301416
0.000301416
0.000301416
0.000301416
0.000301416
0.000301416
0.000301416
0.000301416
0.000301416
0.000301416
0.000301416
0.000301416
0.000301416
0.000301416
0.000301416
0.000301416
0.000301416
0.000301416
0.000301416
0.000301416
0.000301416
0.000301416
0.000301416
0.000301416
0.000301416
0.000301416
0.000301416
0.000301416
0.000301416
0.000301416
0.000301416
0.000301416
0.000301416
0.000301416
0.000301416
0.000301416
0.000302436
0.000302436
0.000302436
0.000302436
0.000302436
0.000302436
0.000302436
0.000302436
0.000302436
0.000302436
0.000302436
0.000302436
0.000302436
0.000302436
0.000302436
0.000302436
0.000302436
0.000302436
0.000302436
0.000302436
0.000302436
0.000302436
0.000302436
0.000302436
0.000302436
0.000302436
0.000302436
0.000302436
0.000302436
0.000302436
0.000302436
0.000302436
0.000302436
0.000302436
0.000302436
0.000302436
0.000302436
0.000302436
0.000302436
0.000302436
0.000302436
0.000302436
0.000302436
0.000302436
0.000302436
0.000302436
0.000302436
0.000302436
0.000302436
0.000302436
0.000302436
0.000302436
0.000302436
0.000302436
0.000302436
0.000302436
0.000302436
0.000302436
0.000302436
0.000302436
0.000302436
0.000302436
0.000302436
0.000302436
0.000302436
0.000302436
0.000302436
0.000302436
0.000302436
0.000302436
0.000302436
0.000302436
0.000302436
0.000302436
0.000302436
0.000302436
0.000302436
0.000302436
0.000302436
0.000302436
0.000302436
0.000302436
0.000302436
0.000302436
0.000302436
0.000302436
0.000302436
0.000302436
0.000302436
0.000302436
0.000302436
0.000302436
0.000302436
0.000302436
0.000302436
0.000302436
0.000302436
0.000302436
0.000302436
0.000302436
0.000300478
0.000300478
0.000300478
0.000300478
0.000300478
0.000300478
0.000300478
0.000300478
0.000300478
0.000300478
0.000300478
0.000300478
0.000300478
0.000300478
0.000300478
0.000300478
0.000300478
0.000300478
0.000300478
0.000300478
0.000300478
0.000300478
0.000300478
0.000300478
0.000300478
0.000300478
0.000300478
0.000300478
0.000300478
0.000300478
0.000300478
0.000300478
0.000300478
0.000300478
0.000300478
0.000300478
0.000300478
0.000300478
0.000300478
0.000300478
0.000300478
0.000300478
0.000300478
0.000300478
0.000300478
0.000300478
0.000300478
0.000300478
0.000300478
0.000300478
0.000300478
0.000300478
0.000300478
0.000300478
0.000300478
0.000300478
0.000300478
0.000300478
0.000300478
0.000300478
0.000300478
0.000300478
0.000300478
0.000300478
0.000300478
0.000300478
0.000300478
0.000300478
0.000300478
0.000300478
0.000300478
0.000300478
0.000300478
0.000300478
0.000300478
0.000300478
0.000300478
0.000300478
0.000300478
0.000300478
0.000300478
0.000300478
0.000300478
0.000300478
0.000300478
0.000300478
0.000300478
0.000300478
0.000300478
0.000300478
0.000300478
0.000300478
0.000300478
0.000300478
0.000300478
0.000300478
0.000300478
0.000300478
0.000300478
0.000300478
0.000302436
0.000302436
0.000302436
0.000302436
0.000302436
0.000302436
0.000302436
0.000302436
0.000302436
0.000302436
0.000302436
0.000302436
0.000302436
0.000302436
0.000302436
0.000302436
0.000302436
0.000302436
0.000302436
0.000302436
0.000302436
0.000302436
0.000302436
0.000302436
0.000302436
0.000302436
0.000302436
0.000302436
0.000302436
0.000302436
0.000302436
0.000302436
0.000302436
0.000302436
0.000302436
0.000302436
0.000302436
0.000302436
0.000302436
0.000302436
0.000302436
0.000302436
0.000302436
0.000302436
0.000302436
0.000302436
0.000302436
0.000302436
0.000302436
0.000302436
0.000302436
0.000302436
0.000302436
0.000302436
0.000302436
0.000302436
0.000302436
0.000302436
0.000302436
0.000302436
0.000302436
0.000302436
0.000302436
0.000302436
0.000302436
0.000302436
0.000302436
0.000302436
0.000302436
0.000302436
0.000302436
0.000302436
0.000302436
0.000302436
0.000302436
0.000302436
0.000302436
0.000302436
0.000302436
0.000302436
0.000302436
0.000302436
0.000302436
0.000302436
0.000302436
0.000302436
0.000302436
0.000302436
0.000302436
0.000302436
0.000302436
0.000302436
0.000302436
0.000302436
0.000302436
0.000302436
0.000302436
0.000302436
0.000302436
0.000302436
0.000301115
0.000301115
0.000301115
0.000301115
0.000301115
0.000301115
0.000301115
0.000301115
0.000301115
0.000301115
0.000301115
0.000301115
0.000301115
0.000301115
0.000301115
0.000301115
0.000301115
0.000301115
0.000301115
0.000301115
0.000301115
0.000301115
0.000301115
0.000301115
0.000301115
0.000301115
0.000301115
0.000301115
0.000301115
0.000301115
0.000301115
0.000301115
0.000301115
0.000301115
0.000301115
0.000301115
0.000301115
0.000301115
0.000301115
0.000301115
0.000301115
0.000301115
0.000301115
0.000301115
0.000301115
0.000301115
0.000301115
0.000301115
0.000301115
0.000301115
0.000301115
0.000301115
0.000301115
0.000301115
0.000301115
0.000301115
0.000301115
0.000301115
0.000301115
0.000301115
0.000301115
0.000301115
0.000301115
0.000301115
0.000301115
0.000301115
0.000301115
0.000301115
0.000301115
0.000301115
0.000301115
0.000301115
0.000301115
0.000301115
0.000301115
0.000301115
0.000301115
0.000301115
0.000301115
0.000301115
0.000301115
0.000301115
0.000301115
0.000301115
0.000301115
0.000301115
0.000301115
0.000301115
0.000301115
0.000301115
0.000301115
0.000301115
0.000301115
0.000301115
0.000301115
0.000301115
0.000301115
0.000301115
0.000301115
0.000301115
)
;
        source          uniform 0;
        Tnbr            T;
        kappaMethod     solidThermo;
        value           nonuniform List<scalar> 
500
(
351.875
351.882
351.886
351.888
351.888
351.888
351.888
351.886
351.882
351.875
349.685
349.697
349.705
349.709
349.711
349.711
349.709
349.705
349.697
349.685
347.589
347.603
347.611
347.617
347.619
347.618
347.616
347.612
347.603
347.589
345.633
345.647
345.656
345.662
345.664
345.664
345.662
345.657
345.648
345.633
343.861
343.875
343.884
343.89
343.892
343.892
343.89
343.885
343.876
343.861
342.315
342.329
342.338
342.343
342.345
342.345
342.343
342.338
342.329
342.315
341.029
341.043
341.052
341.057
341.059
341.059
341.057
341.052
341.043
341.029
340.034
340.047
340.057
340.062
340.063
340.063
340.061
340.055
340.046
340.032
339.351
339.365
339.374
339.379
339.381
339.381
339.379
339.373
339.363
339.349
338.996
339.01
339.02
339.026
339.028
339.028
339.026
339.02
339.01
338.995
351.875
351.889
351.894
351.898
351.899
351.899
351.899
351.898
351.896
351.892
349.685
349.711
349.724
349.732
349.735
349.737
349.737
349.734
349.73
349.722
347.59
347.619
347.637
347.647
347.653
347.656
347.656
347.654
347.647
347.637
345.634
345.665
345.685
345.697
345.704
345.708
345.709
345.706
345.7
345.688
343.862
343.894
343.914
343.927
343.935
343.94
343.941
343.939
343.933
343.921
342.316
342.347
342.367
342.381
342.39
342.395
342.398
342.396
342.391
342.38
341.03
341.06
341.081
341.096
341.105
341.112
341.115
341.115
341.11
341.101
340.033
340.064
340.086
340.102
340.113
340.12
340.124
340.124
340.12
340.112
339.35
339.381
339.407
339.424
339.436
339.443
339.448
339.448
339.445
339.438
338.996
339.028
339.058
339.077
339.089
339.098
339.102
339.103
339.099
339.092
351.893
351.896
351.898
351.898
351.898
351.898
351.898
351.898
351.897
351.893
349.721
349.727
349.729
349.73
349.73
349.731
349.73
349.729
349.727
349.722
347.635
347.641
347.644
347.646
347.647
347.647
347.647
347.645
347.641
347.635
345.686
345.692
345.696
345.7
345.701
345.701
345.7
345.697
345.693
345.686
343.92
343.927
343.931
343.935
343.937
343.937
343.935
343.931
343.927
343.92
342.379
342.386
342.391
342.394
342.397
342.397
342.394
342.391
342.386
342.379
341.099
341.106
341.111
341.115
341.117
341.117
341.115
341.111
341.107
341.1
340.111
340.118
340.123
340.127
340.129
340.129
340.126
340.122
340.118
340.112
339.437
339.443
339.448
339.452
339.454
339.454
339.451
339.448
339.444
339.437
339.092
339.099
339.103
339.107
339.109
339.109
339.107
339.103
339.099
339.092
351.875
351.889
351.895
351.898
351.899
351.9
351.899
351.898
351.896
351.892
349.686
349.711
349.724
349.732
349.736
349.737
349.737
349.734
349.73
349.722
347.59
347.62
347.637
347.648
347.654
347.657
347.657
347.654
347.648
347.637
345.634
345.665
345.685
345.698
345.705
345.709
345.709
345.706
345.7
345.688
343.862
343.893
343.914
343.927
343.935
343.94
343.942
343.939
343.933
343.921
342.316
342.346
342.367
342.381
342.39
342.396
342.398
342.396
342.39
342.38
341.03
341.061
341.081
341.096
341.106
341.113
341.116
341.114
341.109
341.101
340.035
340.065
340.087
340.103
340.114
340.121
340.124
340.123
340.119
340.112
339.352
339.383
339.407
339.424
339.436
339.444
339.448
339.447
339.444
339.437
338.997
339.028
339.057
339.077
339.09
339.098
339.103
339.102
339.098
339.092
338.997
339.028
339.057
339.076
339.089
339.098
339.102
339.102
339.098
339.092
339.011
339.042
339.066
339.084
339.096
339.104
339.108
339.108
339.105
339.099
339.021
339.051
339.072
339.09
339.101
339.108
339.112
339.112
339.11
339.104
339.027
339.056
339.076
339.093
339.103
339.11
339.114
339.115
339.113
339.108
339.029
339.058
339.078
339.093
339.104
339.111
339.115
339.116
339.115
339.11
339.029
339.059
339.078
339.093
339.104
339.111
339.115
339.116
339.115
339.11
339.027
339.057
339.078
339.093
339.103
339.11
339.114
339.115
339.113
339.107
339.021
339.052
339.074
339.09
339.101
339.107
339.111
339.112
339.109
339.103
339.011
339.042
339.067
339.085
339.096
339.103
339.108
339.108
339.105
339.099
338.996
339.028
339.057
339.077
339.089
339.097
339.102
339.103
339.099
339.092
)
;
    }
}


// ************************************************************************* //
