/*--------------------------------*- C++ -*----------------------------------*\
| =========                 |                                                 |
| \\      /  F ield         | OpenFOAM: The Open Source CFD Toolbox           |
|  \\    /   O peration     | Version:  2412                                  |
|   \\  /    A nd           | Website:  www.openfoam.com                      |
|    \\/     M anipulation  |                                                 |
\*---------------------------------------------------------------------------*/
FoamFile
{
    version     2.0;
    format      ascii;
    arch        "LSB;label=32;scalar=64";
    class       volScalarField;
    location    "3.3/solid";
    object      wallHeatFlux;
}
// * * * * * * * * * * * * * * * * * * * * * * * * * * * * * * * * * * * * * //

dimensions      [1 0 -3 0 0 0 0];

internalField   uniform 0;

boundaryField
{
    bodyBottom
    {
        type            calculated;
        value           nonuniform List<scalar> 
100
(
228780
227550
226935
226730
226525
226525
226730
226935
227550
228780
226935
226115
225705
225500
225500
225500
225500
225705
226115
226935
225910
225295
225090
224885
224885
224885
224885
225090
225295
225910
225295
224885
224680
224475
224475
224475
224475
224680
224885
225295
225090
224680
224475
224270
224270
224270
224270
224475
224680
225090
224885
224475
224270
224270
224270
224270
224270
224270
224475
224885
224885
224475
224270
224270
224065
224065
224270
224270
224475
224885
225090
224680
224475
224270
224270
224270
224270
224475
224680
225090
225500
224885
224680
224475
224475
224475
224475
224680
224885
225500
226115
225500
225295
225090
225090
225090
225090
225295
225500
226115
)
;
    }
    solid_to_fluid
    {
        type            calculated;
        value           nonuniform List<scalar> 
500
(
-1845
-1640
-1435
-1230
-1435
-1435
-1230
-1435
-1640
-1845
-2460
-2255
-1845
-1845
-1640
-1640
-1640
-1845
-2255
-2255
-2665
-2255
-2255
-2050
-2050
-2255
-2255
-2050
-2460
-2665
-2665
-2460
-2255
-2255
-2255
-2255
-2255
-2255
-2460
-2665
-2665
-2460
-2255
-2050
-2255
-2255
-2255
-2255
-2255
-2665
-2460
-2255
-2255
-2255
-2050
-2255
-2255
-2255
-2255
-2460
-2665
-2255
-2255
-2255
-2050
-2050
-2255
-2255
-2255
-2460
-2460
-2460
-2050
-2050
-2255
-2050
-2050
-2255
-2255
-2460
-2460
-2460
-2255
-2255
-2255
-2255
-2255
-2255
-2460
-2665
-2460
-2665
-2460
-2460
-2255
-2255
-2255
-2460
-2460
-2665
-1845
-820
-820
-615
-615
-820
-820
-820
-820
-1025
-2255
-820
-615
-410
-615
-615
-615
-820
-820
-1025
-2460
-1025
-615
-615
-615
-615
-820
-615
-1025
-1025
-2460
-1230
-615
-615
-615
-615
-615
-820
-820
-1230
-2460
-1025
-820
-615
-615
-615
-820
-820
-820
-1230
-2255
-1025
-820
-615
-615
-820
-615
-820
-820
-1230
-2255
-1230
-820
-615
-820
-820
-820
-820
-1025
-1230
-2255
-1025
-820
-615
-615
-820
-820
-820
-1025
-1230
-2460
-1435
-820
-820
-820
-820
-820
-820
-820
-1025
-2460
-1640
-1025
-1025
-1025
-820
-1025
-820
-1025
-1230
-820
-820
-615
-820
-820
-820
-820
-615
-615
-820
-1230
-1025
-1025
-1230
-1230
-1025
-1230
-1025
-1025
-1025
-1435
-1435
-1640
-1640
-1640
-1640
-1435
-1435
-1435
-1435
-1640
-1640
-1640
-1435
-1435
-1435
-1435
-1435
-1435
-1640
-1435
-1435
-1435
-1230
-1230
-1230
-1230
-1435
-1435
-1435
-1435
-1435
-1230
-1435
-1025
-1025
-1230
-1230
-1435
-1435
-1435
-1435
-1435
-1230
-1025
-1025
-1025
-1230
-1230
-1435
-1230
-1230
-1025
-1025
-820
-820
-1025
-1230
-1230
-1230
-1230
-1230
-1230
-1025
-820
-820
-1025
-1025
-1025
-1230
-1025
-1025
-1230
-1025
-1025
-1025
-1025
-1025
-1025
-1230
-1845
-820
-615
-615
-615
-615
-820
-820
-820
-1025
-2255
-820
-615
-615
-410
-615
-615
-820
-820
-1025
-2460
-1025
-820
-615
-615
-615
-615
-615
-820
-1025
-2460
-1025
-615
-615
-615
-615
-820
-820
-820
-1230
-2460
-1230
-615
-615
-820
-820
-615
-820
-820
-1230
-2255
-1230
-615
-615
-820
-615
-820
-820
-1025
-1230
-2460
-1025
-820
-820
-820
-615
-615
-820
-1025
-1025
-2255
-1230
-820
-615
-615
-820
-820
-820
-1025
-1025
-2255
-1230
-820
-820
-820
-820
-820
-1025
-820
-1230
-2255
-1845
-1025
-820
-820
-820
-820
-820
-1025
-1025
-2255
-1845
-1025
-1025
-1025
-820
-1025
-820
-1025
-1025
-2460
-1230
-820
-615
-820
-820
-820
-820
-820
-1025
-2255
-1025
-820
-615
-615
-820
-820
-820
-820
-1025
-2255
-1025
-820
-615
-615
-820
-820
-615
-820
-820
-2050
-1025
-615
-820
-615
-615
-615
-615
-615
-820
-2050
-820
-820
-820
-615
-615
-820
-820
-615
-820
-2050
-1025
-615
-615
-615
-615
-820
-615
-615
-1025
-2255
-1025
-820
-615
-615
-615
-615
-615
-820
-1025
-2255
-1230
-820
-615
-615
-820
-615
-820
-1025
-1025
-2460
-1640
-1230
-1025
-1025
-1025
-1025
-820
-1025
-1230
)
;
    }
}


// ************************************************************************* //
