/*--------------------------------*- C++ -*----------------------------------*\
| =========                 |                                                 |
| \\      /  F ield         | OpenFOAM: The Open Source CFD Toolbox           |
|  \\    /   O peration     | Version:  2412                                  |
|   \\  /    A nd           | Website:  www.openfoam.com                      |
|    \\/     M anipulation  |                                                 |
\*---------------------------------------------------------------------------*/
FoamFile
{
    version     2.0;
    format      ascii;
    arch        "LSB;label=32;scalar=64";
    class       volScalarField;
    location    "4/fluid";
    object      wallHeatFlux;
}
// * * * * * * * * * * * * * * * * * * * * * * * * * * * * * * * * * * * * * //

dimensions      [1 0 -3 0 0 0 0];

internalField   uniform 0;

boundaryField
{
    inlet
    {
        type            calculated;
        value           uniform 0;
    }
    outlet
    {
        type            calculated;
        value           uniform 0;
    }
    walls
    {
        type            calculated;
        value           uniform 0;
    }
    fluid_to_solid
    {
        type            calculated;
        value           nonuniform List<scalar> 
500
(
1807.48
1523.03
1399.79
1328.21
1292.61
1292.92
1328.77
1400.34
1523.65
1808.09
2374.14
2082.65
1842.34
1713.77
1657.16
1657.47
1714.39
1843.02
2083.21
2374.57
2581.51
2358.81
2170.73
2070.6
2026.53
2026.84
2070.97
2171.04
2359.06
2581.63
2575.7
2377.97
2215.17
2132.34
2096.99
2097.17
2132.59
2215.35
2378.03
2575.7
2523.59
2332.91
2178.76
2102.31
2069.67
2069.79
2102.43
2178.76
2332.85
2523.53
2457.27
2265.54
2110.65
2034.87
2002.48
2002.48
2034.87
2110.46
2265.42
2457.09
2406.22
2217.15
2062.62
1988.51
1956.87
1956.87
1988.33
2062.38
2216.84
2405.91
2395.9
2220.61
2075.73
2007.86
1979.55
1979.37
2007.55
2075.23
2220.11
2395.53
2447.01
2301.27
2178.7
2121.96
2098.6
2098.29
2121.28
2177.84
2300.46
2446.33
2535.28
2429.4
2338.54
2297.81
2281.74
2281.3
2296.94
2337.36
2428.35
2534.35
1753.31
896.657
721.89
548.302
630.538
662.415
733.922
814.979
894.982
948.38
2194.38
851.384
579.373
451.988
489.136
527.153
604.614
699.502
792.467
908.068
2368.35
956.008
553.263
439.088
466.81
491.059
560.395
648.337
748.992
996.692
2366.17
939.884
545.635
454.53
471.151
474.872
533.727
604.366
706.944
1045.69
2322.08
912.782
558.721
476.485
493.912
482.5
532.921
582.163
674.694
1019.7
2264.4
887.788
561.511
484.175
501.416
486.656
529.82
567.031
647.406
967.792
2219.32
893.742
557.728
486.78
500.052
487.772
527.526
565.853
631.902
907.324
2206.35
942.116
538.937
466.81
471.337
474.5
509.664
556.612
621.235
839.724
2240.15
1108.82
564.116
482.5
460.732
479.524
504.083
545.883
643.065
800.901
2318.98
1573.83
845.244
621.049
611.808
568.768
549.046
614.785
714.262
854.857
661.884
628.919
659.296
697.005
734.406
775.443
773.101
740.445
692.877
679.876
980.194
911.122
952.405
1026.47
1103.24
1191.85
1183.16
1120
1042.8
1055
1310.83
1243.48
1282.3
1344.53
1397.83
1475.16
1499.19
1459.08
1390.68
1400.48
1376.45
1282.92
1276.82
1288.4
1302.14
1376.51
1473.56
1478.61
1437.02
1460.74
1302.02
1179.52
1139.84
1124.62
1129.98
1209.72
1345.46
1370.72
1340.03
1377.44
1204.48
1060.91
996.03
967.193
977.668
1068.92
1223.58
1263.81
1238.37
1282.24
1094.99
939.466
860.658
829.85
850.861
951.235
1106.94
1153.15
1129.49
1175.83
983.398
828.864
750.488
726.519
757.451
859.549
1001.94
1041.63
1012.11
1053.21
885.921
752.213
692.322
683.018
721.282
817.773
934.968
951.974
899.415
914.819
862.137
774.211
748.825
759.669
803.91
891.836
980.564
963.743
865.711
824.058
1752.63
897.029
722.634
547.929
629.359
657.143
723.503
799.475
878.92
945.589
2194.07
853.43
582.846
455.026
493.416
528.084
601.265
691.501
783.474
905.215
2368.41
961.838
563.062
452.546
482.748
506.067
572.054
653.794
751.473
1004.2
2366.48
949.682
563.434
479.089
499.121
499.803
558.286
622.723
725.487
1066.03
2322.51
926.054
582.846
508.92
531.371
518.285
568.147
612.8
713.394
1054.74
2264.84
902.611
589.358
520.393
543.03
526.781
570.628
605.11
695.16
1011.08
2219.87
908.006
587.621
527.277
546.503
533.169
574.039
610.196
680.958
956.07
2206.85
953.9
570.504
513.882
525.665
530.999
566.039
610.754
675.811
900.44
2240.65
1108.94
585.14
530.502
524.301
550.658
577.326
626.444
718.479
871.168
2319.41
1567.63
809.336
641.577
653.608
610.878
644.988
723.813
796.808
933.558
2304.1
1550.41
932.753
774.68
745.473
699.101
694.964
731.272
804.257
948.869
2203.94
1033.15
584.622
494.224
491.693
486.382
499.164
542.819
641.8
820.373
2132.56
798.7
443.653
360.665
372.644
392.403
425.994
481.319
580.856
726.27
2097.86
710.031
455.694
351.588
347.76
366.963
399.998
451.31
518.182
656.681
2082.92
672.921
506.141
415.805
385.796
385.858
398.763
424.635
458.411
627.598
2081.19
660.139
535.78
452.421
419.14
406.976
408.087
418.09
440.319
649.395
2095.39
717.872
526.456
440.998
416.917
415.311
423.524
445.938
482.863
698.731
2129.1
784.498
475.577
381.103
379.622
389.439
416.793
467.364
533.187
712.994
2199.99
980.051
520.343
426.426
433.28
437.602
453.595
498.547
591.723
744.733
2300.21
1512.93
804.257
704.226
688.543
650.877
629.883
655.384
736.767
890.888
)
;
    }
}


// ************************************************************************* //
