/*--------------------------------*- C++ -*----------------------------------*\
| =========                 |                                                 |
| \\      /  F ield         | OpenFOAM: The Open Source CFD Toolbox           |
|  \\    /   O peration     | Version:  2412                                  |
|   \\  /    A nd           | Website:  www.openfoam.com                      |
|    \\/     M anipulation  |                                                 |
\*---------------------------------------------------------------------------*/
FoamFile
{
    version     2.0;
    format      ascii;
    arch        "LSB;label=32;scalar=64";
    class       labelList;
    location    "constant/solid/polyMesh";
    object      faceProcAddressing;
}
// * * * * * * * * * * * * * * * * * * * * * * * * * * * * * * * * * * * * * //


239
(
1410
1411
1412
1414
1415
1439
1440
1441
1443
1444
1468
1469
1470
1472
1473
1494
1495
1496
1497
1498
1499
1501
1502
1523
1525
1526
1528
1531
1690
1691
1692
1694
1695
1719
1720
1721
1723
1724
1748
1749
1750
1752
1753
1774
1775
1776
1777
1778
1779
1781
1782
1803
1805
1806
1808
1811
1970
1971
1972
1974
1975
1999
2000
2001
2003
2004
2028
2029
2030
2032
2033
2054
2055
2056
2057
2058
2059
2061
2062
2083
2085
2086
2088
2091
2250
2251
2252
2254
2255
2279
2280
2281
2283
2284
2305
2306
2307
2308
2309
2310
2312
2313
2334
2335
2336
2337
2338
2339
2341
2342
2363
2365
2366
2368
2371
2527
2528
2530
2546
2547
2549
2563
2564
2565
2566
2568
2582
2583
2584
2585
2587
2601
2603
3154
3155
3164
3165
3174
3175
3184
3185
3194
3195
3204
3205
3214
3215
3223
3224
3225
3233
3234
3235
3243
3244
3245
1413
1442
1471
1500
1529
1693
1722
1751
1780
1809
1973
2002
2031
2060
2089
2253
2282
2311
2340
2369
2529
2548
2567
2586
2605
-1132
-1135
-1161
-1164
-1190
-1193
-1216
-1219
-1222
-1245
-1248
-1251
-1407
-1436
-1465
-1466
-1491
-1520
-1687
-1716
-1745
-1746
-1771
-1800
-1967
-1996
-2025
-2026
-2027
-2051
-2080
-2247
-2276
-2277
-2302
-2331
-2360
-2525
-2544
-2545
-2561
-2580
-2599
1524
1527
1530
1804
1807
1810
2084
2087
2090
2364
2367
2370
2602
2604
2606
)


// ************************************************************************* //
