/*--------------------------------*- C++ -*----------------------------------*\
| =========                 |                                                 |
| \\      /  F ield         | OpenFOAM: The Open Source CFD Toolbox           |
|  \\    /   O peration     | Version:  2412                                  |
|   \\  /    A nd           | Website:  www.openfoam.com                      |
|    \\/     M anipulation  |                                                 |
\*---------------------------------------------------------------------------*/
FoamFile
{
    version     2.0;
    format      ascii;
    arch        "LSB;label=32;scalar=64";
    class       faceList;
    location    "constant/solid/polyMesh";
    object      faces;
}
// * * * * * * * * * * * * * * * * * * * * * * * * * * * * * * * * * * * * * //


239
(
4(1 38 56 4)
4(37 55 56 38)
4(3 4 56 55)
4(38 56 57 39)
4(4 5 57 56)
4(38 41 59 56)
4(40 58 59 41)
4(55 56 59 58)
4(41 59 60 42)
4(56 57 60 59)
4(41 45 63 59)
4(44 62 63 45)
4(58 59 63 62)
4(45 63 64 46)
4(59 60 64 63)
4(44 48 66 62)
4(47 65 66 48)
4(61 62 66 65)
4(45 49 67 63)
4(48 66 67 49)
4(62 63 67 66)
4(49 67 68 50)
4(63 64 68 67)
4(48 52 70 66)
4(65 66 70 69)
4(49 53 71 67)
4(66 67 71 70)
4(67 68 72 71)
4(4 56 74 7)
4(55 73 74 56)
4(6 7 74 73)
4(56 74 75 57)
4(7 8 75 74)
4(56 59 77 74)
4(58 76 77 59)
4(73 74 77 76)
4(59 77 78 60)
4(74 75 78 77)
4(59 63 81 77)
4(62 80 81 63)
4(76 77 81 80)
4(63 81 82 64)
4(77 78 82 81)
4(62 66 84 80)
4(65 83 84 66)
4(79 80 84 83)
4(63 67 85 81)
4(66 84 85 67)
4(80 81 85 84)
4(67 85 86 68)
4(81 82 86 85)
4(66 70 88 84)
4(83 84 88 87)
4(67 71 89 85)
4(84 85 89 88)
4(85 86 90 89)
4(7 74 92 10)
4(73 91 92 74)
4(9 10 92 91)
4(74 92 93 75)
4(10 11 93 92)
4(74 77 96 92)
4(76 95 96 77)
4(91 92 96 95)
4(77 96 97 78)
4(92 93 97 96)
4(77 81 100 96)
4(80 99 100 81)
4(95 96 100 99)
4(81 100 101 82)
4(96 97 101 100)
4(80 84 103 99)
4(83 102 103 84)
4(98 99 103 102)
4(81 85 104 100)
4(84 103 104 85)
4(99 100 104 103)
4(85 104 105 86)
4(100 101 105 104)
4(84 88 107 103)
4(102 103 107 106)
4(85 89 108 104)
4(103 104 108 107)
4(104 105 109 108)
4(10 92 111 13)
4(91 110 111 92)
4(12 13 111 110)
4(92 111 112 93)
4(13 14 112 111)
4(92 96 115 111)
4(95 114 115 96)
4(110 111 115 114)
4(96 115 116 97)
4(111 112 116 115)
4(95 99 118 114)
4(98 117 118 99)
4(113 114 118 117)
4(96 100 119 115)
4(99 118 119 100)
4(114 115 119 118)
4(100 119 120 101)
4(115 116 120 119)
4(99 103 122 118)
4(102 121 122 103)
4(117 118 122 121)
4(100 104 123 119)
4(103 122 123 104)
4(118 119 123 122)
4(104 123 124 105)
4(119 120 124 123)
4(103 107 126 122)
4(121 122 126 125)
4(104 108 127 123)
4(122 123 127 126)
4(123 124 128 127)
4(13 111 19 16)
4(110 18 19 111)
4(111 19 20 112)
4(111 115 23 19)
4(114 22 23 115)
4(115 23 24 116)
4(114 118 26 22)
4(117 25 26 118)
4(115 119 27 23)
4(118 26 27 119)
4(119 27 28 120)
4(118 122 30 26)
4(121 29 30 122)
4(119 123 31 27)
4(122 30 31 123)
4(123 31 32 124)
4(122 126 34 30)
4(123 127 35 31)
4(0 1 4 3)
4(1 2 5 4)
4(3 4 7 6)
4(4 5 8 7)
4(6 7 10 9)
4(7 8 11 10)
4(9 10 13 12)
4(10 11 14 13)
4(12 13 16 15)
4(13 14 17 16)
4(15 16 19 18)
4(16 17 20 19)
4(18 19 23 22)
4(19 20 24 23)
4(21 22 26 25)
4(22 23 27 26)
4(23 24 28 27)
4(25 26 30 29)
4(26 27 31 30)
4(27 28 32 31)
4(29 30 34 33)
4(30 31 35 34)
4(31 32 36 35)
4(2 39 57 5)
4(39 42 60 57)
4(42 46 64 60)
4(46 50 68 64)
4(50 54 72 68)
4(5 57 75 8)
4(57 60 78 75)
4(60 64 82 78)
4(64 68 86 82)
4(68 72 90 86)
4(8 75 93 11)
4(75 78 97 93)
4(78 82 101 97)
4(82 86 105 101)
4(86 90 109 105)
4(11 93 112 14)
4(93 97 116 112)
4(97 101 120 116)
4(101 105 124 120)
4(105 109 128 124)
4(14 112 20 17)
4(112 116 24 20)
4(116 120 28 24)
4(120 124 32 28)
4(124 128 36 32)
4(0 37 38 1)
4(1 38 39 2)
4(37 40 41 38)
4(38 41 42 39)
4(40 44 45 41)
4(41 45 46 42)
4(43 47 48 44)
4(44 48 49 45)
4(45 49 50 46)
4(47 51 52 48)
4(48 52 53 49)
4(49 53 54 50)
4(0 3 55 37)
4(37 55 58 40)
4(40 58 62 44)
4(43 44 62 61)
4(43 61 65 47)
4(47 65 69 51)
4(3 6 73 55)
4(55 73 76 58)
4(58 76 80 62)
4(61 62 80 79)
4(61 79 83 65)
4(65 83 87 69)
4(6 9 91 73)
4(73 91 95 76)
4(76 95 99 80)
4(79 80 99 98)
4(94 98 99 95)
4(79 98 102 83)
4(83 102 106 87)
4(9 12 110 91)
4(91 110 114 95)
4(94 95 114 113)
4(94 113 117 98)
4(98 117 121 102)
4(102 121 125 106)
4(12 15 18 110)
4(110 18 22 114)
4(113 114 22 21)
4(113 21 25 117)
4(117 25 29 121)
4(121 29 33 125)
4(51 69 70 52)
4(52 70 71 53)
4(53 71 72 54)
4(69 87 88 70)
4(70 88 89 71)
4(71 89 90 72)
4(87 106 107 88)
4(88 107 108 89)
4(89 108 109 90)
4(106 125 126 107)
4(107 126 127 108)
4(108 127 128 109)
4(125 33 34 126)
4(126 34 35 127)
4(127 35 36 128)
)


// ************************************************************************* //
