/*--------------------------------*- C++ -*----------------------------------*\
| =========                 |                                                 |
| \\      /  F ield         | OpenFOAM: The Open Source CFD Toolbox           |
|  \\    /   O peration     | Version:  2412                                  |
|   \\  /    A nd           | Website:  www.openfoam.com                      |
|    \\/     M anipulation  |                                                 |
\*---------------------------------------------------------------------------*/
FoamFile
{
    version     2.0;
    format      ascii;
    arch        "LSB;label=32;scalar=64";
    class       volScalarField;
    location    "3.4/fluid";
    object      wallHeatFlux;
}
// * * * * * * * * * * * * * * * * * * * * * * * * * * * * * * * * * * * * * //

dimensions      [1 0 -3 0 0 0 0];

internalField   uniform 0;

boundaryField
{
    inlet
    {
        type            calculated;
        value           uniform 0;
    }
    outlet
    {
        type            calculated;
        value           uniform 0;
    }
    walls
    {
        type            calculated;
        value           uniform 0;
    }
    fluid_to_solid
    {
        type            calculated;
        value           nonuniform List<scalar> 
500
(
1811
1531.19
1409.8
1339.27
1304.23
1304.54
1339.77
1410.35
1531.69
1812.11
2347.19
2062.56
1827.87
1702.28
1647.33
1647.7
1703.08
1828.68
2063.3
2348.12
2523.72
2308.07
2125.98
2029
1986.54
1986.97
2029.56
2126.47
2308.56
2524.27
2492.07
2301.95
2145.45
2065.9
2031.97
2032.28
2066.27
2145.82
2302.32
2492.5
2417.78
2235.69
2088.4
2015.46
1984.37
1984.62
2015.77
2088.71
2235.87
2418.15
2334.03
2152.43
2005.64
1934.06
1903.4
1903.65
1934.25
2005.82
2152.68
2334.34
2267.58
2089.51
1943.95
1874.11
1844.44
1844.69
1874.35
1944.14
2089.63
2267.83
2243.79
2079.37
1943.46
1879.79
1853.34
1853.46
1879.92
1943.52
2079.5
2244.03
2281.98
2145.63
2030.85
1977.82
1956
1956.07
1977.82
2030.85
2145.63
2282.05
2359.31
2260.41
2175.42
2137.41
2122.45
2122.45
2137.35
2175.36
2260.35
2359.31
1755.36
899.572
725.053
550.286
632.274
661.609
730.201
808.715
888.905
949
2169.76
842.205
571.248
443.367
480.454
515.618
590.35
682.571
775.04
894.486
2316.13
935.542
540.611
428.297
455.895
478.469
544.208
627.561
726.231
975.358
2290.14
910.797
531.247
443.925
460.67
461.91
518.533
584.148
685.548
1018.21
2225.33
876.873
542.72
466.066
484.671
472.578
520.331
565.853
662.477
996.072
2151.47
846.112
543.836
473.57
492.671
478.221
519.401
553.945
638.972
946.333
2091.99
844.5
538.255
476.857
492.733
480.95
519.339
554.875
621.173
885.556
2066.69
883.137
518.285
459.12
467.864
472.702
506.005
549.542
610.94
820.251
2089.51
1030.62
534.844
472.081
460.732
483.059
507.184
548.302
636.367
780.559
2158.72
1461.77
772.559
584.334
589.296
547.247
554.069
625.514
707.068
827.445
705.139
684.435
712.04
737.302
750.981
742.17
723.747
691.275
654.86
669.093
1074.53
1020.43
1057.34
1108.48
1144.65
1127.77
1088.15
1022.28
965.591
1007.92
1396.04
1340.71
1367.33
1396.91
1400.6
1392.04
1386.68
1338.93
1286.92
1326.73
1433.01
1357.35
1342.5
1315.57
1258.89
1257.65
1313.35
1322.35
1308.73
1367.64
1345.46
1251.8
1212.06
1149.76
1056.04
1058.45
1148.28
1193.08
1205.34
1284.83
1244.65
1141.32
1083.03
991.901
869.654
873.29
983.83
1056.6
1090.55
1184.45
1135.65
1029.55
962.017
852.956
719.249
718.694
833.917
921.659
970.089
1072.5
1018.77
919.872
857.146
745.99
619.615
610.496
714.689
800.952
850.677
951.419
899.415
825.475
788.814
697.806
589.423
571.061
654.613
721.59
751.043
830.713
833.177
808.593
820.423
766.262
675.686
648.821
712.163
749.934
738.411
771.068
1753.62
898.021
722.944
548.984
630.289
661.671
731.937
811.63
893.432
959.977
2168.15
840.593
570.38
444.607
482.624
520.207
597.854
692.432
789.614
926.364
2315.07
935.356
542.782
433.258
462.531
487.09
557.046
644.057
750.604
1032.72
2289.27
911.603
535.03
451.057
470.035
472.578
533.169
602.815
715.13
1081.78
2224.65
878.3
546.999
472.764
494.284
485.167
535.65
584.954
695.098
1056.11
2150.79
847.415
547.805
479.71
501.478
489.757
533.789
571.682
669.423
1001.47
2091.37
845.306
542.41
483.989
502.222
491.989
533.727
571.744
647.282
936.597
2066.07
883.447
523.68
468.36
479.896
486.78
522.626
567.465
634.879
868.315
2088.95
1027.08
537.138
481.57
474.934
499.803
527.401
576.582
667.314
819.569
2158.1
1456.31
754.015
585.512
597.048
555.682
579.807
652.678
728.526
863.973
2144.05
1434.57
845.072
707.499
683.047
639.886
630.686
662.485
729.913
873.661
2050.62
946.646
527.876
442.171
442.48
439.084
450.507
492.125
585.301
758.996
1984.06
737.076
421.61
336.09
342.203
359.121
388.451
438.034
529.791
685.455
1951.83
659.83
450.507
357.887
346.463
347.76
370.236
411.174
467.488
627.66
1937.81
613.026
489.47
408.581
378.387
369.248
372.582
385.055
407.161
552.575
1937.5
608.024
491.384
412.471
381.783
368.816
368.569
375.176
388.945
521.949
1951.4
659.521
461.375
374.311
360.48
360.789
376.843
406.976
446.926
580.917
1983.44
732.445
425.623
334.608
338.745
355.417
383.141
428.711
512.995
640.565
2049.88
932.753
508.611
423.4
425.994
425.87
437.54
478.664
568.012
722.071
2143.31
1423.77
806.171
688.172
670.451
630.068
615.434
644.949
710.833
847.603
)
;
    }
}


// ************************************************************************* //
