/*--------------------------------*- C++ -*----------------------------------*\
| =========                 |                                                 |
| \\      /  F ield         | OpenFOAM: The Open Source CFD Toolbox           |
|  \\    /   O peration     | Version:  2412                                  |
|   \\  /    A nd           | Website:  www.openfoam.com                      |
|    \\/     M anipulation  |                                                 |
\*---------------------------------------------------------------------------*/
FoamFile
{
    version     2.0;
    format      ascii;
    arch        "LSB;label=32;scalar=64";
    class       volScalarField;
    location    "3.4/solid";
    object      T;
}
// * * * * * * * * * * * * * * * * * * * * * * * * * * * * * * * * * * * * * //

dimensions      [0 0 0 1 0 0 0];

internalField   nonuniform List<scalar> 
1000
(
351.938
351.947
351.952
351.955
351.957
351.957
351.957
351.956
351.954
351.951
351.944
351.951
351.955
351.957
351.959
351.959
351.959
351.959
351.957
351.954
351.947
351.953
351.956
351.958
351.96
351.96
351.96
351.96
351.958
351.955
351.949
351.954
351.957
351.959
351.96
351.961
351.961
351.96
351.959
351.956
351.949
351.954
351.957
351.959
351.96
351.961
351.961
351.96
351.959
351.956
351.949
351.954
351.957
351.959
351.96
351.961
351.961
351.96
351.959
351.956
351.949
351.954
351.957
351.959
351.96
351.961
351.961
351.96
351.959
351.956
351.947
351.953
351.956
351.958
351.96
351.96
351.96
351.96
351.958
351.956
351.944
351.951
351.955
351.957
351.959
351.959
351.959
351.959
351.957
351.954
351.938
351.947
351.952
351.955
351.957
351.957
351.957
351.956
351.954
351.951
349.858
349.877
349.889
349.896
349.9
349.902
349.901
349.899
349.895
349.888
349.869
349.883
349.893
349.899
349.903
349.905
349.905
349.903
349.9
349.893
349.875
349.888
349.896
349.901
349.905
349.906
349.907
349.905
349.902
349.896
349.879
349.89
349.898
349.903
349.906
349.908
349.908
349.907
349.904
349.897
349.881
349.891
349.899
349.903
349.906
349.908
349.909
349.907
349.904
349.898
349.88
349.891
349.898
349.903
349.906
349.908
349.909
349.907
349.904
349.898
349.879
349.89
349.898
349.903
349.906
349.908
349.908
349.907
349.904
349.898
349.875
349.888
349.896
349.901
349.905
349.906
349.907
349.905
349.902
349.896
349.869
349.883
349.893
349.899
349.903
349.905
349.905
349.903
349.9
349.894
349.858
349.876
349.888
349.896
349.9
349.901
349.901
349.9
349.895
349.889
347.866
347.889
347.905
347.916
347.921
347.924
347.925
347.922
347.916
347.907
347.879
347.897
347.91
347.919
347.925
347.928
347.928
347.926
347.921
347.913
347.887
347.902
347.914
347.922
347.927
347.93
347.931
347.929
347.924
347.916
347.892
347.906
347.917
347.924
347.929
347.931
347.932
347.931
347.927
347.918
347.893
347.907
347.918
347.925
347.929
347.932
347.933
347.932
347.927
347.919
347.893
347.907
347.917
347.925
347.929
347.932
347.933
347.932
347.927
347.919
347.891
347.906
347.916
347.924
347.929
347.931
347.932
347.931
347.927
347.919
347.887
347.902
347.914
347.922
347.927
347.93
347.931
347.929
347.924
347.917
347.879
347.897
347.91
347.919
347.924
347.928
347.928
347.926
347.921
347.913
347.866
347.889
347.905
347.915
347.921
347.924
347.925
347.922
347.917
347.907
346.007
346.032
346.05
346.062
346.069
346.073
346.074
346.071
346.065
346.055
346.02
346.04
346.055
346.066
346.073
346.077
346.078
346.076
346.07
346.061
346.028
346.045
346.059
346.069
346.075
346.079
346.08
346.078
346.074
346.065
346.034
346.05
346.062
346.071
346.077
346.081
346.082
346.081
346.076
346.068
346.036
346.051
346.063
346.072
346.078
346.082
346.083
346.082
346.078
346.07
346.036
346.051
346.063
346.072
346.078
346.081
346.083
346.082
346.078
346.07
346.034
346.05
346.062
346.071
346.077
346.081
346.082
346.081
346.077
346.069
346.029
346.046
346.059
346.069
346.075
346.079
346.08
346.078
346.074
346.066
346.021
346.04
346.055
346.066
346.072
346.076
346.078
346.076
346.071
346.062
346.007
346.032
346.05
346.062
346.069
346.073
346.074
346.072
346.066
346.056
344.322
344.347
344.366
344.38
344.388
344.393
344.395
344.392
344.386
344.376
344.335
344.355
344.372
344.384
344.392
344.397
344.399
344.397
344.391
344.383
344.344
344.361
344.376
344.387
344.394
344.399
344.401
344.4
344.395
344.387
344.349
344.366
344.379
344.389
344.396
344.401
344.403
344.402
344.398
344.391
344.352
344.368
344.38
344.39
344.397
344.402
344.404
344.403
344.399
344.392
344.352
344.368
344.381
344.391
344.397
344.402
344.404
344.403
344.399
344.392
344.35
344.366
344.38
344.39
344.397
344.401
344.403
344.402
344.398
344.391
344.345
344.363
344.377
344.388
344.395
344.399
344.401
344.4
344.395
344.388
344.336
344.356
344.372
344.384
344.392
344.396
344.398
344.397
344.392
344.383
344.323
344.348
344.367
344.38
344.388
344.393
344.394
344.393
344.387
344.377
342.852
342.877
342.896
342.91
342.92
342.925
342.928
342.926
342.921
342.911
342.865
342.885
342.902
342.915
342.924
342.929
342.932
342.93
342.926
342.918
342.874
342.891
342.906
342.918
342.927
342.932
342.935
342.934
342.93
342.923
342.879
342.895
342.909
342.921
342.929
342.934
342.936
342.936
342.933
342.927
342.881
342.897
342.91
342.922
342.929
342.934
342.937
342.937
342.934
342.928
342.881
342.897
342.911
342.922
342.929
342.934
342.937
342.937
342.934
342.928
342.879
342.896
342.91
342.921
342.929
342.934
342.937
342.936
342.933
342.926
342.874
342.892
342.907
342.919
342.926
342.932
342.934
342.934
342.93
342.923
342.866
342.886
342.902
342.915
342.923
342.929
342.931
342.931
342.927
342.919
342.852
342.877
342.897
342.91
342.919
342.925
342.928
342.927
342.922
342.913
341.63
341.655
341.674
341.689
341.7
341.706
341.709
341.708
341.703
341.695
341.643
341.663
341.68
341.694
341.704
341.71
341.713
341.712
341.709
341.702
341.652
341.67
341.684
341.697
341.707
341.713
341.716
341.716
341.713
341.707
341.657
341.673
341.688
341.7
341.709
341.715
341.718
341.718
341.716
341.711
341.659
341.675
341.689
341.701
341.709
341.715
341.719
341.719
341.717
341.712
341.659
341.675
341.689
341.701
341.709
341.715
341.719
341.719
341.717
341.712
341.657
341.674
341.688
341.7
341.708
341.715
341.718
341.719
341.716
341.71
341.652
341.669
341.685
341.697
341.706
341.712
341.716
341.716
341.713
341.707
341.643
341.663
341.68
341.693
341.703
341.709
341.713
341.713
341.709
341.703
341.63
341.655
341.674
341.689
341.699
341.706
341.709
341.709
341.705
341.697
340.684
340.709
340.729
340.745
340.756
340.764
340.767
340.766
340.763
340.756
340.697
340.717
340.735
340.75
340.761
340.768
340.771
340.771
340.768
340.762
340.705
340.724
340.739
340.754
340.764
340.771
340.774
340.774
340.772
340.767
340.71
340.728
340.743
340.757
340.766
340.773
340.776
340.777
340.775
340.771
340.712
340.729
340.744
340.757
340.767
340.773
340.777
340.778
340.776
340.772
340.712
340.729
340.744
340.757
340.766
340.773
340.777
340.778
340.776
340.772
340.71
340.727
340.743
340.756
340.765
340.772
340.777
340.777
340.775
340.77
340.704
340.723
340.739
340.753
340.763
340.77
340.774
340.774
340.772
340.767
340.695
340.716
340.734
340.749
340.759
340.767
340.771
340.771
340.769
340.763
340.682
340.707
340.728
340.744
340.755
340.763
340.767
340.767
340.764
340.757
340.034
340.06
340.083
340.1
340.112
340.12
340.125
340.124
340.12
340.114
340.048
340.07
340.089
340.105
340.117
340.125
340.129
340.129
340.126
340.121
340.057
340.077
340.094
340.11
340.121
340.128
340.132
340.132
340.13
340.126
340.062
340.081
340.098
340.113
340.123
340.13
340.134
340.135
340.134
340.129
340.064
340.083
340.1
340.114
340.124
340.131
340.135
340.136
340.135
340.131
340.063
340.083
340.1
340.114
340.124
340.131
340.135
340.136
340.135
340.131
340.061
340.081
340.099
340.113
340.123
340.13
340.134
340.135
340.133
340.129
340.056
340.077
340.095
340.11
340.12
340.127
340.131
340.132
340.13
340.126
340.046
340.069
340.089
340.106
340.117
340.124
340.128
340.129
340.127
340.122
340.033
340.059
340.083
340.1
340.112
340.12
340.125
340.125
340.122
340.116
339.696
339.725
339.751
339.77
339.783
339.792
339.796
339.796
339.792
339.786
339.711
339.737
339.759
339.776
339.789
339.797
339.802
339.801
339.798
339.793
339.72
339.745
339.765
339.782
339.793
339.801
339.805
339.805
339.803
339.798
339.726
339.75
339.769
339.785
339.796
339.803
339.807
339.808
339.806
339.802
339.728
339.751
339.771
339.786
339.797
339.804
339.808
339.809
339.808
339.803
339.728
339.752
339.771
339.786
339.797
339.804
339.808
339.81
339.808
339.803
339.726
339.75
339.77
339.785
339.796
339.803
339.808
339.808
339.806
339.801
339.72
339.745
339.766
339.783
339.793
339.8
339.804
339.805
339.803
339.798
339.71
339.737
339.76
339.777
339.789
339.796
339.801
339.802
339.799
339.794
339.695
339.725
339.752
339.771
339.783
339.791
339.796
339.797
339.794
339.787
)
;

boundaryField
{
    bodyBottom
    {
        type            fixedValue;
        value           uniform 353;
    }
    solid_to_fluid
    {
        type            compressible::turbulentTemperatureCoupledBaffleMixed;
        refValue        nonuniform List<scalar> 
500
(
322.629
327.164
329.131
330.274
330.842
330.837
330.266
329.122
327.156
322.611
311.871
316.489
320.293
322.329
323.22
323.214
322.316
320.28
316.476
311.856
307.022
310.525
313.48
315.054
315.743
315.736
315.045
313.472
310.517
307.013
305.675
308.765
311.306
312.599
313.15
313.145
312.593
311.301
308.76
305.668
305.193
308.153
310.545
311.731
312.236
312.232
311.726
310.541
308.15
305.187
305.078
308.03
310.414
311.578
312.076
312.072
311.575
310.411
308.026
305.073
304.931
307.826
310.19
311.325
311.807
311.803
311.321
310.187
307.823
304.926
304.369
307.043
309.252
310.287
310.717
310.714
310.284
309.249
307.04
304.364
303.102
305.322
307.188
308.052
308.407
308.405
308.051
307.187
305.321
303.099
301.512
303.127
304.512
305.133
305.377
305.377
305.134
304.513
303.128
301.511
323.625
337.438
340.258
343.079
341.758
341.286
340.179
338.912
337.617
336.645
314.861
336.292
340.674
342.744
342.15
341.585
340.379
338.89
337.394
335.461
310.508
332.799
339.185
341.006
340.567
340.206
339.146
337.8
336.203
332.175
309.068
331.341
337.48
338.901
338.638
338.622
337.71
336.649
335.008
329.632
308.429
330.203
335.612
336.861
336.569
336.769
336.001
335.265
333.701
328.31
308.15
329.229
334.124
335.271
334.972
335.211
334.549
333.991
332.614
327.648
307.886
328.032
332.992
333.996
333.75
333.947
333.331
332.758
331.684
327.412
307.347
326.462
332.368
333.338
333.208
333.137
332.604
331.902
330.909
327.526
306.329
323.435
331.455
332.485
332.679
332.327
331.943
331.28
329.857
327.525
304.875
316.146
327.289
330.345
330.277
330.963
330.858
329.706
328.388
326.44
340.504
340.843
340.396
339.986
339.764
339.907
340.206
340.733
341.323
341.089
332.443
333.327
332.73
331.902
331.315
331.589
332.232
333.3
334.218
333.526
325.242
326.146
325.718
325.24
325.181
325.32
325.406
326.18
327.02
326.368
322.79
324.025
324.27
324.71
325.632
325.652
324.746
324.598
324.815
323.852
322.533
324.06
324.71
325.724
327.247
327.208
325.748
325.018
324.815
323.518
322.704
324.389
325.34
326.823
328.809
328.75
326.953
325.769
325.214
323.683
323.258
324.987
326.088
327.862
330.034
330.043
328.171
326.743
325.953
324.284
324.215
325.827
326.851
328.659
330.712
330.86
329.166
327.763
326.952
325.31
325.511
326.718
327.319
328.8
330.561
330.859
329.5
328.41
327.928
326.628
326.258
326.664
326.477
327.36
328.833
329.269
328.238
327.622
327.805
327.268
323.653
337.463
340.292
343.101
341.79
341.285
340.151
338.865
337.544
336.467
314.887
336.318
340.689
342.725
342.115
341.511
340.258
338.731
337.159
334.946
310.525
332.802
339.15
340.927
340.461
340.067
338.939
337.533
335.809
331.249
309.082
331.327
337.419
338.786
338.487
338.45
337.474
336.348
334.53
328.606
308.44
330.18
335.543
336.753
336.415
336.567
335.754
334.957
333.174
327.341
308.161
329.208
334.059
335.172
334.83
335.025
334.317
333.704
332.122
326.757
307.897
328.02
332.925
333.882
333.598
333.77
333.099
332.485
331.262
326.588
307.358
326.458
332.281
333.189
333.015
332.911
332.336
331.612
330.521
326.749
306.34
323.493
331.418
332.331
332.451
332.058
331.617
330.823
329.356
326.894
304.886
316.234
327.588
330.325
330.152
330.828
330.443
329.267
328.04
325.849
304.961
316.483
326.059
328.307
328.716
329.424
329.578
329.062
327.966
325.631
306.489
324.4
331.206
332.612
332.619
332.683
332.502
331.827
330.315
327.496
307.577
327.803
332.934
334.336
334.248
333.982
333.511
332.707
331.219
328.692
308.105
329.059
332.47
333.986
334.182
334.168
333.808
333.145
332.232
329.632
308.334
329.819
331.84
333.166
333.665
333.821
333.771
333.57
333.21
330.85
308.339
329.9
331.809
333.103
333.61
333.828
333.836
333.73
333.506
331.346
308.112
329.065
332.295
333.72
333.955
333.957
333.701
333.214
332.565
330.389
307.587
327.878
332.87
334.36
334.304
334.041
333.596
332.859
331.491
329.419
306.501
324.625
331.519
332.917
332.886
332.896
332.711
332.046
330.596
328.095
304.973
316.658
326.69
328.621
328.92
329.583
329.825
329.347
328.277
326.055
)
;
        refGradient     uniform 0;
        valueFraction   nonuniform List<scalar> 
500
(
0.000301416
0.000301416
0.000301416
0.000301416
0.000301416
0.000301416
0.000301416
0.000301416
0.000301416
0.000301416
0.000301416
0.000301416
0.000301416
0.000301416
0.000301416
0.000301416
0.000301416
0.000301416
0.000301416
0.000301416
0.000301416
0.000301416
0.000301416
0.000301416
0.000301416
0.000301416
0.000301416
0.000301416
0.000301416
0.000301416
0.000301416
0.000301416
0.000301416
0.000301416
0.000301416
0.000301416
0.000301416
0.000301416
0.000301416
0.000301416
0.000301416
0.000301416
0.000301416
0.000301416
0.000301416
0.000301416
0.000301416
0.000301416
0.000301416
0.000301416
0.000301416
0.000301416
0.000301416
0.000301416
0.000301416
0.000301416
0.000301416
0.000301416
0.000301416
0.000301416
0.000301416
0.000301416
0.000301416
0.000301416
0.000301416
0.000301416
0.000301416
0.000301416
0.000301416
0.000301416
0.000301416
0.000301416
0.000301416
0.000301416
0.000301416
0.000301416
0.000301416
0.000301416
0.000301416
0.000301416
0.000301416
0.000301416
0.000301416
0.000301416
0.000301416
0.000301416
0.000301416
0.000301416
0.000301416
0.000301416
0.000301416
0.000301416
0.000301416
0.000301416
0.000301416
0.000301416
0.000301416
0.000301416
0.000301416
0.000301416
0.000302436
0.000302436
0.000302436
0.000302436
0.000302436
0.000302436
0.000302436
0.000302436
0.000302436
0.000302436
0.000302436
0.000302436
0.000302436
0.000302436
0.000302436
0.000302436
0.000302436
0.000302436
0.000302436
0.000302436
0.000302436
0.000302436
0.000302436
0.000302436
0.000302436
0.000302436
0.000302436
0.000302436
0.000302436
0.000302436
0.000302436
0.000302436
0.000302436
0.000302436
0.000302436
0.000302436
0.000302436
0.000302436
0.000302436
0.000302436
0.000302436
0.000302436
0.000302436
0.000302436
0.000302436
0.000302436
0.000302436
0.000302436
0.000302436
0.000302436
0.000302436
0.000302436
0.000302436
0.000302436
0.000302436
0.000302436
0.000302436
0.000302436
0.000302436
0.000302436
0.000302436
0.000302436
0.000302436
0.000302436
0.000302436
0.000302436
0.000302436
0.000302436
0.000302436
0.000302436
0.000302436
0.000302436
0.000302436
0.000302436
0.000302436
0.000302436
0.000302436
0.000302436
0.000302436
0.000302436
0.000302436
0.000302436
0.000302436
0.000302436
0.000302436
0.000302436
0.000302436
0.000302436
0.000302436
0.000302436
0.000302436
0.000302436
0.000302436
0.000302436
0.000302436
0.000302436
0.000302436
0.000302436
0.000302436
0.000302436
0.000300478
0.000300478
0.000300478
0.000300478
0.000300478
0.000300478
0.000300478
0.000300478
0.000300478
0.000300478
0.000300478
0.000300478
0.000300478
0.000300478
0.000300478
0.000300478
0.000300478
0.000300478
0.000300478
0.000300478
0.000300478
0.000300478
0.000300478
0.000300478
0.000300478
0.000300478
0.000300478
0.000300478
0.000300478
0.000300478
0.000300478
0.000300478
0.000300478
0.000300478
0.000300478
0.000300478
0.000300478
0.000300478
0.000300478
0.000300478
0.000300478
0.000300478
0.000300478
0.000300478
0.000300478
0.000300478
0.000300478
0.000300478
0.000300478
0.000300478
0.000300478
0.000300478
0.000300478
0.000300478
0.000300478
0.000300478
0.000300478
0.000300478
0.000300478
0.000300478
0.000300478
0.000300478
0.000300478
0.000300478
0.000300478
0.000300478
0.000300478
0.000300478
0.000300478
0.000300478
0.000300478
0.000300478
0.000300478
0.000300478
0.000300478
0.000300478
0.000300478
0.000300478
0.000300478
0.000300478
0.000300478
0.000300478
0.000300478
0.000300478
0.000300478
0.000300478
0.000300478
0.000300478
0.000300478
0.000300478
0.000300478
0.000300478
0.000300478
0.000300478
0.000300478
0.000300478
0.000300478
0.000300478
0.000300478
0.000300478
0.000302436
0.000302436
0.000302436
0.000302436
0.000302436
0.000302436
0.000302436
0.000302436
0.000302436
0.000302436
0.000302436
0.000302436
0.000302436
0.000302436
0.000302436
0.000302436
0.000302436
0.000302436
0.000302436
0.000302436
0.000302436
0.000302436
0.000302436
0.000302436
0.000302436
0.000302436
0.000302436
0.000302436
0.000302436
0.000302436
0.000302436
0.000302436
0.000302436
0.000302436
0.000302436
0.000302436
0.000302436
0.000302436
0.000302436
0.000302436
0.000302436
0.000302436
0.000302436
0.000302436
0.000302436
0.000302436
0.000302436
0.000302436
0.000302436
0.000302436
0.000302436
0.000302436
0.000302436
0.000302436
0.000302436
0.000302436
0.000302436
0.000302436
0.000302436
0.000302436
0.000302436
0.000302436
0.000302436
0.000302436
0.000302436
0.000302436
0.000302436
0.000302436
0.000302436
0.000302436
0.000302436
0.000302436
0.000302436
0.000302436
0.000302436
0.000302436
0.000302436
0.000302436
0.000302436
0.000302436
0.000302436
0.000302436
0.000302436
0.000302436
0.000302436
0.000302436
0.000302436
0.000302436
0.000302436
0.000302436
0.000302436
0.000302436
0.000302436
0.000302436
0.000302436
0.000302436
0.000302436
0.000302436
0.000302436
0.000302436
0.000301115
0.000301115
0.000301115
0.000301115
0.000301115
0.000301115
0.000301115
0.000301115
0.000301115
0.000301115
0.000301115
0.000301115
0.000301115
0.000301115
0.000301115
0.000301115
0.000301115
0.000301115
0.000301115
0.000301115
0.000301115
0.000301115
0.000301115
0.000301115
0.000301115
0.000301115
0.000301115
0.000301115
0.000301115
0.000301115
0.000301115
0.000301115
0.000301115
0.000301115
0.000301115
0.000301115
0.000301115
0.000301115
0.000301115
0.000301115
0.000301115
0.000301115
0.000301115
0.000301115
0.000301115
0.000301115
0.000301115
0.000301115
0.000301115
0.000301115
0.000301115
0.000301115
0.000301115
0.000301115
0.000301115
0.000301115
0.000301115
0.000301115
0.000301115
0.000301115
0.000301115
0.000301115
0.000301115
0.000301115
0.000301115
0.000301115
0.000301115
0.000301115
0.000301115
0.000301115
0.000301115
0.000301115
0.000301115
0.000301115
0.000301115
0.000301115
0.000301115
0.000301115
0.000301115
0.000301115
0.000301115
0.000301115
0.000301115
0.000301115
0.000301115
0.000301115
0.000301115
0.000301115
0.000301115
0.000301115
0.000301115
0.000301115
0.000301115
0.000301115
0.000301115
0.000301115
0.000301115
0.000301115
0.000301115
0.000301115
)
;
        source          uniform 0;
        Tnbr            T;
        kappaMethod     solidThermo;
        value           nonuniform List<scalar> 
500
(
351.929
351.937
351.94
351.942
351.943
351.943
351.942
351.94
351.937
351.929
349.846
349.859
349.866
349.87
349.872
349.872
349.87
349.866
349.858
349.846
347.853
347.867
347.876
347.881
347.883
347.883
347.881
347.876
347.867
347.853
345.994
346.008
346.017
346.023
346.025
346.025
346.023
346.018
346.009
345.994
344.31
344.324
344.333
344.339
344.341
344.341
344.339
344.334
344.324
344.31
342.84
342.854
342.863
342.869
342.871
342.871
342.869
342.863
342.854
342.84
341.618
341.632
341.641
341.646
341.648
341.648
341.646
341.641
341.631
341.617
340.671
340.685
340.695
340.7
340.702
340.701
340.699
340.693
340.684
340.67
340.022
340.036
340.045
340.051
340.053
340.052
340.05
340.044
340.035
340.02
339.683
339.698
339.708
339.714
339.716
339.716
339.714
339.708
339.698
339.682
351.929
351.943
351.949
351.952
351.953
351.954
351.953
351.952
351.95
351.947
349.847
349.872
349.885
349.893
349.897
349.899
349.898
349.896
349.891
349.884
347.854
347.884
347.902
347.912
347.918
347.921
347.921
347.919
347.913
347.902
345.995
346.027
346.046
346.059
346.066
346.07
346.071
346.068
346.062
346.05
344.311
344.342
344.363
344.376
344.384
344.389
344.391
344.389
344.383
344.371
342.841
342.872
342.893
342.907
342.916
342.922
342.924
342.923
342.917
342.907
341.618
341.649
341.671
341.685
341.695
341.702
341.705
341.705
341.7
341.691
340.671
340.702
340.725
340.741
340.752
340.759
340.763
340.763
340.76
340.752
340.021
340.053
340.079
340.097
340.108
340.116
340.121
340.121
340.118
340.111
339.683
339.716
339.746
339.767
339.779
339.787
339.792
339.792
339.789
339.782
351.948
351.951
351.952
351.952
351.952
351.952
351.952
351.952
351.951
351.948
349.882
349.888
349.89
349.892
349.892
349.892
349.892
349.891
349.889
349.884
347.899
347.905
347.909
347.911
347.912
347.912
347.911
347.91
347.906
347.9
346.047
346.054
346.058
346.061
346.063
346.063
346.061
346.059
346.055
346.048
344.369
344.376
344.381
344.384
344.386
344.386
344.384
344.381
344.377
344.37
342.904
342.912
342.917
342.921
342.923
342.923
342.92
342.917
342.913
342.906
341.689
341.696
341.701
341.705
341.707
341.707
341.705
341.701
341.697
341.69
340.749
340.756
340.762
340.766
340.768
340.768
340.765
340.762
340.758
340.751
340.108
340.115
340.121
340.125
340.127
340.127
340.124
340.121
340.117
340.11
339.78
339.787
339.792
339.796
339.799
339.799
339.796
339.793
339.789
339.782
351.929
351.943
351.949
351.953
351.953
351.954
351.953
351.952
351.95
351.946
349.847
349.872
349.886
349.894
349.897
349.899
349.898
349.896
349.891
349.883
347.854
347.884
347.902
347.913
347.919
347.921
347.921
347.918
347.912
347.901
345.995
346.026
346.046
346.059
346.066
346.07
346.071
346.068
346.061
346.049
344.311
344.342
344.363
344.376
344.385
344.39
344.391
344.389
344.382
344.37
342.841
342.872
342.892
342.907
342.916
342.922
342.924
342.922
342.916
342.905
341.619
341.65
341.671
341.686
341.696
341.703
341.705
341.704
341.699
341.69
340.672
340.703
340.725
340.741
340.753
340.76
340.763
340.762
340.758
340.75
340.023
340.054
340.079
340.096
340.109
340.117
340.121
340.12
340.116
340.109
339.684
339.716
339.746
339.766
339.779
339.788
339.792
339.791
339.787
339.78
339.684
339.716
339.745
339.765
339.778
339.787
339.792
339.791
339.787
339.78
339.699
339.731
339.755
339.773
339.785
339.794
339.798
339.797
339.794
339.788
339.709
339.74
339.762
339.779
339.79
339.798
339.802
339.801
339.799
339.793
339.715
339.745
339.766
339.782
339.793
339.8
339.804
339.804
339.803
339.797
339.717
339.747
339.767
339.783
339.793
339.801
339.805
339.806
339.804
339.799
339.717
339.747
339.767
339.783
339.793
339.801
339.805
339.806
339.805
339.799
339.715
339.746
339.767
339.782
339.793
339.8
339.804
339.805
339.803
339.797
339.709
339.74
339.763
339.779
339.79
339.797
339.801
339.802
339.799
339.793
339.699
339.731
339.756
339.774
339.785
339.793
339.797
339.798
339.795
339.789
339.684
339.716
339.746
339.766
339.778
339.787
339.792
339.792
339.789
339.782
)
;
    }
}


// ************************************************************************* //
