/*--------------------------------*- C++ -*----------------------------------*\
| =========                 |                                                 |
| \\      /  F ield         | OpenFOAM: The Open Source CFD Toolbox           |
|  \\    /   O peration     | Version:  2412                                  |
|   \\  /    A nd           | Website:  www.openfoam.com                      |
|    \\/     M anipulation  |                                                 |
\*---------------------------------------------------------------------------*/
FoamFile
{
    version     2.0;
    format      ascii;
    arch        "LSB;label=32;scalar=64";
    class       volScalarField;
    location    "3.4/solid";
    object      wallHeatFlux;
}
// * * * * * * * * * * * * * * * * * * * * * * * * * * * * * * * * * * * * * //

dimensions      [1 0 -3 0 0 0 0];

internalField   uniform 0;

boundaryField
{
    bodyBottom
    {
        type            calculated;
        value           nonuniform List<scalar> 
100
(
217710
216480
215865
215455
215455
215455
215455
215865
216480
217710
215865
215045
214635
214430
214430
214430
214430
214635
215045
215865
214840
214225
214020
213815
213815
213815
213815
214020
214225
214840
214225
213815
213610
213405
213405
213405
213405
213610
213815
214225
213815
213405
213200
213200
213200
213200
213200
213200
213405
213815
213815
213405
213200
212995
212995
212995
212995
213200
213405
213815
213815
213405
213200
212995
212995
212995
212995
213200
213405
213815
214020
213405
213200
213200
213200
213200
213200
213200
213405
214020
214430
213815
213610
213405
213405
213405
213405
213610
213815
214430
215045
214430
214225
214020
214020
214020
214020
214020
214430
215045
)
;
    }
    solid_to_fluid
    {
        type            calculated;
        value           nonuniform List<scalar> 
500
(
-1845
-1435
-1435
-1435
-1230
-1230
-1435
-1435
-1435
-1845
-2460
-2050
-1845
-1845
-1845
-1640
-1845
-1845
-2255
-2460
-2665
-2460
-2255
-2255
-2050
-2050
-2050
-2255
-2460
-2665
-2665
-2460
-2255
-2255
-2255
-2255
-2255
-2255
-2460
-2665
-2460
-2255
-2255
-2050
-2255
-2255
-2255
-2255
-2460
-2665
-2460
-2255
-2255
-2050
-2050
-2050
-2050
-2255
-2460
-2460
-2460
-2255
-2255
-2255
-2255
-2255
-2255
-2255
-2460
-2665
-2665
-2460
-2050
-2050
-2050
-2255
-2255
-2255
-2255
-2460
-2460
-2460
-2460
-2255
-2255
-2255
-2255
-2460
-2255
-2665
-2665
-2665
-2460
-2460
-2460
-2460
-2460
-2460
-2460
-2665
-1845
-820
-615
-615
-820
-615
-820
-820
-820
-820
-2255
-820
-615
-615
-615
-410
-615
-820
-820
-1025
-2460
-1025
-615
-615
-615
-615
-820
-615
-820
-1025
-2460
-1025
-820
-615
-615
-615
-615
-820
-820
-1230
-2460
-1230
-820
-820
-820
-820
-615
-820
-820
-1230
-2255
-1025
-820
-615
-615
-615
-820
-820
-1025
-1230
-2460
-1230
-615
-820
-820
-820
-820
-820
-1025
-1230
-2255
-1025
-615
-615
-615
-820
-820
-820
-820
-1025
-2460
-1230
-820
-615
-820
-820
-820
-820
-820
-1025
-2460
-1845
-1230
-820
-820
-820
-820
-1025
-1025
-1025
-615
-615
-615
-820
-820
-820
-820
-820
-615
-615
-1230
-1025
-1230
-1025
-1230
-1230
-1230
-1025
-1025
-1025
-1640
-1640
-1435
-1435
-1435
-1435
-1640
-1435
-1435
-1435
-1640
-1435
-1435
-1435
-1435
-1435
-1640
-1435
-1435
-1640
-1435
-1435
-1230
-1435
-1230
-1230
-1435
-1435
-1230
-1435
-1435
-1230
-1230
-1230
-1025
-1025
-1230
-1230
-1230
-1435
-1230
-1230
-1230
-1230
-1025
-1025
-1025
-1230
-1230
-1435
-1435
-1230
-1025
-1025
-820
-820
-1025
-1025
-1025
-1230
-1230
-1230
-1025
-820
-820
-820
-1025
-1025
-1025
-1230
-1230
-1230
-1230
-1230
-820
-820
-1025
-1025
-1025
-1025
-1845
-820
-615
-410
-820
-615
-820
-820
-820
-1025
-2255
-1025
-615
-410
-615
-615
-615
-615
-820
-1025
-2460
-1025
-615
-615
-410
-615
-820
-820
-820
-1230
-2460
-1230
-820
-615
-615
-615
-615
-615
-820
-1230
-2255
-1025
-615
-820
-615
-615
-820
-615
-820
-1230
-2255
-1025
-820
-615
-820
-615
-820
-820
-1025
-1230
-2255
-1025
-615
-615
-820
-615
-820
-820
-820
-1025
-2460
-1230
-820
-820
-615
-820
-820
-820
-1025
-1230
-2255
-1230
-820
-820
-615
-615
-820
-820
-820
-1025
-2460
-1845
-1025
-820
-820
-820
-820
-1025
-1025
-1230
-2460
-1845
-1230
-1025
-1025
-1025
-820
-1025
-1025
-1230
-2460
-1230
-820
-615
-820
-615
-820
-820
-820
-1025
-2255
-1025
-615
-615
-615
-615
-615
-820
-820
-1025
-2255
-1025
-615
-615
-615
-615
-615
-820
-615
-1025
-2255
-820
-820
-615
-820
-615
-615
-615
-820
-820
-2255
-1025
-820
-615
-820
-615
-615
-820
-615
-820
-2255
-820
-615
-615
-615
-615
-820
-615
-615
-820
-2255
-1025
-615
-820
-615
-615
-615
-615
-820
-1025
-2255
-1230
-820
-615
-820
-615
-820
-820
-820
-1025
-2255
-1845
-1230
-1025
-1025
-820
-820
-1025
-1025
-1025
)
;
    }
}


// ************************************************************************* //
