/*--------------------------------*- C++ -*----------------------------------*\
| =========                 |                                                 |
| \\      /  F ield         | OpenFOAM: The Open Source CFD Toolbox           |
|  \\    /   O peration     | Version:  2412                                  |
|   \\  /    A nd           | Website:  www.openfoam.com                      |
|    \\/     M anipulation  |                                                 |
\*---------------------------------------------------------------------------*/
FoamFile
{
    version     2.0;
    format      ascii;
    arch        "LSB;label=32;scalar=64";
    class       volScalarField;
    location    "4.6/fluid";
    object      wallHeatFlux;
}
// * * * * * * * * * * * * * * * * * * * * * * * * * * * * * * * * * * * * * //

dimensions      [1 0 -3 0 0 0 0];

internalField   uniform 0;

boundaryField
{
    inlet
    {
        type            calculated;
        value           uniform 0;
    }
    outlet
    {
        type            calculated;
        value           uniform 0;
    }
    walls
    {
        type            calculated;
        value           uniform 0;
    }
    fluid_to_solid
    {
        type            calculated;
        value           nonuniform List<scalar> 
500
(
1807.11
1518.4
1393.73
1321.23
1284.51
1282.97
1318.75
1391.19
1515.86
1801.42
2395.71
2099.21
1854.95
1723.79
1664.64
1662.78
1719.65
1850.68
2094.95
2390.83
2624.59
2396.89
2204.72
2102.12
2056.07
2053.79
2099.21
2201.94
2394.29
2621.62
2637.45
2434.1
2266.84
2181.67
2144.58
2142.85
2179.75
2265.05
2432.3
2635.1
2601.41
2404.3
2245.21
2166.22
2131.97
2130.55
2164.73
2243.72
2402.94
2599.43
2547.76
2348.43
2187.54
2108.86
2074.74
2073.38
2107.56
2186.3
2347.25
2545.91
2507.83
2310.42
2149.34
2072.14
2038.77
2037.53
2070.91
2148.29
2309.3
2506.04
2507.21
2323.58
2172.15
2101.25
2071.34
2070.29
2100.27
2171.28
2322.65
2505.67
2567.42
2414.32
2285.82
2226.6
2202.13
2201.45
2226.23
2285.57
2413.88
2566.3
2663.04
2551.53
2456.22
2413.88
2397.2
2396.95
2414.01
2456.59
2551.84
2662.6
1745.87
888.347
712.029
538.565
613.979
638.166
696.215
762.016
839.91
951.977
2206.97
850.143
580.117
456.205
493.416
526.347
595.435
679.904
779.257
968.722
2402.77
969.218
572.241
468.546
501.602
525.789
593.699
673.516
794.017
1145.29
2418.95
966.923
580.861
503.463
531.371
538.069
600.645
667.996
819.01
1256.24
2390.55
951.667
605.296
535.898
569.326
570.256
625.514
675.811
834.453
1272.98
2345.09
934.364
613.296
547.991
581.171
578.938
630.227
675.128
828.809
1248.86
2310.73
944.535
610.754
553.139
579.869
575.776
630.538
684.741
818.638
1213.14
2306.82
996.32
592.272
533.789
551.402
564.984
616.149
681.95
800.777
1167.92
2348.87
1160.05
603.684
541.356
534.534
566.721
610.754
688.524
838.608
1124.39
2434.7
1638.58
837.554
658.756
663.097
617.7
655.221
758.233
888.595
1133.57
587.39
491.391
496.567
525.219
560.032
597.125
632.739
661.945
676.487
748.763
739.028
632.493
636.375
681.231
739.952
810.503
887.585
945.812
996.646
1108.42
983.953
859.056
858.009
920.796
1011
1104.35
1192.09
1247.24
1306.7
1426.91
1129.98
993.812
981.796
1040.09
1125.3
1210.76
1290.56
1346.81
1417.86
1543.92
1107.37
955.301
926.033
969.535
1044.21
1126.96
1210.82
1288.83
1385.32
1521
1027.95
869.285
830.343
863.801
932.072
1015.69
1105.83
1201.4
1321.73
1461.85
927.389
773.163
734.653
765.091
831.452
917.654
1014.14
1120.99
1261.41
1397.95
825.907
690.967
665.642
701.873
770.698
859.303
958.197
1063.07
1208.42
1329.62
749.256
655.476
659.542
711.547
787.273
876.186
968.918
1058.69
1169.05
1255.99
760.347
727.074
773.101
847.164
930.716
1015.5
1092.09
1152.23
1201.52
1218.16
1754.92
896.223
722.572
546.875
627.002
645.422
699.191
762.202
834.081
913.464
2215.35
858.95
586.939
455.647
489.508
513.571
571
643.313
715.006
810.08
2408.66
972.195
566.411
450.127
474.376
488.144
538.069
598.102
669.485
854.423
2423.79
964.877
566.163
474.128
488.33
481.632
529.014
577.76
660.244
934.674
2394.83
946.581
586.443
504.331
520.952
501.664
544.456
579.311
658.384
945.403
2349.18
928.286
590.164
510.905
525.231
502.16
539.123
568.457
638.848
904.099
2314.82
939.449
581.543
502.346
511.339
494.842
525.293
555.434
611.932
840.779
2310.85
994.77
554.131
468.608
464.639
457.135
481.384
532.735
598.97
783.97
2352.84
1182.87
593.575
490.501
454.53
459.802
487.338
531.061
619.994
787.567
2438.49
1671.08
941.806
667.19
627.747
601.513
587.249
652.864
769.582
918.983
2415.24
1569.43
797.65
670.945
679.651
642.294
622.844
635.131
719.54
888.665
2310.15
1011.05
516.7
417.473
422.845
434.33
458.349
513.675
618.274
768.999
2236.11
828.956
514.292
417.658
419.634
433.218
466.994
517.565
582.399
726.517
2201.22
772.58
584.128
502.375
487.741
489.531
495.891
513.366
547.883
742.201
2186.78
736.52
613.335
529.791
497.188
488.111
486.506
497.003
547.821
793.636
2187.7
743.498
592.711
499.596
462.918
455.385
461.807
495.212
583.634
855.136
2203.32
774.495
531.396
419.078
404.629
412.162
447.543
509.846
627.104
910.585
2239.26
850.505
486.568
389.501
396.849
419.14
461.498
537.077
674.032
956.525
2313.91
1082.37
606.481
504.042
502.992
499.72
521.023
591.414
741.089
1020.56
2418.95
1626.3
977.766
803.578
765.727
712.871
706.881
763.751
890.209
1134.11
)
;
    }
}


// ************************************************************************* //
