/*--------------------------------*- C++ -*----------------------------------*\
| =========                 |                                                 |
| \\      /  F ield         | OpenFOAM: The Open Source CFD Toolbox           |
|  \\    /   O peration     | Version:  2412                                  |
|   \\  /    A nd           | Website:  www.openfoam.com                      |
|    \\/     M anipulation  |                                                 |
\*---------------------------------------------------------------------------*/
FoamFile
{
    version     2.0;
    format      ascii;
    arch        "LSB;label=32;scalar=64";
    class       labelList;
    location    "constant/solid/polyMesh";
    object      faceProcAddressing;
}
// * * * * * * * * * * * * * * * * * * * * * * * * * * * * * * * * * * * * * //


242
(
219
220
221
222
223
224
226
227
248
249
250
251
252
253
254
255
256
257
258
259
260
261
272
273
274
275
276
277
278
279
280
499
500
501
502
503
504
506
507
528
529
530
531
532
533
534
535
536
537
538
539
540
541
552
553
554
555
556
557
558
559
560
779
780
781
782
783
784
786
808
809
810
811
812
813
814
815
816
817
818
819
820
821
832
833
834
835
836
837
838
839
840
1059
1060
1061
1063
1064
1088
1089
1090
1091
1092
1093
1094
1095
1096
1097
1098
1099
1100
1101
1112
1113
1114
1115
1116
1117
1118
1119
1120
1339
1340
1343
1368
1369
1371
1372
1374
1375
1377
1378
1380
1392
1394
1396
1398
2758
2759
2760
2768
2769
2770
2778
2779
2780
2789
2790
2799
2800
2906
2907
2908
2909
2910
2916
2917
2918
2919
2920
2926
2927
2928
2929
2930
2936
2937
2938
2939
2940
2946
2947
2948
2949
2950
3009
3010
3019
3020
3029
3030
3039
3040
3049
3050
-191
-194
-197
225
-229
-231
-471
-474
-477
505
-509
-511
-751
-754
-757
785
787
-789
-791
-1031
-1034
1062
-1066
-1069
-1071
-1311
-1314
1342
-1346
-1349
-1351
1370
1373
1376
1379
1381
1393
1395
1397
1399
1400
1341
1344
-1056
-1085
-1110
-1336
-1365
-1390
-216
-245
-270
-496
-525
-550
-776
-805
-830
)


// ************************************************************************* //
