/*--------------------------------*- C++ -*----------------------------------*\
| =========                 |                                                 |
| \\      /  F ield         | OpenFOAM: The Open Source CFD Toolbox           |
|  \\    /   O peration     | Version:  2412                                  |
|   \\  /    A nd           | Website:  www.openfoam.com                      |
|    \\/     M anipulation  |                                                 |
\*---------------------------------------------------------------------------*/
FoamFile
{
    version     2.0;
    format      ascii;
    arch        "LSB;label=32;scalar=64";
    class       faceList;
    location    "constant/solid/polyMesh";
    object      faces;
}
// * * * * * * * * * * * * * * * * * * * * * * * * * * * * * * * * * * * * * //


242
(
4(49 53 67 63)
4(52 66 67 53)
4(62 63 67 66)
4(50 54 68 64)
4(53 67 68 54)
4(63 64 68 67)
4(54 68 69 55)
4(64 65 69 68)
4(53 58 72 67)
4(57 71 72 58)
4(66 67 72 71)
4(54 59 73 68)
4(58 72 73 59)
4(67 68 73 72)
4(55 60 74 69)
4(59 73 74 60)
4(68 69 74 73)
4(56 61 75 70)
4(60 74 75 61)
4(69 70 75 74)
4(61 75 39 37)
4(70 38 39 75)
4(58 1 7 72)
4(71 72 7 6)
4(59 2 8 73)
4(72 73 8 7)
4(60 3 9 74)
4(73 74 9 8)
4(61 4 10 75)
4(74 75 10 9)
4(75 39 11 10)
4(63 67 81 77)
4(66 80 81 67)
4(76 77 81 80)
4(64 68 82 78)
4(67 81 82 68)
4(77 78 82 81)
4(68 82 83 69)
4(78 79 83 82)
4(67 72 86 81)
4(71 85 86 72)
4(80 81 86 85)
4(68 73 87 82)
4(72 86 87 73)
4(81 82 87 86)
4(69 74 88 83)
4(73 87 88 74)
4(82 83 88 87)
4(70 75 89 84)
4(74 88 89 75)
4(83 84 89 88)
4(75 89 41 39)
4(84 40 41 89)
4(72 7 13 86)
4(85 86 13 12)
4(73 8 14 87)
4(86 87 14 13)
4(74 9 15 88)
4(87 88 15 14)
4(75 10 16 89)
4(88 89 16 15)
4(89 41 17 16)
4(77 81 95 91)
4(80 94 95 81)
4(90 91 95 94)
4(78 82 96 92)
4(81 95 96 82)
4(91 92 96 95)
4(82 96 97 83)
4(81 86 100 95)
4(85 99 100 86)
4(94 95 100 99)
4(82 87 101 96)
4(86 100 101 87)
4(95 96 101 100)
4(83 88 102 97)
4(87 101 102 88)
4(96 97 102 101)
4(84 89 103 98)
4(88 102 103 89)
4(97 98 103 102)
4(89 103 43 41)
4(98 42 43 103)
4(86 13 19 100)
4(99 100 19 18)
4(87 14 20 101)
4(100 101 20 19)
4(88 15 21 102)
4(101 102 21 20)
4(89 16 22 103)
4(102 103 22 21)
4(103 43 23 22)
4(91 95 108 105)
4(94 107 108 95)
4(104 105 108 107)
4(95 108 109 96)
4(105 106 109 108)
4(95 100 113 108)
4(99 112 113 100)
4(107 108 113 112)
4(96 101 114 109)
4(100 113 114 101)
4(108 109 114 113)
4(97 102 115 110)
4(101 114 115 102)
4(109 110 115 114)
4(98 103 116 111)
4(102 115 116 103)
4(110 111 116 115)
4(103 116 45 43)
4(111 44 45 116)
4(100 19 25 113)
4(112 113 25 24)
4(101 20 26 114)
4(113 114 26 25)
4(102 21 27 115)
4(114 115 27 26)
4(103 22 28 116)
4(115 116 28 27)
4(116 45 29 28)
4(105 108 121 118)
4(107 120 121 108)
4(108 121 122 109)
4(108 113 126 121)
4(112 125 126 113)
4(109 114 127 122)
4(113 126 127 114)
4(110 115 128 123)
4(114 127 128 115)
4(111 116 129 124)
4(115 128 129 116)
4(116 129 47 45)
4(113 25 31 126)
4(114 26 32 127)
4(115 27 33 128)
4(116 28 34 129)
4(48 52 53 49)
4(52 57 58 53)
4(57 0 1 58)
4(49 53 54 50)
4(53 58 59 54)
4(58 1 2 59)
4(50 54 55 51)
4(54 59 60 55)
4(59 2 3 60)
4(55 60 61 56)
4(60 3 4 61)
4(56 61 37 36)
4(61 4 5 37)
4(0 6 7 1)
4(1 7 8 2)
4(2 8 9 3)
4(3 9 10 4)
4(4 10 11 5)
4(6 12 13 7)
4(7 13 14 8)
4(8 14 15 9)
4(9 15 16 10)
4(10 16 17 11)
4(12 18 19 13)
4(13 19 20 14)
4(14 20 21 15)
4(15 21 22 16)
4(16 22 23 17)
4(18 24 25 19)
4(19 25 26 20)
4(20 26 27 21)
4(21 27 28 22)
4(22 28 29 23)
4(24 30 31 25)
4(25 31 32 26)
4(26 32 33 27)
4(27 33 34 28)
4(28 34 35 29)
4(36 37 39 38)
4(37 5 11 39)
4(38 39 41 40)
4(39 11 17 41)
4(40 41 43 42)
4(41 17 23 43)
4(42 43 45 44)
4(43 23 29 45)
4(44 45 47 46)
4(45 29 35 47)
4(48 49 63 62)
4(49 50 64 63)
4(50 51 65 64)
4(51 55 69 65)
4(55 56 70 69)
4(56 36 38 70)
4(62 63 77 76)
4(63 64 78 77)
4(64 65 79 78)
4(65 69 83 79)
4(69 70 84 83)
4(70 38 40 84)
4(76 77 91 90)
4(77 78 92 91)
4(78 79 93 92)
4(79 83 97 93)
4(92 93 97 96)
4(83 84 98 97)
4(84 40 42 98)
4(90 91 105 104)
4(91 92 106 105)
4(92 96 109 106)
4(96 97 110 109)
4(97 98 111 110)
4(98 42 44 111)
4(104 105 118 117)
4(105 106 119 118)
4(106 109 122 119)
4(109 110 123 122)
4(110 111 124 123)
4(111 44 46 124)
4(120 121 126 125)
4(121 122 127 126)
4(122 123 128 127)
4(123 124 129 128)
4(124 46 47 129)
4(125 126 31 30)
4(126 127 32 31)
4(127 128 33 32)
4(128 129 34 33)
4(129 47 35 34)
4(117 118 121 120)
4(118 119 122 121)
4(90 104 107 94)
4(94 107 112 99)
4(99 112 24 18)
4(104 117 120 107)
4(107 120 125 112)
4(112 125 30 24)
4(48 62 66 52)
4(52 66 71 57)
4(57 71 6 0)
4(62 76 80 66)
4(66 80 85 71)
4(71 85 12 6)
4(76 90 94 80)
4(80 94 99 85)
4(85 99 18 12)
)


// ************************************************************************* //
