/*--------------------------------*- C++ -*----------------------------------*\
| =========                 |                                                 |
| \\      /  F ield         | OpenFOAM: The Open Source CFD Toolbox           |
|  \\    /   O peration     | Version:  2412                                  |
|   \\  /    A nd           | Website:  www.openfoam.com                      |
|    \\/     M anipulation  |                                                 |
\*---------------------------------------------------------------------------*/
FoamFile
{
    version     2.0;
    format      ascii;
    arch        "LSB;label=32;scalar=64";
    class       vectorField;
    location    "constant/solid/polyMesh";
    object      points;
}
// * * * * * * * * * * * * * * * * * * * * * * * * * * * * * * * * * * * * * //


130
(
(0.09 0.07 0)
(0.092 0.07 0)
(0.094 0.07 0)
(0.096 0.07 0)
(0.098 0.07 0)
(0.1 0.07 0)
(0.09 0.07 0.002)
(0.092 0.07 0.002)
(0.094 0.07 0.002)
(0.096 0.07 0.002)
(0.098 0.07 0.002)
(0.1 0.07 0.002)
(0.09 0.07 0.004)
(0.092 0.07 0.004)
(0.094 0.07 0.004)
(0.096 0.07 0.004)
(0.098 0.07 0.004)
(0.1 0.07 0.004)
(0.09 0.07 0.006)
(0.092 0.07 0.006)
(0.094 0.07 0.006)
(0.096 0.07 0.006)
(0.098 0.07 0.006)
(0.1 0.07 0.006)
(0.09 0.07 0.008)
(0.092 0.07 0.008)
(0.094 0.07 0.008)
(0.096 0.07 0.008)
(0.098 0.07 0.008)
(0.1 0.07 0.008)
(0.09 0.07 0.01)
(0.092 0.07 0.01)
(0.094 0.07 0.01)
(0.096 0.07 0.01)
(0.098 0.07 0.01)
(0.1 0.07 0.01)
(0.1 0.066 0)
(0.1 0.068 0)
(0.1 0.066 0.002)
(0.1 0.068 0.002)
(0.1 0.066 0.004)
(0.1 0.068 0.004)
(0.1 0.066 0.006)
(0.1 0.068 0.006)
(0.1 0.066 0.008)
(0.1 0.068 0.008)
(0.1 0.066 0.01)
(0.1 0.068 0.01)
(0.09 0.064 0)
(0.092 0.064 0)
(0.094 0.064 0)
(0.096 0.064 0)
(0.09 0.066 0)
(0.092 0.066 0)
(0.094 0.066 0)
(0.096 0.066 0)
(0.098 0.066 0)
(0.09 0.068 0)
(0.092 0.068 0)
(0.094 0.068 0)
(0.096 0.068 0)
(0.098 0.068 0)
(0.09 0.064 0.002)
(0.092 0.064 0.002)
(0.094 0.064 0.002)
(0.096 0.064 0.002)
(0.09 0.066 0.002)
(0.092 0.066 0.002)
(0.094 0.066 0.002)
(0.096 0.066 0.002)
(0.098 0.066 0.002)
(0.09 0.068 0.002)
(0.092 0.068 0.002)
(0.094 0.068 0.002)
(0.096 0.068 0.002)
(0.098 0.068 0.002)
(0.09 0.064 0.004)
(0.092 0.064 0.004)
(0.094 0.064 0.004)
(0.096 0.064 0.004)
(0.09 0.066 0.004)
(0.092 0.066 0.004)
(0.094 0.066 0.004)
(0.096 0.066 0.004)
(0.098 0.066 0.004)
(0.09 0.068 0.004)
(0.092 0.068 0.004)
(0.094 0.068 0.004)
(0.096 0.068 0.004)
(0.098 0.068 0.004)
(0.09 0.064 0.006)
(0.092 0.064 0.006)
(0.094 0.064 0.006)
(0.096 0.064 0.006)
(0.09 0.066 0.006)
(0.092 0.066 0.006)
(0.094 0.066 0.006)
(0.096 0.066 0.006)
(0.098 0.066 0.006)
(0.09 0.068 0.006)
(0.092 0.068 0.006)
(0.094 0.068 0.006)
(0.096 0.068 0.006)
(0.098 0.068 0.006)
(0.09 0.064 0.008)
(0.092 0.064 0.008)
(0.094 0.064 0.008)
(0.09 0.066 0.008)
(0.092 0.066 0.008)
(0.094 0.066 0.008)
(0.096 0.066 0.008)
(0.098 0.066 0.008)
(0.09 0.068 0.008)
(0.092 0.068 0.008)
(0.094 0.068 0.008)
(0.096 0.068 0.008)
(0.098 0.068 0.008)
(0.09 0.064 0.01)
(0.092 0.064 0.01)
(0.094 0.064 0.01)
(0.09 0.066 0.01)
(0.092 0.066 0.01)
(0.094 0.066 0.01)
(0.096 0.066 0.01)
(0.098 0.066 0.01)
(0.09 0.068 0.01)
(0.092 0.068 0.01)
(0.094 0.068 0.01)
(0.096 0.068 0.01)
(0.098 0.068 0.01)
)


// ************************************************************************* //
