/*--------------------------------*- C++ -*----------------------------------*\
| =========                 |                                                 |
| \\      /  F ield         | OpenFOAM: The Open Source CFD Toolbox           |
|  \\    /   O peration     | Version:  2412                                  |
|   \\  /    A nd           | Website:  www.openfoam.com                      |
|    \\/     M anipulation  |                                                 |
\*---------------------------------------------------------------------------*/
FoamFile
{
    version     2.0;
    format      ascii;
    arch        "LSB;label=32;scalar=64";
    class       volScalarField;
    location    "5/fluid";
    object      wallHeatFlux;
}
// * * * * * * * * * * * * * * * * * * * * * * * * * * * * * * * * * * * * * //

dimensions      [1 0 -3 0 0 0 0];

internalField   uniform 0;

boundaryField
{
    inlet
    {
        type            calculated;
        value           uniform 0;
    }
    outlet
    {
        type            calculated;
        value           uniform 0;
    }
    walls
    {
        type            calculated;
        value           uniform 0;
    }
    fluid_to_solid
    {
        type            calculated;
        value           nonuniform List<scalar> 
500
(
1803.34
1514.13
1388.91
1316.34
1280.12
1280.06
1316.34
1389.03
1514.32
1802.59
2403.75
2104.84
1858.59
1726.75
1668.41
1668.16
1726.32
1858.16
2104.47
2403.01
2645.23
2414.87
2220.42
2116.83
2071.09
2070.72
2116.34
2219.93
2414.44
2644.49
2668.23
2462.09
2292.43
2206.08
2169.06
2168.63
2205.59
2292
2461.48
2667.42
2640.78
2440.59
2278.77
2198.54
2164.11
2163.62
2197.92
2278.15
2439.84
2639.86
2593.87
2390.83
2226.79
2146.56
2112.07
2111.45
2145.88
2225.98
2390.03
2592.76
2559.75
2358.32
2193.91
2114.98
2081.17
2080.49
2114.11
2192.98
2357.39
2558.58
2564.39
2376.8
2221.91
2149.47
2119.06
2118.25
2148.35
2220.73
2375.62
2563.03
2629.72
2473.28
2342
2281.24
2256.09
2255.16
2279.76
2340.21
2471.61
2628.05
2729.79
2616
2518.59
2474.95
2457.58
2456.66
2473.28
2516.55
2614.08
2727.93
1749.22
890.765
714.882
539.557
615.529
634.383
686.168
742.17
802.452
875.137
2219.94
856.035
581.605
452.112
484.113
509.478
567.031
636.429
711.781
844.314
2424.91
974.18
565.046
451.057
475.492
492.795
549.604
615.405
708.494
986.769
2449.59
971.451
568.892
481.136
499.493
500.3
559.093
622.413
752.031
1162.03
2428.69
957.311
592.086
513.447
539.681
536.58
593.451
647.779
800.529
1251.4
2389.18
941.062
596.117
520.331
545.635
539.557
592.707
644.864
799.289
1245.26
2360.28
952.535
585.264
508.982
525.107
519.277
569.574
628.429
765.737
1185.23
2360.9
1009.78
556.364
467.12
466.996
470.407
515.68
589.42
708.618
1072.97
2406.98
1200.36
593.265
483.927
444.421
453.6
491.865
547.805
675.811
948.132
2496.35
1699.29
933.062
661.919
628.863
590.846
564.116
595.435
717.611
941.558
585.972
481.656
474.323
489.543
509.63
531.503
555.78
564.838
564.53
625.9
725.657
604.519
609.633
637.792
675.501
719.618
772.3
800.459
817.157
909.274
961.956
820.3
800.706
839.216
904.283
986.787
1087.9
1153.27
1180.14
1267.63
1151
1002.01
972.924
1006.57
1067.5
1147.61
1250.69
1339.48
1390.99
1490.87
1207.99
1047.66
1001.88
1021.23
1072.37
1148.04
1249.21
1366.65
1447.25
1562.47
1163.81
996.523
943.902
961.463
1014.45
1093.94
1198.25
1320.63
1416.32
1537.33
1100.84
936.57
886.722
908.719
966.762
1049.94
1154.01
1266.96
1359.01
1472.2
1035.22
882.286
842.05
871.01
932.318
1013.78
1109.28
1200.9
1268.07
1356.12
984.754
859.426
839.401
878.219
938.726
1010.02
1084.51
1137.38
1150.01
1181.37
1004.04
928.005
940.945
994.366
1053.64
1111.07
1158.39
1162.33
1095.54
1029.92
1750.58
891.199
715.936
544.58
621.049
640.833
691.997
750.356
824.592
925.433
2221.49
857.586
590.784
466.314
504.517
530.812
590.598
658.322
727.472
830.05
2426.83
984.971
587.559
480.764
511.091
525.541
579.993
635.189
698.881
876.935
2451.7
987.451
595.373
514.564
536.084
529.324
578.194
620.925
698.261
976.846
2431.05
976.66
620.243
548.24
572.365
553.449
599.839
632.398
718.417
1035.14
2391.73
963.45
629.049
559.465
581.233
557.418
599.342
630.165
716.805
1023.05
2362.83
977.963
627.995
560.085
577.76
562.442
600.769
638.724
712.773
992.909
2363.51
1034.28
610.32
543.092
551.278
552.209
586.257
638.476
716.929
964.443
2409.53
1209.1
629.979
557.666
541.852
565.667
594.815
646.6
770.016
973.745
2498.71
1699.67
903.293
686.106
693.176
648.957
664.647
767.287
902.239
1095.55
2479.58
1657.97
965.973
809.876
788.141
741.398
728.431
770.234
859.767
1047.54
2372.08
1103.24
606.048
510.526
509.414
509.229
528.185
586.413
711.574
949.671
2295.64
864.769
481.937
383.82
396.726
424.326
471.254
545.907
674.711
882.243
2258.65
779.558
505.215
393.576
391.662
418.831
465.265
536.892
635.193
857.174
2242.72
754.18
570.482
476.441
449.519
456.682
480.516
523.307
589.994
849.085
2240.43
747.449
615.434
527.629
494.595
488.544
492.063
507.253
559.182
848.221
2254.94
799.811
616.854
529.173
499.288
495.583
495.274
510.032
556.404
848.838
2290.45
860.014
563.566
476.441
481.751
480.516
491.013
528.247
582.646
838.835
2366.15
1043.59
554.86
469.834
476.935
485.641
511.884
568.259
652.853
843.775
2473.9
1615.98
812.531
720.219
707.314
675.761
673.6
713.488
818.52
990.486
)
;
    }
}


// ************************************************************************* //
