/*--------------------------------*- C++ -*----------------------------------*\
| =========                 |                                                 |
| \\      /  F ield         | OpenFOAM: The Open Source CFD Toolbox           |
|  \\    /   O peration     | Version:  2412                                  |
|   \\  /    A nd           | Website:  www.openfoam.com                      |
|    \\/     M anipulation  |                                                 |
\*---------------------------------------------------------------------------*/
FoamFile
{
    version     2.0;
    format      ascii;
    arch        "LSB;label=32;scalar=64";
    class       volScalarField;
    location    "0.8/fluid";
    object      wallHeatFlux;
}
// * * * * * * * * * * * * * * * * * * * * * * * * * * * * * * * * * * * * * //

dimensions      [1 0 -3 0 0 0 0];

internalField   uniform 0;

boundaryField
{
    inlet
    {
        type            calculated;
        value           uniform 0;
    }
    outlet
    {
        type            calculated;
        value           uniform 0;
    }
    walls
    {
        type            calculated;
        value           uniform 0;
    }
    fluid_to_solid
    {
        type            calculated;
        value           nonuniform List<scalar> 
500
(
1862.42
1627.74
1527.48
1467.34
1437.37
1437.37
1467.34
1527.48
1627.74
1862.42
2053.41
1843.08
1669.77
1576.62
1535.46
1535.39
1576.56
1669.77
1843.08
2053.35
1884.06
1744.18
1626.62
1564.32
1537.37
1537.37
1564.32
1626.62
1744.25
1884
1569.2
1460.54
1371.66
1326.85
1308.06
1308.06
1326.85
1371.79
1460.73
1569.27
1259.6
1168.56
1095.13
1059.03
1043.77
1043.83
1059.09
1095.31
1168.74
1259.66
997.966
922.745
861.986
832.565
820.142
820.142
832.565
862.048
922.868
997.966
780.708
717.045
664.631
639.289
628.534
628.534
639.227
664.569
716.983
780.584
626.742
575.193
531.742
510.788
502.073
501.95
510.727
531.556
574.946
626.557
538.912
500.343
466.781
450.648
443.911
443.849
450.587
466.657
500.096
538.664
509.181
482.727
459.24
448.176
443.602
443.602
448.176
459.24
482.665
508.996
1783.95
939.573
765.303
582.474
671.469
700.246
778.637
873.462
973.745
1070.43
1895.52
747.504
475.989
344.262
380.109
415.831
492.857
599.156
717.239
910.301
1732.66
699.129
363.488
256.135
272.321
291.485
346.867
428.607
540.921
819.01
1444.71
561.263
293.842
213.838
216.009
216.691
251.297
304.819
404.606
676.245
1160.11
433.506
247.018
189.155
190.457
179.542
201.869
230.831
308.23
521.2
920.038
337.378
201.745
161.557
164.534
156.844
170.426
184.69
233.002
379.55
717.983
260.662
161.991
140.161
143.758
139.603
149.836
158.022
178.488
266.926
573.791
214.582
128.005
115.292
120.129
124.222
131.416
138.858
147.045
189.651
489.943
215.265
115.664
106.547
109.71
116.78
120.563
127.013
138.548
154.177
463.895
300.726
159.51
123.168
128.315
122.734
129.122
140.223
147.479
160.069
818.328
769.404
778.339
781.851
778.031
778.031
781.913
778.4
769.466
818.328
1137.93
1068.31
1070.4
1088.52
1103.24
1103.24
1088.58
1070.4
1068.31
1137.93
1142.92
1086.36
1070.22
1053.64
1026.71
1026.71
1053.7
1070.28
1086.36
1142.92
911.307
844.638
805.019
760.655
710.93
710.869
760.655
805.08
844.7
911.369
674.022
603.102
548.756
488.31
424.845
424.907
488.31
548.756
603.163
674.084
465.697
396.132
334.885
268.463
204.012
203.95
268.401
334.824
396.132
465.759
301.058
237.778
178.133
116.702
70.8589
70.8589
116.64
178.072
237.778
301.058
185.589
133.276
82.6276
38.8184
5.6071
5.6071
38.7567
82.566
133.276
185.712
121.384
82.5044
44.9184
13.1243
-13.494
-13.4324
13.0627
44.8568
82.5044
121.446
110.54
83.2438
57.1184
28.8981
2.40304
2.40304
28.8981
57.1184
83.2438
110.54
1783.95
939.635
765.303
582.536
671.469
700.246
778.637
873.462
973.745
1070.49
1895.52
747.566
476.051
344.262
380.109
415.831
492.857
599.156
717.239
910.425
1732.66
699.129
363.55
256.197
272.445
291.547
346.867
428.607
540.921
819.01
1444.71
561.201
293.78
213.9
216.071
216.753
251.297
304.881
404.606
676.245
1159.92
433.444
246.956
189.155
190.457
179.604
201.869
230.831
308.168
521.2
919.976
337.316
201.621
161.433
164.596
156.906
170.488
184.566
232.94
379.488
718.045
260.662
161.929
140.161
143.882
139.727
149.96
157.96
178.364
266.926
574.039
214.706
128.005
115.416
120.253
124.408
131.478
138.858
146.921
189.589
490.129
215.327
115.664
106.485
109.71
116.842
120.687
126.951
138.424
154.115
464.019
300.788
159.386
123.044
128.315
122.796
129.122
140.161
147.293
160.069
468.661
323.246
209.199
174.683
168.323
160.172
158.443
161.16
166.594
179.808
445.815
218.894
139.857
123.494
122.877
121.395
121.642
124.482
132.756
149.675
428.649
168.693
111.207
97.0048
98.7955
100.339
102.933
106.514
112.874
121.58
419.881
146.341
112.256
90.7683
88.0515
87.7427
88.7924
89.7186
90.2743
87.8045
415.62
121.148
114.603
93.8557
84.9023
79.5303
76.5047
73.5409
68.1071
58.1658
415.62
121.21
114.664
93.8557
84.9023
79.5303
76.5047
73.6026
68.1689
58.1658
419.881
146.403
112.442
90.8301
88.1132
87.681
88.7924
89.8421
90.2743
87.7427
428.587
168.817
111.392
97.1283
98.7955
100.277
102.809
106.514
112.812
121.518
445.753
218.832
140.043
123.556
122.939
121.271
121.518
124.544
132.818
149.613
468.537
323.185
209.323
174.806
168.323
160.11
158.381
161.284
166.656
179.808
)
;
    }
}


// ************************************************************************* //
