# Region type : patch inlet
# Faces       : 25
# Area        : 1.000000e-01
# Scale factor: 1.000000e+00
# Time        	areaAverage(p)
1             	3.963468e+02
2             	1.027930e+03
3             	1.179594e+03
4             	9.398634e+02
5             	5.051202e+02
6             	6.220263e+01
7             	-2.616228e+02
8             	-4.123870e+02
9             	-3.996380e+02
10            	-2.775840e+02
11            	-1.160682e+02
12            	2.592069e+01
13            	1.132659e+02
14            	1.370165e+02
15            	1.106002e+02
16            	5.730176e+01
17            	1.010328e+00
18            	-4.034814e+01
19            	-5.923105e+01
20            	-5.696859e+01
21            	-4.063715e+01
22            	-1.929616e+01
23            	-7.461303e-01
24            	1.035075e+01
25            	1.303498e+01
26            	8.951928e+00
27            	1.397638e+00
28            	-6.484055e+00
29            	-1.236963e+01
30            	-1.519802e+01
31            	-1.510917e+01
32            	-1.297373e+01
33            	-1.009534e+01
34            	-7.518208e+00
35            	-5.888887e+00
36            	-5.376817e+00
37            	-5.774229e+00
38            	-6.691012e+00
39            	-7.692093e+00
40            	-8.474773e+00
41            	-8.880267e+00
42            	-8.911252e+00
43            	-8.674971e+00
44            	-8.327729e+00
45            	-8.002667e+00
46            	-7.787405e+00
47            	-7.710827e+00
48            	-7.752755e+00
49            	-7.859531e+00
50            	-7.976969e+00
51            	-8.068371e+00
52            	-8.113307e+00
53            	-8.113672e+00
54            	-8.085189e+00
55            	-8.042665e+00
56            	-8.003227e+00
57            	-7.977217e+00
58            	-7.966215e+00
59            	-7.964656e+00
60            	-7.973319e+00
61            	-7.984037e+00
62            	-7.993618e+00
63            	-7.999404e+00
64            	-7.998825e+00
65            	-7.994631e+00
66            	-7.989204e+00
67            	-7.983457e+00
68            	-7.978364e+00
69            	-7.974382e+00
70            	-7.971951e+00
71            	-7.970827e+00
72            	-7.970786e+00
73            	-7.971154e+00
74            	-7.971596e+00
75            	-7.971878e+00
76            	-7.971822e+00
77            	-7.971485e+00
78            	-7.971352e+00
79            	-7.971333e+00
80            	-7.971572e+00
81            	-7.972121e+00
82            	-7.972894e+00
83            	-7.973916e+00
84            	-7.975016e+00
85            	-7.976291e+00
86            	-7.977486e+00
87            	-7.978725e+00
88            	-7.979734e+00
89            	-7.980692e+00
90            	-7.981437e+00
91            	-7.982066e+00
92            	-7.982467e+00
93            	-7.982941e+00
94            	-7.983677e+00
95            	-7.984500e+00
96            	-7.985172e+00
97            	-7.985763e+00
98            	-7.985997e+00
99            	-7.985854e+00
100           	-7.984937e+00
101           	-7.983347e+00
102           	-7.981095e+00
103           	-7.977838e+00
104           	-7.973452e+00
105           	-7.967872e+00
106           	-7.963234e+00
107           	-7.957300e+00
108           	-7.949308e+00
109           	-7.939846e+00
110           	-7.928138e+00
111           	-7.919885e+00
112           	-7.912764e+00
113           	-7.906589e+00
114           	-7.901674e+00
115           	-7.897443e+00
116           	-7.893057e+00
117           	-7.889021e+00
118           	-7.885007e+00
119           	-7.880875e+00
120           	-7.876715e+00
121           	-7.872135e+00
122           	-7.867233e+00
123           	-7.862146e+00
124           	-7.857282e+00
125           	-7.852477e+00
126           	-7.847807e+00
127           	-7.843292e+00
128           	-7.839317e+00
129           	-7.835927e+00
130           	-7.833033e+00
131           	-7.830366e+00
132           	-7.827942e+00
133           	-7.825336e+00
134           	-7.822970e+00
135           	-7.820196e+00
136           	-7.817547e+00
137           	-7.815100e+00
138           	-7.813088e+00
139           	-7.811746e+00
140           	-7.811882e+00
141           	-7.813171e+00
142           	-7.814792e+00
143           	-7.817232e+00
144           	-7.815256e+00
145           	-7.815588e+00
146           	-7.818871e+00
147           	-7.819768e+00
148           	-7.822623e+00
149           	-7.824533e+00
150           	-7.825594e+00
151           	-7.826620e+00
152           	-7.827668e+00
153           	-7.829313e+00
154           	-7.831634e+00
155           	-7.834429e+00
156           	-7.837837e+00
157           	-7.841301e+00
158           	-7.844923e+00
159           	-7.848492e+00
160           	-7.851993e+00
161           	-7.855587e+00
162           	-7.859413e+00
163           	-7.863469e+00
164           	-7.867717e+00
165           	-7.872055e+00
166           	-7.875721e+00
167           	-7.879663e+00
168           	-7.883847e+00
169           	-7.888437e+00
170           	-7.893337e+00
171           	-7.898364e+00
172           	-7.903227e+00
173           	-7.907846e+00
174           	-7.912163e+00
175           	-7.916244e+00
176           	-7.920842e+00
177           	-7.925032e+00
178           	-7.928060e+00
179           	-7.931242e+00
180           	-7.934651e+00
181           	-7.938433e+00
182           	-7.942742e+00
183           	-7.946381e+00
184           	-7.949416e+00
185           	-7.951841e+00
186           	-7.953929e+00
187           	-7.955790e+00
188           	-7.957679e+00
189           	-7.959697e+00
190           	-7.961825e+00
191           	-7.964004e+00
192           	-7.965993e+00
193           	-7.967852e+00
194           	-7.969362e+00
195           	-7.970664e+00
196           	-7.971815e+00
197           	-7.972799e+00
198           	-7.973714e+00
199           	-7.974564e+00
200           	-7.975211e+00
201           	-7.975998e+00
202           	-7.976518e+00
203           	-7.976943e+00
204           	-7.977336e+00
205           	-7.977617e+00
206           	-7.977675e+00
207           	-7.977553e+00
208           	-7.977335e+00
209           	-7.977119e+00
210           	-7.976999e+00
211           	-7.976996e+00
212           	-7.976907e+00
213           	-7.976754e+00
214           	-7.976514e+00
215           	-7.976195e+00
216           	-7.975827e+00
217           	-7.975470e+00
218           	-7.975107e+00
219           	-7.974757e+00
220           	-7.974450e+00
221           	-7.974166e+00
222           	-7.973891e+00
223           	-7.973614e+00
224           	-7.973335e+00
225           	-7.973065e+00
226           	-7.972792e+00
227           	-7.972523e+00
228           	-7.972264e+00
229           	-7.972015e+00
230           	-7.971838e+00
231           	-7.971658e+00
232           	-7.971449e+00
233           	-7.971228e+00
234           	-7.971003e+00
235           	-7.970781e+00
236           	-7.970594e+00
237           	-7.970387e+00
238           	-7.970185e+00
239           	-7.970006e+00
240           	-7.969815e+00
241           	-7.969642e+00
242           	-7.969478e+00
243           	-7.969279e+00
244           	-7.969069e+00
245           	-7.968856e+00
246           	-7.968635e+00
247           	-7.968414e+00
248           	-7.968185e+00
249           	-7.967947e+00
250           	-7.967704e+00
251           	-7.967413e+00
252           	-7.967105e+00
253           	-7.966788e+00
254           	-7.966464e+00
255           	-7.966125e+00
256           	-7.965772e+00
257           	-7.965374e+00
258           	-7.964959e+00
259           	-7.964524e+00
260           	-7.964077e+00
261           	-7.963617e+00
262           	-7.963139e+00
263           	-7.962640e+00
264           	-7.962132e+00
265           	-7.961592e+00
266           	-7.960966e+00
267           	-7.960293e+00
268           	-7.959601e+00
269           	-7.958922e+00
270           	-7.958254e+00
271           	-7.957596e+00
272           	-7.956935e+00
273           	-7.956256e+00
274           	-7.955548e+00
275           	-7.954839e+00
276           	-7.954073e+00
277           	-7.953278e+00
278           	-7.952453e+00
279           	-7.951607e+00
280           	-7.950754e+00
281           	-7.949950e+00
282           	-7.949129e+00
283           	-7.948305e+00
284           	-7.947476e+00
285           	-7.946689e+00
286           	-7.945869e+00
287           	-7.945031e+00
288           	-7.944178e+00
289           	-7.943319e+00
290           	-7.942505e+00
291           	-7.941677e+00
292           	-7.940850e+00
293           	-7.940022e+00
294           	-7.939238e+00
295           	-7.938432e+00
296           	-7.937616e+00
297           	-7.936789e+00
298           	-7.935960e+00
299           	-7.935196e+00
300           	-7.934423e+00
301           	-7.933639e+00
302           	-7.932849e+00
303           	-7.932059e+00
304           	-7.931274e+00
305           	-7.930436e+00
306           	-7.929626e+00
307           	-7.928908e+00
308           	-7.928132e+00
309           	-7.927429e+00
310           	-7.926715e+00
311           	-7.925922e+00
312           	-7.925197e+00
313           	-7.924407e+00
314           	-7.923635e+00
315           	-7.922946e+00
316           	-7.922196e+00
317           	-7.921521e+00
318           	-7.920776e+00
319           	-7.920042e+00
320           	-7.919382e+00
321           	-7.918653e+00
322           	-7.917933e+00
323           	-7.917228e+00
324           	-7.916538e+00
325           	-7.915862e+00
326           	-7.915192e+00
327           	-7.914524e+00
328           	-7.913857e+00
329           	-7.913189e+00
330           	-7.912522e+00
331           	-7.911856e+00
332           	-7.911193e+00
333           	-7.910534e+00
334           	-7.909880e+00
335           	-7.909230e+00
336           	-7.908586e+00
337           	-7.907945e+00
338           	-7.907308e+00
339           	-7.906673e+00
340           	-7.906040e+00
341           	-7.905408e+00
342           	-7.904778e+00
343           	-7.904150e+00
344           	-7.903524e+00
345           	-7.902899e+00
346           	-7.902276e+00
347           	-7.901655e+00
348           	-7.901068e+00
349           	-7.900436e+00
350           	-7.899804e+00
351           	-7.899176e+00
352           	-7.898543e+00
353           	-7.897930e+00
354           	-7.897335e+00
355           	-7.896759e+00
356           	-7.896145e+00
357           	-7.895556e+00
358           	-7.894911e+00
359           	-7.894293e+00
360           	-7.893651e+00
361           	-7.893005e+00
362           	-7.892385e+00
363           	-7.891796e+00
364           	-7.891167e+00
365           	-7.890550e+00
366           	-7.889969e+00
367           	-7.889344e+00
368           	-7.888715e+00
369           	-7.888059e+00
370           	-7.887417e+00
371           	-7.886813e+00
372           	-7.886182e+00
373           	-7.885523e+00
374           	-7.884876e+00
375           	-7.884266e+00
376           	-7.883633e+00
377           	-7.882972e+00
378           	-7.882297e+00
379           	-7.881641e+00
380           	-7.880988e+00
381           	-7.880317e+00
382           	-7.879660e+00
383           	-7.879006e+00
384           	-7.878323e+00
385           	-7.877648e+00
386           	-7.876973e+00
387           	-7.876271e+00
388           	-7.875579e+00
389           	-7.874883e+00
390           	-7.874170e+00
391           	-7.873471e+00
392           	-7.872756e+00
393           	-7.872038e+00
394           	-7.871335e+00
395           	-7.870603e+00
396           	-7.869876e+00
397           	-7.869136e+00
398           	-7.868375e+00
399           	-7.867625e+00
400           	-7.866888e+00
401           	-7.866131e+00
402           	-7.865382e+00
403           	-7.864622e+00
404           	-7.863857e+00
405           	-7.863094e+00
406           	-7.862326e+00
407           	-7.861514e+00
408           	-7.860727e+00
409           	-7.859926e+00
410           	-7.859151e+00
411           	-7.858341e+00
412           	-7.857551e+00
413           	-7.856771e+00
414           	-7.855987e+00
415           	-7.855157e+00
416           	-7.854336e+00
417           	-7.853530e+00
418           	-7.852721e+00
419           	-7.851905e+00
420           	-7.851081e+00
421           	-7.850260e+00
422           	-7.849438e+00
423           	-7.848613e+00
424           	-7.847795e+00
425           	-7.846967e+00
426           	-7.846137e+00
427           	-7.845311e+00
428           	-7.844481e+00
429           	-7.843649e+00
430           	-7.842818e+00
431           	-7.841986e+00
432           	-7.841155e+00
433           	-7.840324e+00
434           	-7.839494e+00
435           	-7.838669e+00
436           	-7.837836e+00
437           	-7.837019e+00
438           	-7.836180e+00
439           	-7.835360e+00
440           	-7.834520e+00
441           	-7.833702e+00
442           	-7.832866e+00
443           	-7.832053e+00
444           	-7.831220e+00
445           	-7.830408e+00
446           	-7.829575e+00
447           	-7.828763e+00
448           	-7.827932e+00
449           	-7.827122e+00
450           	-7.826293e+00
451           	-7.825485e+00
452           	-7.824660e+00
453           	-7.823852e+00
454           	-7.823034e+00
455           	-7.822224e+00
456           	-7.821416e+00
457           	-7.820606e+00
458           	-7.819794e+00
459           	-7.818988e+00
460           	-7.818182e+00
461           	-7.817378e+00
462           	-7.816571e+00
463           	-7.815767e+00
464           	-7.814958e+00
465           	-7.814155e+00
466           	-7.813349e+00
467           	-7.812547e+00
468           	-7.811737e+00
469           	-7.810937e+00
470           	-7.810136e+00
471           	-7.809330e+00
472           	-7.808533e+00
473           	-7.807735e+00
474           	-7.806931e+00
475           	-7.806136e+00
476           	-7.805341e+00
477           	-7.804535e+00
478           	-7.803743e+00
479           	-7.802949e+00
480           	-7.802145e+00
481           	-7.801353e+00
482           	-7.800561e+00
483           	-7.799756e+00
484           	-7.798965e+00
485           	-7.798173e+00
486           	-7.797366e+00
487           	-7.796578e+00
488           	-7.795789e+00
489           	-7.794985e+00
490           	-7.794199e+00
491           	-7.793412e+00
492           	-7.792609e+00
493           	-7.791824e+00
494           	-7.791036e+00
495           	-7.790234e+00
496           	-7.789450e+00
497           	-7.788662e+00
498           	-7.787873e+00
499           	-7.787089e+00
500           	-7.786293e+00
501           	-7.785502e+00
502           	-7.784721e+00
503           	-7.783930e+00
504           	-7.783145e+00
505           	-7.782348e+00
506           	-7.781549e+00
507           	-7.780773e+00
508           	-7.779997e+00
509           	-7.779225e+00
510           	-7.778440e+00
511           	-7.777660e+00
512           	-7.776871e+00
513           	-7.776092e+00
514           	-7.775306e+00
515           	-7.774536e+00
516           	-7.773768e+00
517           	-7.772976e+00
518           	-7.772181e+00
519           	-7.771403e+00
520           	-7.770625e+00
521           	-7.769879e+00
522           	-7.769119e+00
523           	-7.768327e+00
524           	-7.767564e+00
525           	-7.766791e+00
526           	-7.765992e+00
527           	-7.765230e+00
528           	-7.764463e+00
529           	-7.763680e+00
530           	-7.762921e+00
531           	-7.762159e+00
532           	-7.761391e+00
533           	-7.760608e+00
534           	-7.759850e+00
535           	-7.759090e+00
536           	-7.758314e+00
537           	-7.757559e+00
538           	-7.756802e+00
539           	-7.756040e+00
540           	-7.755261e+00
541           	-7.754507e+00
542           	-7.753751e+00
543           	-7.752980e+00
544           	-7.752230e+00
545           	-7.751477e+00
546           	-7.750716e+00
547           	-7.749949e+00
548           	-7.749200e+00
549           	-7.748458e+00
550           	-7.747690e+00
551           	-7.746934e+00
552           	-7.746171e+00
553           	-7.745429e+00
554           	-7.744692e+00
555           	-7.743927e+00
556           	-7.743166e+00
557           	-7.742411e+00
558           	-7.741657e+00
559           	-7.740911e+00
560           	-7.740171e+00
561           	-7.739458e+00
562           	-7.738712e+00
563           	-7.737962e+00
564           	-7.737212e+00
565           	-7.736465e+00
566           	-7.735741e+00
567           	-7.734989e+00
568           	-7.734240e+00
569           	-7.733495e+00
570           	-7.732754e+00
571           	-7.732039e+00
572           	-7.731294e+00
573           	-7.730550e+00
574           	-7.729809e+00
575           	-7.729072e+00
576           	-7.728361e+00
577           	-7.727619e+00
578           	-7.726879e+00
579           	-7.726143e+00
580           	-7.725412e+00
581           	-7.724707e+00
582           	-7.723971e+00
583           	-7.723236e+00
584           	-7.722505e+00
585           	-7.721779e+00
586           	-7.721079e+00
587           	-7.720346e+00
588           	-7.719616e+00
589           	-7.718889e+00
590           	-7.718167e+00
591           	-7.717471e+00
592           	-7.716744e+00
593           	-7.716017e+00
594           	-7.715294e+00
595           	-7.714576e+00
596           	-7.713885e+00
597           	-7.713160e+00
598           	-7.712437e+00
599           	-7.711717e+00
600           	-7.711024e+00
601           	-7.710300e+00
602           	-7.709580e+00
603           	-7.708863e+00
604           	-7.708174e+00
605           	-7.707455e+00
606           	-7.706737e+00
607           	-7.706022e+00
608           	-7.705337e+00
609           	-7.704618e+00
610           	-7.703901e+00
611           	-7.703189e+00
612           	-7.702506e+00
613           	-7.701813e+00
614           	-7.701087e+00
615           	-7.700365e+00
616           	-7.699650e+00
617           	-7.698969e+00
618           	-7.698281e+00
619           	-7.697560e+00
620           	-7.696843e+00
621           	-7.696133e+00
622           	-7.695456e+00
623           	-7.694770e+00
624           	-7.694051e+00
625           	-7.693335e+00
626           	-7.692626e+00
627           	-7.691950e+00
628           	-7.691269e+00
629           	-7.690577e+00
630           	-7.689851e+00
631           	-7.689132e+00
632           	-7.688424e+00
633           	-7.687751e+00
634           	-7.687072e+00
635           	-7.686385e+00
636           	-7.685664e+00
637           	-7.684947e+00
638           	-7.684241e+00
639           	-7.683568e+00
640           	-7.682892e+00
641           	-7.682183e+00
642           	-7.681477e+00
643           	-7.680802e+00
644           	-7.680123e+00
645           	-7.679414e+00
646           	-7.678707e+00
647           	-7.678033e+00
648           	-7.677356e+00
649           	-7.676646e+00
650           	-7.675943e+00
651           	-7.675272e+00
652           	-7.674597e+00
653           	-7.673913e+00
654           	-7.673199e+00
655           	-7.672490e+00
656           	-7.671818e+00
657           	-7.671145e+00
658           	-7.670465e+00
659           	-7.669753e+00
660           	-7.669048e+00
661           	-7.668379e+00
662           	-7.667708e+00
663           	-7.667030e+00
664           	-7.666318e+00
665           	-7.665613e+00
666           	-7.664946e+00
667           	-7.664278e+00
668           	-7.663602e+00
669           	-7.662893e+00
670           	-7.662191e+00
671           	-7.661526e+00
672           	-7.660856e+00
673           	-7.660182e+00
674           	-7.659471e+00
675           	-7.658768e+00
676           	-7.658101e+00
677           	-7.657431e+00
678           	-7.656753e+00
679           	-7.656070e+00
680           	-7.655353e+00
681           	-7.654646e+00
682           	-7.653982e+00
683           	-7.653314e+00
684           	-7.652641e+00
685           	-7.651959e+00
686           	-7.651245e+00
687           	-7.650568e+00
688           	-7.649891e+00
689           	-7.649211e+00
690           	-7.648529e+00
691           	-7.647817e+00
692           	-7.647145e+00
693           	-7.646472e+00
694           	-7.645796e+00
695           	-7.645116e+00
696           	-7.644431e+00
697           	-7.643718e+00
698           	-7.643046e+00
699           	-7.642374e+00
700           	-7.641700e+00
701           	-7.641022e+00
702           	-7.640341e+00
703           	-7.639657e+00
704           	-7.638973e+00
705           	-7.638289e+00
706           	-7.637606e+00
707           	-7.636925e+00
708           	-7.636244e+00
709           	-7.635564e+00
710           	-7.634883e+00
711           	-7.634202e+00
712           	-7.633520e+00
713           	-7.632838e+00
714           	-7.632157e+00
715           	-7.631475e+00
716           	-7.630795e+00
717           	-7.630115e+00
718           	-7.629435e+00
719           	-7.628755e+00
720           	-7.628076e+00
721           	-7.627396e+00
722           	-7.626717e+00
723           	-7.626000e+00
724           	-7.625345e+00
725           	-7.624671e+00
726           	-7.624018e+00
727           	-7.623298e+00
728           	-7.622622e+00
729           	-7.621962e+00
730           	-7.621290e+00
731           	-7.620610e+00
732           	-7.619947e+00
733           	-7.619272e+00
734           	-7.618587e+00
735           	-7.617906e+00
736           	-7.617218e+00
737           	-7.616526e+00
738           	-7.615837e+00
739           	-7.615155e+00
740           	-7.614472e+00
741           	-7.613787e+00
742           	-7.613105e+00
743           	-7.612423e+00
744           	-7.611744e+00
745           	-7.611063e+00
746           	-7.610378e+00
747           	-7.609691e+00
748           	-7.609010e+00
749           	-7.608332e+00
750           	-7.607651e+00
751           	-7.606966e+00
752           	-7.606277e+00
753           	-7.605587e+00
754           	-7.604908e+00
755           	-7.604226e+00
756           	-7.603540e+00
757           	-7.602850e+00
758           	-7.602158e+00
759           	-7.601476e+00
760           	-7.600791e+00
761           	-7.600090e+00
762           	-7.599352e+00
763           	-7.598673e+00
764           	-7.598005e+00
765           	-7.597331e+00
766           	-7.596648e+00
767           	-7.595971e+00
768           	-7.595281e+00
769           	-7.594593e+00
770           	-7.593902e+00
771           	-7.593209e+00
772           	-7.592491e+00
773           	-7.591799e+00
774           	-7.591117e+00
775           	-7.590427e+00
776           	-7.589739e+00
777           	-7.589042e+00
778           	-7.588347e+00
779           	-7.587643e+00
780           	-7.586945e+00
781           	-7.586241e+00
782           	-7.585544e+00
783           	-7.584843e+00
784           	-7.584148e+00
785           	-7.583449e+00
786           	-7.582755e+00
787           	-7.582055e+00
788           	-7.581359e+00
789           	-7.580656e+00
790           	-7.579959e+00
791           	-7.579254e+00
792           	-7.578555e+00
793           	-7.577850e+00
794           	-7.577150e+00
795           	-7.576444e+00
796           	-7.575721e+00
797           	-7.574996e+00
798           	-7.574310e+00
799           	-7.573641e+00
800           	-7.572945e+00
801           	-7.572225e+00
802           	-7.571520e+00
803           	-7.570810e+00
804           	-7.570139e+00
805           	-7.569448e+00
806           	-7.568721e+00
807           	-7.568021e+00
808           	-7.567318e+00
809           	-7.566570e+00
810           	-7.565839e+00
811           	-7.565145e+00
812           	-7.564454e+00
813           	-7.563746e+00
814           	-7.563041e+00
815           	-7.562324e+00
816           	-7.561614e+00
817           	-7.560896e+00
818           	-7.560187e+00
819           	-7.559474e+00
820           	-7.558768e+00
821           	-7.558058e+00
822           	-7.557353e+00
823           	-7.556642e+00
824           	-7.555937e+00
825           	-7.555225e+00
826           	-7.554519e+00
827           	-7.553807e+00
828           	-7.553103e+00
829           	-7.552391e+00
830           	-7.551687e+00
831           	-7.550976e+00
832           	-7.550272e+00
833           	-7.549561e+00
834           	-7.548858e+00
835           	-7.548148e+00
836           	-7.547444e+00
837           	-7.546734e+00
838           	-7.546031e+00
839           	-7.545320e+00
840           	-7.544617e+00
841           	-7.543906e+00
842           	-7.543203e+00
843           	-7.542492e+00
844           	-7.541788e+00
845           	-7.541077e+00
846           	-7.540373e+00
847           	-7.539661e+00
848           	-7.538957e+00
849           	-7.538244e+00
850           	-7.537539e+00
851           	-7.536827e+00
852           	-7.536122e+00
853           	-7.535409e+00
854           	-7.534704e+00
855           	-7.533992e+00
856           	-7.533286e+00
857           	-7.532573e+00
858           	-7.531867e+00
859           	-7.531153e+00
860           	-7.530447e+00
861           	-7.529732e+00
862           	-7.529025e+00
863           	-7.528310e+00
864           	-7.527602e+00
865           	-7.526886e+00
866           	-7.526178e+00
867           	-7.525462e+00
868           	-7.524755e+00
869           	-7.524038e+00
870           	-7.523330e+00
871           	-7.522612e+00
872           	-7.521903e+00
873           	-7.521180e+00
874           	-7.520457e+00
875           	-7.519760e+00
876           	-7.519061e+00
877           	-7.518351e+00
878           	-7.517652e+00
879           	-7.516940e+00
880           	-7.516213e+00
881           	-7.515436e+00
882           	-7.514719e+00
883           	-7.514007e+00
884           	-7.513301e+00
885           	-7.512618e+00
886           	-7.511923e+00
887           	-7.511208e+00
888           	-7.510434e+00
889           	-7.509713e+00
890           	-7.508990e+00
891           	-7.508276e+00
892           	-7.507586e+00
893           	-7.506886e+00
894           	-7.506165e+00
895           	-7.505386e+00
896           	-7.504665e+00
897           	-7.503936e+00
898           	-7.503171e+00
899           	-7.502450e+00
900           	-7.501738e+00
901           	-7.501037e+00
902           	-7.500341e+00
903           	-7.499634e+00
904           	-7.498927e+00
905           	-7.498200e+00
906           	-7.497471e+00
907           	-7.496732e+00
908           	-7.496002e+00
909           	-7.495261e+00
910           	-7.494528e+00
911           	-7.493791e+00
912           	-7.493065e+00
913           	-7.492328e+00
914           	-7.491598e+00
915           	-7.490859e+00
916           	-7.490128e+00
917           	-7.489386e+00
918           	-7.488651e+00
919           	-7.487908e+00
920           	-7.487174e+00
921           	-7.486431e+00
922           	-7.485718e+00
923           	-7.485011e+00
924           	-7.484260e+00
925           	-7.483495e+00
926           	-7.482738e+00
927           	-7.481967e+00
928           	-7.481183e+00
929           	-7.480453e+00
930           	-7.479755e+00
931           	-7.479020e+00
932           	-7.478278e+00
933           	-7.477525e+00
934           	-7.476770e+00
935           	-7.475999e+00
936           	-7.475254e+00
937           	-7.474510e+00
938           	-7.473784e+00
939           	-7.473037e+00
940           	-7.472284e+00
941           	-7.471526e+00
942           	-7.470765e+00
943           	-7.470008e+00
944           	-7.469251e+00
945           	-7.468512e+00
946           	-7.467767e+00
947           	-7.467015e+00
948           	-7.466256e+00
949           	-7.465495e+00
950           	-7.464733e+00
951           	-7.463971e+00
952           	-7.463212e+00
953           	-7.462453e+00
954           	-7.461696e+00
955           	-7.460940e+00
956           	-7.460183e+00
957           	-7.459424e+00
958           	-7.458665e+00
959           	-7.457904e+00
960           	-7.457142e+00
961           	-7.456380e+00
962           	-7.455616e+00
963           	-7.454852e+00
964           	-7.454088e+00
965           	-7.453323e+00
966           	-7.452557e+00
967           	-7.451791e+00
968           	-7.451024e+00
969           	-7.450257e+00
970           	-7.449489e+00
971           	-7.448719e+00
972           	-7.447949e+00
973           	-7.447178e+00
974           	-7.446407e+00
975           	-7.445634e+00
976           	-7.444861e+00
977           	-7.444057e+00
978           	-7.443279e+00
979           	-7.442523e+00
980           	-7.441780e+00
981           	-7.440972e+00
982           	-7.440202e+00
983           	-7.439445e+00
984           	-7.438625e+00
985           	-7.437850e+00
986           	-7.437092e+00
987           	-7.436275e+00
988           	-7.435504e+00
989           	-7.434739e+00
990           	-7.433967e+00
991           	-7.433185e+00
992           	-7.432391e+00
993           	-7.431587e+00
994           	-7.430800e+00
995           	-7.429958e+00
996           	-7.429127e+00
997           	-7.428349e+00
998           	-7.427528e+00
999           	-7.426775e+00
1000          	-7.426008e+00
1001          	-7.425203e+00
1002          	-7.424399e+00
1003          	-7.423595e+00
1004          	-7.422793e+00
1005          	-7.421997e+00
1006          	-7.421191e+00
1007          	-7.420389e+00
1008          	-7.419576e+00
1009          	-7.418772e+00
1010          	-7.417955e+00
1011          	-7.417143e+00
1012          	-7.416326e+00
1013          	-7.415521e+00
1014          	-7.414704e+00
1015          	-7.413892e+00
1016          	-7.413074e+00
1017          	-7.412264e+00
1018          	-7.411441e+00
1019          	-7.410624e+00
1020          	-7.409800e+00
1021          	-7.408986e+00
1022          	-7.408160e+00
1023          	-7.407342e+00
1024          	-7.406515e+00
1025          	-7.405699e+00
1026          	-7.404872e+00
1027          	-7.404052e+00
1028          	-7.403223e+00
1029          	-7.402405e+00
1030          	-7.401576e+00
1031          	-7.400755e+00
1032          	-7.399925e+00
1033          	-7.399105e+00
1034          	-7.398275e+00
1035          	-7.397479e+00
1036          	-7.396682e+00
1037          	-7.395860e+00
1038          	-7.394996e+00
1039          	-7.394110e+00
1040          	-7.393280e+00
1041          	-7.392478e+00
1042          	-7.391671e+00
1043          	-7.390863e+00
1044          	-7.390061e+00
1045          	-7.389237e+00
1046          	-7.388399e+00
1047          	-7.387544e+00
1048          	-7.386692e+00
1049          	-7.385856e+00
1050          	-7.385021e+00
1051          	-7.384186e+00
1052          	-7.383354e+00
1053          	-7.382503e+00
1054          	-7.381695e+00
1055          	-7.380881e+00
1056          	-7.380059e+00
1057          	-7.379228e+00
1058          	-7.378372e+00
1059          	-7.377559e+00
1060          	-7.376739e+00
1061          	-7.375915e+00
1062          	-7.375084e+00
1063          	-7.374260e+00
1064          	-7.373429e+00
1065          	-7.372593e+00
1066          	-7.371753e+00
1067          	-7.370888e+00
1068          	-7.370068e+00
1069          	-7.369245e+00
1070          	-7.368416e+00
1071          	-7.367577e+00
1072          	-7.366743e+00
1073          	-7.365907e+00
1074          	-7.365064e+00
1075          	-7.364215e+00
1076          	-7.363370e+00
1077          	-7.362530e+00
1078          	-7.361695e+00
1079          	-7.360851e+00
1080          	-7.360002e+00
1081          	-7.359164e+00
1082          	-7.358321e+00
1083          	-7.357472e+00
1084          	-7.356616e+00
1085          	-7.355761e+00
1086          	-7.354913e+00
1087          	-7.354066e+00
1088          	-7.353211e+00
1089          	-7.352350e+00
1090          	-7.351497e+00
1091          	-7.350643e+00
1092          	-7.349785e+00
1093          	-7.348919e+00
1094          	-7.348024e+00
1095          	-7.347169e+00
1096          	-7.346291e+00
1097          	-7.345447e+00
1098          	-7.344579e+00
1099          	-7.343737e+00
1100          	-7.342864e+00
1101          	-7.342015e+00
1102          	-7.341131e+00
1103          	-7.340275e+00
1104          	-7.339385e+00
1105          	-7.338525e+00
1106          	-7.337632e+00
1107          	-7.336771e+00
1108          	-7.335877e+00
1109          	-7.335015e+00
1110          	-7.334119e+00
1111          	-7.333254e+00
1112          	-7.332356e+00
1113          	-7.331488e+00
1114          	-7.330587e+00
1115          	-7.329718e+00
1116          	-7.328816e+00
1117          	-7.327948e+00
1118          	-7.327046e+00
1119          	-7.326178e+00
1120          	-7.325276e+00
1121          	-7.324408e+00
1122          	-7.323505e+00
1123          	-7.322636e+00
1124          	-7.321730e+00
1125          	-7.320860e+00
1126          	-7.319952e+00
1127          	-7.319079e+00
1128          	-7.318169e+00
1129          	-7.317296e+00
1130          	-7.316417e+00
1131          	-7.315537e+00
1132          	-7.314646e+00
1133          	-7.313752e+00
1134          	-7.312852e+00
1135          	-7.311944e+00
1136          	-7.311037e+00
1137          	-7.310143e+00
1138          	-7.309255e+00
1139          	-7.308368e+00
1140          	-7.307477e+00
1141          	-7.306582e+00
1142          	-7.305694e+00
1143          	-7.304810e+00
1144          	-7.303925e+00
1145          	-7.303032e+00
1146          	-7.302134e+00
1147          	-7.301246e+00
1148          	-7.300362e+00
1149          	-7.299476e+00
1150          	-7.298583e+00
1151          	-7.297688e+00
1152          	-7.296802e+00
1153          	-7.295918e+00
1154          	-7.295031e+00
1155          	-7.294136e+00
1156          	-7.293239e+00
1157          	-7.292353e+00
1158          	-7.291469e+00
1159          	-7.290582e+00
1160          	-7.289686e+00
1161          	-7.288761e+00
1162          	-7.287875e+00
1163          	-7.286970e+00
1164          	-7.286076e+00
1165          	-7.285218e+00
1166          	-7.284332e+00
1167          	-7.283469e+00
1168          	-7.282573e+00
1169          	-7.281704e+00
1170          	-7.280797e+00
1171          	-7.279916e+00
1172          	-7.279005e+00
1173          	-7.278123e+00
1174          	-7.277213e+00
1175          	-7.276331e+00
1176          	-7.275422e+00
1177          	-7.274540e+00
1178          	-7.273630e+00
1179          	-7.272747e+00
1180          	-7.271837e+00
1181          	-7.270928e+00
1182          	-7.270051e+00
1183          	-7.269145e+00
1184          	-7.268263e+00
1185          	-7.267354e+00
1186          	-7.266468e+00
1187          	-7.265558e+00
1188          	-7.264650e+00
1189          	-7.263769e+00
1190          	-7.262861e+00
1191          	-7.261954e+00
1192          	-7.261071e+00
1193          	-7.260160e+00
1194          	-7.259246e+00
1195          	-7.258359e+00
1196          	-7.257442e+00
1197          	-7.256525e+00
1198          	-7.255635e+00
1199          	-7.254718e+00
1200          	-7.253801e+00
1201          	-7.252909e+00
1202          	-7.251991e+00
1203          	-7.251071e+00
1204          	-7.250174e+00
1205          	-7.249252e+00
1206          	-7.248328e+00
1207          	-7.247406e+00
1208          	-7.246510e+00
1209          	-7.245588e+00
1210          	-7.244663e+00
1211          	-7.243739e+00
1212          	-7.242839e+00
1213          	-7.241914e+00
1214          	-7.240986e+00
1215          	-7.240059e+00
1216          	-7.239156e+00
1217          	-7.238228e+00
1218          	-7.237298e+00
1219          	-7.236368e+00
1220          	-7.235440e+00
1221          	-7.234514e+00
1222          	-7.233588e+00
1223          	-7.232657e+00
1224          	-7.231772e+00
1225          	-7.230868e+00
1226          	-7.229948e+00
1227          	-7.229004e+00
1228          	-7.228059e+00
1229          	-7.227108e+00
1230          	-7.226134e+00
1231          	-7.225175e+00
1232          	-7.224258e+00
1233          	-7.223347e+00
1234          	-7.222424e+00
1235          	-7.221491e+00
1236          	-7.220558e+00
1237          	-7.219594e+00
1238          	-7.218642e+00
1239          	-7.217723e+00
1240          	-7.216801e+00
1241          	-7.215869e+00
1242          	-7.214937e+00
1243          	-7.214000e+00
1244          	-7.213031e+00
1245          	-7.212089e+00
1246          	-7.211165e+00
1247          	-7.210236e+00
1248          	-7.209292e+00
1249          	-7.208354e+00
1250          	-7.207414e+00
1251          	-7.206437e+00
1252          	-7.205501e+00
1253          	-7.204572e+00
1254          	-7.203612e+00
1255          	-7.202663e+00
1256          	-7.201740e+00
1257          	-7.200809e+00
1258          	-7.199839e+00
1259          	-7.198868e+00
1260          	-7.197903e+00
1261          	-7.196949e+00
1262          	-7.196006e+00
1263          	-7.195069e+00
1264          	-7.194137e+00
1265          	-7.193201e+00
1266          	-7.192259e+00
1267          	-7.191310e+00
1268          	-7.190356e+00
1269          	-7.189399e+00
1270          	-7.188441e+00
1271          	-7.187482e+00
1272          	-7.186526e+00
1273          	-7.185569e+00
1274          	-7.184612e+00
1275          	-7.183655e+00
1276          	-7.182697e+00
1277          	-7.181737e+00
1278          	-7.180777e+00
1279          	-7.179816e+00
1280          	-7.178855e+00
1281          	-7.177893e+00
1282          	-7.176932e+00
1283          	-7.175970e+00
1284          	-7.175008e+00
1285          	-7.174046e+00
1286          	-7.173084e+00
1287          	-7.172120e+00
1288          	-7.171155e+00
1289          	-7.170190e+00
1290          	-7.169223e+00
1291          	-7.168256e+00
1292          	-7.167289e+00
1293          	-7.166321e+00
1294          	-7.165353e+00
1295          	-7.164385e+00
1296          	-7.163417e+00
1297          	-7.162448e+00
1298          	-7.161479e+00
1299          	-7.160510e+00
1300          	-7.159541e+00
1301          	-7.158571e+00
1302          	-7.157602e+00
1303          	-7.156633e+00
1304          	-7.155664e+00
1305          	-7.154695e+00
1306          	-7.153727e+00
1307          	-7.152759e+00
1308          	-7.151791e+00
1309          	-7.150824e+00
1310          	-7.149856e+00
1311          	-7.148889e+00
1312          	-7.147923e+00
1313          	-7.146957e+00
1314          	-7.145992e+00
1315          	-7.145029e+00
1316          	-7.144066e+00
1317          	-7.143104e+00
1318          	-7.142143e+00
1319          	-7.141183e+00
1320          	-7.140223e+00
1321          	-7.139264e+00
1322          	-7.138306e+00
1323          	-7.137349e+00
1324          	-7.136392e+00
1325          	-7.135437e+00
1326          	-7.134483e+00
1327          	-7.133529e+00
1328          	-7.132576e+00
1329          	-7.131625e+00
1330          	-7.130674e+00
1331          	-7.129725e+00
1332          	-7.128776e+00
1333          	-7.127828e+00
1334          	-7.126881e+00
1335          	-7.125934e+00
1336          	-7.124988e+00
1337          	-7.124042e+00
1338          	-7.123097e+00
1339          	-7.122153e+00
1340          	-7.121209e+00
1341          	-7.120301e+00
1342          	-7.119343e+00
1343          	-7.118385e+00
1344          	-7.117431e+00
1345          	-7.116482e+00
1346          	-7.115539e+00
1347          	-7.114600e+00
1348          	-7.113662e+00
1349          	-7.112724e+00
1350          	-7.111785e+00
1351          	-7.110879e+00
1352          	-7.109925e+00
1353          	-7.108972e+00
1354          	-7.108022e+00
1355          	-7.107078e+00
1356          	-7.106139e+00
1357          	-7.105204e+00
1358          	-7.104269e+00
1359          	-7.103332e+00
1360          	-7.102392e+00
1361          	-7.101451e+00
1362          	-7.100509e+00
1363          	-7.099566e+00
1364          	-7.098624e+00
1365          	-7.097683e+00
1366          	-7.096742e+00
1367          	-7.095802e+00
1368          	-7.094860e+00
1369          	-7.093918e+00
1370          	-7.092974e+00
1371          	-7.092029e+00
1372          	-7.091083e+00
1373          	-7.090136e+00
1374          	-7.089188e+00
1375          	-7.088239e+00
1376          	-7.087290e+00
1377          	-7.086340e+00
1378          	-7.085389e+00
1379          	-7.084437e+00
1380          	-7.083486e+00
1381          	-7.082533e+00
1382          	-7.081580e+00
1383          	-7.080627e+00
1384          	-7.079674e+00
1385          	-7.078720e+00
1386          	-7.077766e+00
1387          	-7.076812e+00
1388          	-7.075857e+00
1389          	-7.074902e+00
1390          	-7.073947e+00
1391          	-7.072992e+00
1392          	-7.072036e+00
1393          	-7.071081e+00
1394          	-7.070124e+00
1395          	-7.069168e+00
1396          	-7.068211e+00
1397          	-7.067255e+00
1398          	-7.066299e+00
1399          	-7.065343e+00
1400          	-7.064395e+00
1401          	-7.063443e+00
1402          	-7.062487e+00
1403          	-7.061529e+00
1404          	-7.060571e+00
1405          	-7.059612e+00
1406          	-7.058656e+00
1407          	-7.057700e+00
1408          	-7.056747e+00
1409          	-7.055794e+00
1410          	-7.054842e+00
1411          	-7.053890e+00
1412          	-7.052938e+00
1413          	-7.051985e+00
1414          	-7.051033e+00
1415          	-7.050081e+00
1416          	-7.049129e+00
1417          	-7.048177e+00
1418          	-7.047225e+00
1419          	-7.046273e+00
1420          	-7.045322e+00
1421          	-7.044370e+00
1422          	-7.043418e+00
1423          	-7.042467e+00
1424          	-7.041515e+00
1425          	-7.040564e+00
1426          	-7.039612e+00
1427          	-7.038660e+00
1428          	-7.037707e+00
1429          	-7.036753e+00
1430          	-7.035800e+00
1431          	-7.034847e+00
1432          	-7.033894e+00
1433          	-7.032941e+00
1434          	-7.031987e+00
1435          	-7.031034e+00
1436          	-7.030079e+00
1437          	-7.029125e+00
1438          	-7.028170e+00
1439          	-7.027224e+00
1440          	-7.026273e+00
1441          	-7.025316e+00
1442          	-7.024355e+00
1443          	-7.023392e+00
1444          	-7.022430e+00
1445          	-7.021462e+00
1446          	-7.020499e+00
1447          	-7.019543e+00
1448          	-7.018599e+00
1449          	-7.017651e+00
1450          	-7.016687e+00
1451          	-7.015732e+00
1452          	-7.014773e+00
1453          	-7.013812e+00
1454          	-7.012838e+00
1455          	-7.011879e+00
1456          	-7.010921e+00
1457          	-7.009963e+00
1458          	-7.009003e+00
1459          	-7.008033e+00
1460          	-7.007078e+00
1461          	-7.006113e+00
1462          	-7.005152e+00
1463          	-7.004195e+00
1464          	-7.003240e+00
1465          	-7.002286e+00
1466          	-7.001332e+00
1467          	-7.000378e+00
1468          	-6.999423e+00
1469          	-6.998467e+00
1470          	-6.997512e+00
1471          	-6.996557e+00
1472          	-6.995603e+00
1473          	-6.994651e+00
1474          	-6.993700e+00
1475          	-6.992751e+00
1476          	-6.991802e+00
1477          	-6.990855e+00
1478          	-6.989910e+00
1479          	-6.988965e+00
1480          	-6.988021e+00
1481          	-6.987080e+00
1482          	-6.986139e+00
1483          	-6.985201e+00
1484          	-6.984264e+00
1485          	-6.983330e+00
1486          	-6.982397e+00
1487          	-6.981466e+00
1488          	-6.980537e+00
1489          	-6.979610e+00
1490          	-6.978696e+00
1491          	-6.977778e+00
1492          	-6.976857e+00
1493          	-6.975926e+00
1494          	-6.975001e+00
1495          	-6.974084e+00
1496          	-6.973184e+00
1497          	-6.972284e+00
1498          	-6.971383e+00
1499          	-6.970481e+00
1500          	-6.969578e+00
1501          	-6.968677e+00
1502          	-6.967779e+00
1503          	-6.966884e+00
1504          	-6.965994e+00
1505          	-6.965107e+00
1506          	-6.964224e+00
1507          	-6.963343e+00
1508          	-6.962466e+00
1509          	-6.961590e+00
1510          	-6.960716e+00
1511          	-6.959845e+00
1512          	-6.958976e+00
1513          	-6.958109e+00
1514          	-6.957245e+00
1515          	-6.956383e+00
1516          	-6.955524e+00
1517          	-6.954667e+00
1518          	-6.953812e+00
1519          	-6.952959e+00
1520          	-6.952109e+00
1521          	-6.951260e+00
1522          	-6.950414e+00
1523          	-6.949569e+00
1524          	-6.948725e+00
1525          	-6.947884e+00
1526          	-6.947044e+00
1527          	-6.946203e+00
1528          	-6.945366e+00
1529          	-6.944530e+00
1530          	-6.943697e+00
1531          	-6.942865e+00
1532          	-6.942034e+00
1533          	-6.941204e+00
1534          	-6.940375e+00
1535          	-6.939546e+00
1536          	-6.938718e+00
1537          	-6.937891e+00
1538          	-6.937065e+00
1539          	-6.936239e+00
1540          	-6.935414e+00
1541          	-6.934589e+00
1542          	-6.933765e+00
1543          	-6.932943e+00
1544          	-6.932120e+00
1545          	-6.931297e+00
1546          	-6.930474e+00
1547          	-6.929650e+00
1548          	-6.928827e+00
1549          	-6.928005e+00
1550          	-6.927183e+00
1551          	-6.926361e+00
1552          	-6.925540e+00
1553          	-6.924719e+00
1554          	-6.923897e+00
1555          	-6.923076e+00
1556          	-6.922255e+00
1557          	-6.921434e+00
1558          	-6.920613e+00
1559          	-6.919792e+00
1560          	-6.918972e+00
1561          	-6.918151e+00
1562          	-6.917331e+00
1563          	-6.916503e+00
1564          	-6.915680e+00
1565          	-6.914860e+00
1566          	-6.914044e+00
1567          	-6.913254e+00
1568          	-6.912448e+00
1569          	-6.911631e+00
1570          	-6.910789e+00
1571          	-6.909967e+00
1572          	-6.909131e+00
1573          	-6.908317e+00
1574          	-6.907490e+00
1575          	-6.906680e+00
1576          	-6.905857e+00
1577          	-6.905043e+00
1578          	-6.904228e+00
1579          	-6.903416e+00
1580          	-6.902591e+00
1581          	-6.901776e+00
1582          	-6.900962e+00
1583          	-6.900154e+00
1584          	-6.899334e+00
1585          	-6.898518e+00
1586          	-6.897712e+00
1587          	-6.896907e+00
1588          	-6.896094e+00
1589          	-6.895282e+00
1590          	-6.894472e+00
1591          	-6.893671e+00
1592          	-6.892871e+00
1593          	-6.892056e+00
1594          	-6.891250e+00
1595          	-6.890441e+00
1596          	-6.889637e+00
1597          	-6.888823e+00
1598          	-6.888019e+00
1599          	-6.887216e+00
1600          	-6.886418e+00
1601          	-6.885608e+00
1602          	-6.884791e+00
1603          	-6.883998e+00
1604          	-6.883205e+00
1605          	-6.882403e+00
1606          	-6.881589e+00
1607          	-6.880766e+00
1608          	-6.879981e+00
1609          	-6.879181e+00
1610          	-6.878402e+00
1611          	-6.877599e+00
1612          	-6.876806e+00
1613          	-6.875990e+00
1614          	-6.875191e+00
1615          	-6.874384e+00
1616          	-6.873561e+00
1617          	-6.872765e+00
1618          	-6.871958e+00
1619          	-6.871147e+00
1620          	-6.870345e+00
1621          	-6.869543e+00
1622          	-6.868719e+00
1623          	-6.867911e+00
1624          	-6.867104e+00
1625          	-6.866281e+00
1626          	-6.865474e+00
1627          	-6.864660e+00
1628          	-6.863848e+00
1629          	-6.863021e+00
1630          	-6.862201e+00
1631          	-6.861388e+00
1632          	-6.860567e+00
1633          	-6.859751e+00
1634          	-6.858926e+00
1635          	-6.858115e+00
1636          	-6.857292e+00
1637          	-6.856466e+00
1638          	-6.855637e+00
1639          	-6.854809e+00
1640          	-6.853981e+00
1641          	-6.853160e+00
1642          	-6.852330e+00
1643          	-6.851520e+00
1644          	-6.850675e+00
1645          	-6.849832e+00
1646          	-6.848991e+00
1647          	-6.848156e+00
1648          	-6.847323e+00
1649          	-6.846494e+00
1650          	-6.845664e+00
1651          	-6.844834e+00
1652          	-6.844002e+00
1653          	-6.843169e+00
1654          	-6.842336e+00
1655          	-6.841502e+00
1656          	-6.840669e+00
1657          	-6.839836e+00
1658          	-6.839005e+00
1659          	-6.838173e+00
1660          	-6.837343e+00
1661          	-6.836513e+00
1662          	-6.835685e+00
1663          	-6.834858e+00
1664          	-6.834032e+00
1665          	-6.833208e+00
1666          	-6.832399e+00
1667          	-6.831581e+00
1668          	-6.830765e+00
1669          	-6.829940e+00
1670          	-6.829129e+00
1671          	-6.828312e+00
1672          	-6.827501e+00
1673          	-6.826693e+00
1674          	-6.825882e+00
1675          	-6.825072e+00
1676          	-6.824280e+00
1677          	-6.823469e+00
1678          	-6.822679e+00
1679          	-6.821912e+00
1680          	-6.821145e+00
1681          	-6.820371e+00
1682          	-6.819578e+00
1683          	-6.818783e+00
1684          	-6.818009e+00
1685          	-6.817241e+00
1686          	-6.816482e+00
1687          	-6.815741e+00
1688          	-6.814990e+00
1689          	-6.814244e+00
1690          	-6.813497e+00
1691          	-6.812758e+00
1692          	-6.812019e+00
1693          	-6.811285e+00
1694          	-6.810555e+00
1695          	-6.809827e+00
1696          	-6.809111e+00
1697          	-6.808388e+00
1698          	-6.807667e+00
1699          	-6.806953e+00
1700          	-6.806245e+00
1701          	-6.805542e+00
1702          	-6.804844e+00
1703          	-6.804154e+00
1704          	-6.803471e+00
1705          	-6.802792e+00
1706          	-6.802118e+00
1707          	-6.801439e+00
1708          	-6.800756e+00
1709          	-6.800079e+00
1710          	-6.799408e+00
1711          	-6.798745e+00
1712          	-6.798082e+00
1713          	-6.797423e+00
1714          	-6.796769e+00
1715          	-6.796119e+00
1716          	-6.795472e+00
1717          	-6.794828e+00
1718          	-6.794185e+00
1719          	-6.793545e+00
1720          	-6.792906e+00
1721          	-6.792270e+00
1722          	-6.791636e+00
1723          	-6.791005e+00
1724          	-6.790382e+00
1725          	-6.789753e+00
1726          	-6.789124e+00
1727          	-6.788496e+00
1728          	-6.787877e+00
1729          	-6.787259e+00
1730          	-6.786645e+00
1731          	-6.786033e+00
1732          	-6.785422e+00
1733          	-6.784808e+00
1734          	-6.784194e+00
1735          	-6.783586e+00
1736          	-6.782972e+00
1737          	-6.782358e+00
1738          	-6.781750e+00
1739          	-6.781143e+00
1740          	-6.780545e+00
1741          	-6.779936e+00
1742          	-6.779335e+00
1743          	-6.778728e+00
1744          	-6.778125e+00
1745          	-6.777521e+00
1746          	-6.776917e+00
1747          	-6.776314e+00
1748          	-6.775708e+00
1749          	-6.775104e+00
1750          	-6.774500e+00
1751          	-6.773901e+00
1752          	-6.773299e+00
1753          	-6.772702e+00
1754          	-6.772101e+00
1755          	-6.771503e+00
1756          	-6.770900e+00
1757          	-6.770301e+00
1758          	-6.769697e+00
1759          	-6.769098e+00
1760          	-6.768494e+00
1761          	-6.767895e+00
1762          	-6.767292e+00
1763          	-6.766694e+00
1764          	-6.766091e+00
1765          	-6.765494e+00
1766          	-6.764892e+00
1767          	-6.764299e+00
1768          	-6.763710e+00
1769          	-6.763093e+00
1770          	-6.762487e+00
1771          	-6.761888e+00
1772          	-6.761304e+00
1773          	-6.760701e+00
1774          	-6.760114e+00
1775          	-6.759518e+00
1776          	-6.758930e+00
1777          	-6.758325e+00
1778          	-6.757730e+00
1779          	-6.757123e+00
1780          	-6.756533e+00
1781          	-6.755929e+00
1782          	-6.755348e+00
1783          	-6.754744e+00
1784          	-6.754159e+00
1785          	-6.753565e+00
1786          	-6.752989e+00
1787          	-6.752386e+00
1788          	-6.751803e+00
1789          	-6.751202e+00
1790          	-6.750620e+00
1791          	-6.750027e+00
1792          	-6.749452e+00
1793          	-6.748853e+00
1794          	-6.748280e+00
1795          	-6.747685e+00
1796          	-6.747112e+00
1797          	-6.746527e+00
1798          	-6.745960e+00
1799          	-6.745360e+00
1800          	-6.744790e+00
1801          	-6.744192e+00
1802          	-6.743620e+00
1803          	-6.743034e+00
1804          	-6.742471e+00
1805          	-6.741870e+00
1806          	-6.741305e+00
1807          	-6.740711e+00
1808          	-6.740145e+00
1809          	-6.739559e+00
1810          	-6.739001e+00
1811          	-6.738405e+00
1812          	-6.737846e+00
1813          	-6.737255e+00
1814          	-6.736692e+00
1815          	-6.736104e+00
1816          	-6.735550e+00
1817          	-6.734960e+00
1818          	-6.734406e+00
1819          	-6.733825e+00
1820          	-6.733269e+00
1821          	-6.732686e+00
1822          	-6.732116e+00
1823          	-6.731508e+00
1824          	-6.730949e+00
1825          	-6.730356e+00
1826          	-6.729808e+00
1827          	-6.729242e+00
1828          	-6.728697e+00
1829          	-6.728116e+00
1830          	-6.727523e+00
1831          	-6.726961e+00
1832          	-6.726417e+00
1833          	-6.725835e+00
1834          	-6.725284e+00
1835          	-6.724697e+00
1836          	-6.724135e+00
1837          	-6.723548e+00
1838          	-6.722991e+00
1839          	-6.722404e+00
1840          	-6.721854e+00
1841          	-6.721279e+00
1842          	-6.720725e+00
1843          	-6.720137e+00
1844          	-6.719586e+00
1845          	-6.719005e+00
1846          	-6.718457e+00
1847          	-6.717880e+00
1848          	-6.717325e+00
1849          	-6.716743e+00
1850          	-6.716192e+00
1851          	-6.715612e+00
1852          	-6.715065e+00
1853          	-6.714491e+00
1854          	-6.713939e+00
1855          	-6.713363e+00
1856          	-6.712816e+00
1857          	-6.712241e+00
1858          	-6.711696e+00
1859          	-6.711128e+00
1860          	-6.710579e+00
1861          	-6.710002e+00
1862          	-6.709460e+00
1863          	-6.708893e+00
1864          	-6.708356e+00
1865          	-6.707795e+00
1866          	-6.707253e+00
1867          	-6.706683e+00
1868          	-6.706146e+00
1869          	-6.705587e+00
1870          	-6.705056e+00
1871          	-6.704504e+00
1872          	-6.703971e+00
1873          	-6.703410e+00
1874          	-6.702883e+00
1875          	-6.702334e+00
1876          	-6.701812e+00
1877          	-6.701272e+00
1878          	-6.700748e+00
1879          	-6.700198e+00
1880          	-6.699681e+00
1881          	-6.699148e+00
1882          	-6.698638e+00
1883          	-6.698110e+00
1884          	-6.697598e+00
1885          	-6.697059e+00
1886          	-6.696543e+00
1887          	-6.696045e+00
1888          	-6.695527e+00
1889          	-6.695029e+00
1890          	-6.694520e+00
1891          	-6.694026e+00
1892          	-6.693508e+00
1893          	-6.693021e+00
1894          	-6.692516e+00
1895          	-6.692035e+00
1896          	-6.691537e+00
1897          	-6.691062e+00
1898          	-6.690570e+00
1899          	-6.690100e+00
1900          	-6.689617e+00
1901          	-6.689147e+00
1902          	-6.688659e+00
1903          	-6.688194e+00
1904          	-6.687724e+00
1905          	-6.687269e+00
1906          	-6.686794e+00
1907          	-6.686342e+00
1908          	-6.685894e+00
1909          	-6.685451e+00
1910          	-6.684988e+00
1911          	-6.684549e+00
1912          	-6.684097e+00
1913          	-6.683665e+00
1914          	-6.683223e+00
1915          	-6.682798e+00
1916          	-6.682368e+00
1917          	-6.681941e+00
1918          	-6.681509e+00
1919          	-6.681087e+00
1920          	-6.680667e+00
1921          	-6.680246e+00
1922          	-6.679837e+00
1923          	-6.679426e+00
1924          	-6.679020e+00
1925          	-6.678609e+00
1926          	-6.678213e+00
1927          	-6.677815e+00
1928          	-6.677420e+00
1929          	-6.677025e+00
1930          	-6.676634e+00
1931          	-6.676248e+00
1932          	-6.675848e+00
1933          	-6.675465e+00
1934          	-6.675097e+00
1935          	-6.674729e+00
1936          	-6.674357e+00
1937          	-6.673991e+00
1938          	-6.673618e+00
1939          	-6.673251e+00
1940          	-6.672877e+00
1941          	-6.672519e+00
1942          	-6.672162e+00
1943          	-6.671807e+00
1944          	-6.671455e+00
1945          	-6.671104e+00
1946          	-6.670758e+00
1947          	-6.670405e+00
1948          	-6.670066e+00
1949          	-6.669718e+00
1950          	-6.669386e+00
1951          	-6.669048e+00
1952          	-6.668721e+00
1953          	-6.668389e+00
1954          	-6.668065e+00
1955          	-6.667739e+00
1956          	-6.667411e+00
1957          	-6.667087e+00
1958          	-6.666755e+00
1959          	-6.666442e+00
1960          	-6.666129e+00
1961          	-6.665820e+00
1962          	-6.665512e+00
1963          	-6.665198e+00
1964          	-6.664894e+00
1965          	-6.664583e+00
1966          	-6.664285e+00
1967          	-6.663978e+00
1968          	-6.663685e+00
1969          	-6.663391e+00
1970          	-6.663098e+00
1971          	-6.662808e+00
1972          	-6.662513e+00
1973          	-6.662225e+00
1974          	-6.661935e+00
1975          	-6.661652e+00
1976          	-6.661363e+00
1977          	-6.661087e+00
1978          	-6.660809e+00
1979          	-6.660537e+00
1980          	-6.660259e+00
1981          	-6.659991e+00
1982          	-6.659721e+00
1983          	-6.659450e+00
1984          	-6.659183e+00
1985          	-6.658909e+00
1986          	-6.658648e+00
1987          	-6.658389e+00
1988          	-6.658129e+00
1989          	-6.657874e+00
1990          	-6.657620e+00
1991          	-6.657365e+00
1992          	-6.657115e+00
1993          	-6.656864e+00
1994          	-6.656614e+00
1995          	-6.656367e+00
1996          	-6.656118e+00
1997          	-6.655877e+00
1998          	-6.655637e+00
1999          	-6.655399e+00
2000          	-6.655165e+00
