/*--------------------------------*- C++ -*----------------------------------*\
| =========                 |                                                 |
| \\      /  F ield         | OpenFOAM: The Open Source CFD Toolbox           |
|  \\    /   O peration     | Version:  2412                                  |
|   \\  /    A nd           | Website:  www.openfoam.com                      |
|    \\/     M anipulation  |                                                 |
\*---------------------------------------------------------------------------*/
FoamFile
{
    version     2.0;
    format      ascii;
    arch        "LSB;label=32;scalar=64";
    class       volScalarField;
    location    "2.8/fluid";
    object      wallHeatFlux;
}
// * * * * * * * * * * * * * * * * * * * * * * * * * * * * * * * * * * * * * //

dimensions      [1 0 -3 0 0 0 0];

internalField   uniform 0;

boundaryField
{
    inlet
    {
        type            calculated;
        value           uniform 0;
    }
    outlet
    {
        type            calculated;
        value           uniform 0;
    }
    walls
    {
        type            calculated;
        value           uniform 0;
    }
    fluid_to_solid
    {
        type            calculated;
        value           nonuniform List<scalar> 
500
(
1817.24
1542.75
1424.08
1354.79
1320.42
1320.42
1354.79
1424.08
1542.75
1817.18
2311.59
2035.98
1808.9
1687.51
1634.29
1634.29
1687.44
1808.9
2035.92
2311.59
2445.72
2239.34
2065.28
1972.75
1932.33
1932.33
1972.75
2065.34
2239.34
2445.72
2378.47
2198.48
2050.51
1975.35
1943.46
1943.46
1975.35
2050.57
2198.54
2378.47
2273.64
2103.05
1965.15
1896.98
1868.05
1868.05
1896.98
1965.27
2103.11
2273.7
2166.03
1998.1
1862.36
1796.23
1768.1
1768.1
1796.23
1862.42
1998.1
2166.03
2078.69
1915.4
1781.95
1717.98
1690.91
1690.91
1717.98
1782.01
1915.33
2078.63
2036.48
1886.78
1762.91
1704.87
1680.77
1680.77
1704.81
1762.79
1886.65
2036.42
2056.88
1933.32
1829.17
1780.9
1761.18
1761.18
1780.9
1829.17
1933.26
2056.81
2119.43
2029.99
1952.97
1918.55
1905.01
1905.01
1918.49
1953.04
2029.99
2119.43
1757.28
902.301
727.348
552.333
633.762
662.911
731.565
810.142
891.82
959.915
2135.16
827.569
557.356
430.529
467.43
502.532
577.326
669.795
765.551
899.82
2244.06
904.285
518.843
409.009
435.987
458.313
524.053
607.033
709.921
980.691
2185.39
866.02
503.338
419.614
435.987
436.979
493.043
558.038
665.268
1012.32
2092.36
821.119
508.424
436.173
455.026
445.042
491.121
536.084
639.716
976.474
1996.17
781.179
504.021
439.46
458.996
447.398
486.966
520.89
610.692
914.456
1917.04
769.148
494.284
440.824
457.383
447.708
484.981
518.719
585.885
845.182
1874.93
795.878
472.702
423.335
433.94
440.266
472.329
512.641
571.868
776.094
1882.74
922.022
482.935
433.072
427.738
450.933
474.934
516.238
596.552
730.821
1938.93
1308.7
684.493
525.293
537.262
501.416
518.595
583.838
653.174
768.652
698.977
678.705
706.617
729.539
738.658
736.008
724.794
701.318
674.33
697.436
1043.17
992.271
1029.8
1075.08
1098.87
1092.83
1065.47
1019.26
983.83
1038.18
1337.08
1286.92
1315.26
1338
1325.99
1321.18
1328.64
1304.42
1277.86
1331.35
1355.25
1288.71
1278.91
1243.73
1167.82
1163.5
1231.71
1265.17
1277.99
1348.91
1253.4
1170.53
1137.81
1068.92
957.396
952.344
1053.58
1121.36
1159.13
1247.55
1139.6
1047.05
996.708
902.866
769.035
762.873
884.073
977.237
1034.6
1133.68
1020.8
924.431
864.417
758.498
619.122
612.036
738.227
843.529
911.8
1015.32
899.415
807.853
750.92
648.513
523.555
517.208
629.597
731.017
796.639
895.287
781.974
711.855
677.534
595.708
486.585
478.76
579.996
661.206
703.906
780.865
720.481
694.232
701.811
651.655
559.354
552.022
638.778
689.673
690.597
723.5
1757.28
902.301
727.224
552.333
633.824
663.283
732.247
811.01
892.626
959.729
2135.16
827.383
557.108
430.343
467.12
502.408
577.45
670.167
765.799
899.696
2244.06
903.913
518.223
408.203
434.995
457.445
523.246
606.599
709.611
980.381
2185.39
865.4
502.284
418.126
434.374
435.553
491.617
556.922
663.903
1011.95
2092.3
820.313
506.998
434.312
452.918
443.119
489.198
534.472
637.732
975.482
1996.17
780.373
502.408
437.537
456.763
445.29
484.857
518.905
608.273
912.906
1917.1
768.466
492.733
438.778
455.026
445.414
482.624
516.362
583.218
842.949
1874.99
795.319
471.213
421.041
431.274
437.599
469.601
509.912
568.83
772.807
1882.87
922.084
481.942
430.715
424.7
447.46
471.275
512.083
592.396
726.665
1938.99
1309.01
686.416
524.549
535.03
499.121
513.758
578.628
649.205
763.194
1926.7
1285.02
745.226
630.006
612.408
575.978
565.789
593.267
652.112
777.397
1842.47
843.219
467.858
392.094
394.194
393.082
403.456
440.134
520.961
668.166
1782.39
658.41
383.697
304.414
309.168
324.296
349.674
392.033
470.266
597.28
1753.25
589.932
413.027
332.261
319.727
319.603
335.905
367.21
410.186
540.288
1740.53
538.806
442.912
370.915
342.82
330.718
331.644
339.486
353.688
467.241
1740.65
540.226
441.863
369.372
341.709
330.718
332.2
340.721
355.231
466.253
1753.37
589.685
409.631
327.939
316.516
316.886
334.608
367.951
411.977
538.867
1782.52
659.089
382.4
304.414
309.724
324.914
350.786
393.638
472.366
598.021
1842.6
845.751
471.131
395.614
397.158
395.614
405.926
442.418
523.369
672.488
1926.82
1286.81
751.278
633.155
614.94
578.262
569
596.786
655.631
781.225
)
;
    }
}


// ************************************************************************* //
