/*--------------------------------*- C++ -*----------------------------------*\
| =========                 |                                                 |
| \\      /  F ield         | OpenFOAM: The Open Source CFD Toolbox           |
|  \\    /   O peration     | Version:  2412                                  |
|   \\  /    A nd           | Website:  www.openfoam.com                      |
|    \\/     M anipulation  |                                                 |
\*---------------------------------------------------------------------------*/
FoamFile
{
    version     2.0;
    format      ascii;
    arch        "LSB;label=32;scalar=64";
    class       volScalarField;
    location    "3.1/fluid";
    object      wallHeatFlux;
}
// * * * * * * * * * * * * * * * * * * * * * * * * * * * * * * * * * * * * * //

dimensions      [1 0 -3 0 0 0 0];

internalField   uniform 0;

boundaryField
{
    inlet
    {
        type            calculated;
        value           uniform 0;
    }
    outlet
    {
        type            calculated;
        value           uniform 0;
    }
    walls
    {
        type            calculated;
        value           uniform 0;
    }
    fluid_to_solid
    {
        type            calculated;
        value           nonuniform List<scalar> 
500
(
1814.21
1536.63
1416.54
1346.63
1311.83
1311.77
1346.51
1416.47
1536.57
1814.03
2331.18
2050.57
1819.47
1695.79
1641.52
1641.46
1695.66
1819.28
2050.39
2330.94
2487.99
2276.54
2098.16
2003.35
1961.81
1961.75
2003.23
2098.1
2276.48
2487.87
2439.91
2254.35
2101.81
2024.3
1991.36
1991.3
2024.3
2101.81
2254.35
2439.84
2351.52
2174.62
2031.72
1961.01
1930.91
1930.85
1960.95
2031.66
2174.56
2351.39
2256.77
2081.35
1939.69
1870.58
1841.16
1841.1
1870.52
1939.62
2081.29
2256.64
2180.68
2009.34
1869.41
1802.28
1773.85
1773.73
1802.22
1869.35
2009.28
2180.56
2148.41
1990.68
1860.32
1799.26
1773.98
1773.85
1799.13
1860.2
1990.55
2148.23
2178.33
2047.85
1937.96
1887.15
1866.32
1866.26
1887.02
1937.77
2047.67
2178.14
2248.85
2154.22
2072.88
2036.54
2022.26
2022.2
2036.48
2072.82
2154.1
2248.73
1755.61
900.068
725.115
550.782
632.274
662.725
732.371
811.754
893.37
958.737
2153.14
834.453
564.116
437.723
475.058
511.339
587.745
681.392
777.334
909.929
2282.51
920.534
530.688
420.482
448.266
471.647
539.371
624.584
728.526
1000.48
2241.52
889.649
518.595
433.816
451.181
453.166
511.153
578.566
686.726
1040.48
2163.75
850.764
526.905
452.732
472.329
462.531
510.719
557.976
662.787
1009.78
2079.65
815.599
525.231
457.941
477.911
466.004
507.556
543.464
635.189
951.543
2011.06
809.087
517.789
460.608
477.353
467.244
506.377
542.224
612.056
884.129
1978
842.143
497.509
443.615
453.91
460.174
493.974
536.518
598.908
814.607
1993.94
978.955
510.533
455.088
447.584
470.903
496.454
540.673
626.196
768.466
2057.14
1389.33
726.479
555.744
565.977
526.719
542.41
611.188
686.354
809.025
685.853
665.273
695.773
723.315
738.658
746.113
734.961
709.883
680.184
698.114
1027.33
976.251
1019.69
1074.71
1109.47
1125.24
1095.97
1045.63
1004.53
1053.7
1334.74
1285.13
1321.24
1355.13
1354.02
1366.47
1372.75
1345.09
1313.54
1362.59
1366.1
1297.83
1294.13
1269.36
1206.14
1216.37
1288.95
1318.9
1325.68
1392.22
1274.91
1187.47
1157.71
1097.27
1000.96
1011.19
1122.53
1186.42
1215.51
1298.69
1168.37
1068.06
1017.16
929.977
814.323
825.907
963.127
1053.15
1099.18
1191.85
1053.58
946.675
882.717
782.159
662.562
676.117
822.333
925.972
981.057
1077.36
933.674
830.158
766.817
669.401
562.312
576.483
711.793
813.953
865.588
956.595
817.465
735.454
694.232
616.472
522.446
542.163
657.755
739.582
767.556
836.012
760.47
724.178
724.979
677.35
597.556
620.108
716.661
765.215
748.578
770.514
1756.04
900.564
725.797
551.092
632.708
662.043
730.759
809.274
890.331
955.326
2153.64
835.259
564.798
437.785
474.872
510.285
585.264
677.733
772.249
900.688
2282.82
921.216
531.185
420.544
448.204
470.903
537.076
620.491
721.952
985.219
2241.77
890.517
519.525
434.622
451.553
452.732
509.664
575.279
680.462
1024.79
2164
851.756
528.332
454.406
473.756
462.965
510.222
555.868
657.763
996.754
2079.84
816.778
527.091
460.112
480.02
467.12
507.99
542.534
631.902
941.248
2011.37
810.328
519.773
462.903
479.648
468.98
507.37
542.348
610.382
876.253
1978.31
843.321
499.245
445.848
456.143
462.159
495.338
537.386
598.536
809.398
1994.25
980.009
512.021
457.259
450.065
473.57
498.315
541.17
625.762
766.543
2057.45
1390.2
727.906
557.48
568.147
529.262
545.263
614.227
688.028
808.467
2043.83
1363.38
790.672
668.043
648.901
609.63
598.886
628.154
690.704
823.46
1954.61
896.26
496.138
415.744
417.287
415.805
426.735
465.635
551.587
707.561
1891.07
699.534
403.95
320.468
325.902
342.265
369.742
415.188
498.423
628.586
1860.32
626.487
433.033
346.957
335.349
336.152
354.861
389.501
434.638
567.209
1846.86
577.645
467.241
390.86
361.962
351.033
352.329
360.727
375.484
495.397
1846.73
576.657
469.711
393.762
364.247
352.206
353.626
362.518
378.881
507.685
1860.19
628.03
437.726
352.021
338.683
338.683
356.219
390.057
437.232
583.325
1890.88
699.595
405.864
321.517
326.272
342.141
369.248
414.756
498.979
639.33
1954.42
894.963
495.027
413.953
415.744
414.138
425.191
464.709
551.587
709.598
2043.58
1362.76
789.314
666.993
647.11
607.592
596.416
625.684
689.098
823.584
)
;
    }
}


// ************************************************************************* //
