/*--------------------------------*- C++ -*----------------------------------*\
| =========                 |                                                 |
| \\      /  F ield         | OpenFOAM: The Open Source CFD Toolbox           |
|  \\    /   O peration     | Version:  2412                                  |
|   \\  /    A nd           | Website:  www.openfoam.com                      |
|    \\/     M anipulation  |                                                 |
\*---------------------------------------------------------------------------*/
FoamFile
{
    version     2.0;
    format      ascii;
    arch        "LSB;label=32;scalar=64";
    class       labelList;
    location    "constant/solid/polyMesh";
    object      faceProcAddressing;
}
// * * * * * * * * * * * * * * * * * * * * * * * * * * * * * * * * * * * * * //


239
(
1416
1417
1418
1419
1420
1421
1423
1424
1445
1446
1447
1448
1449
1450
1453
1474
1475
1476
1478
1479
1503
1504
1505
1507
1508
1532
1534
1537
1696
1697
1698
1699
1700
1701
1703
1704
1725
1726
1727
1728
1729
1730
1733
1754
1755
1756
1758
1759
1783
1784
1785
1787
1788
1812
1814
1817
1976
1977
1978
1979
1980
1981
1983
1984
2005
2006
2007
2008
2009
2010
2013
2034
2035
2036
2038
2039
2063
2064
2065
2067
2068
2092
2094
2097
2256
2257
2258
2259
2260
2261
2263
2264
2285
2286
2287
2288
2289
2290
2292
2293
2314
2315
2316
2317
2318
2319
2322
2343
2344
2345
2347
2348
2372
2374
2377
2531
2532
2533
2534
2536
2550
2551
2552
2553
2555
2569
2570
2571
2572
2588
2589
2591
2607
3156
3157
3158
3166
3167
3168
3176
3177
3178
3186
3187
3188
3196
3197
3198
3206
3207
3208
3216
3217
3218
3226
3227
3228
3236
3237
3246
3247
-1138
-1141
-1144
-1167
-1170
-1173
-1196
-1199
-1225
-1228
-1254
-1257
1422
1451
1452
1477
1506
1535
1702
1731
1732
1757
1786
1815
1982
2011
2012
2037
-2042
2066
2095
2262
2291
2320
2321
2346
2375
2535
2554
2573
2574
2590
2609
1533
1536
1813
1816
2093
2096
2373
2376
2608
2610
-1413
-1442
-1471
-1500
-1529
-1693
-1722
-1751
-1780
-1809
-1973
-2002
-2031
-2060
-2089
-2253
-2282
-2311
-2340
-2369
-2529
-2548
-2567
-2586
-2605
)


// ************************************************************************* //
