/*--------------------------------*- C++ -*----------------------------------*\
| =========                 |                                                 |
| \\      /  F ield         | OpenFOAM: The Open Source CFD Toolbox           |
|  \\    /   O peration     | Version:  2412                                  |
|   \\  /    A nd           | Website:  www.openfoam.com                      |
|    \\/     M anipulation  |                                                 |
\*---------------------------------------------------------------------------*/
FoamFile
{
    version     2.0;
    format      ascii;
    arch        "LSB;label=32;scalar=64";
    class       faceList;
    location    "constant/solid/polyMesh";
    object      faces;
}
// * * * * * * * * * * * * * * * * * * * * * * * * * * * * * * * * * * * * * //


239
(
4(1 43 60 5)
4(42 59 60 43)
4(4 5 60 59)
4(2 44 61 6)
4(43 60 61 44)
4(5 6 61 60)
4(44 61 62 45)
4(6 7 62 61)
4(43 47 64 60)
4(46 63 64 47)
4(59 60 64 63)
4(44 48 65 61)
4(47 64 65 48)
4(60 61 65 64)
4(61 62 66 65)
4(47 51 68 64)
4(50 67 68 51)
4(63 64 68 67)
4(51 68 69 52)
4(64 65 69 68)
4(51 54 71 68)
4(53 70 71 54)
4(67 68 71 70)
4(54 71 72 55)
4(68 69 72 71)
4(54 57 74 71)
4(70 71 74 73)
4(71 72 75 74)
4(5 60 77 9)
4(59 76 77 60)
4(8 9 77 76)
4(6 61 78 10)
4(60 77 78 61)
4(9 10 78 77)
4(61 78 79 62)
4(10 11 79 78)
4(60 64 81 77)
4(63 80 81 64)
4(76 77 81 80)
4(61 65 82 78)
4(64 81 82 65)
4(77 78 82 81)
4(78 79 83 82)
4(64 68 85 81)
4(67 84 85 68)
4(80 81 85 84)
4(68 85 86 69)
4(81 82 86 85)
4(68 71 88 85)
4(70 87 88 71)
4(84 85 88 87)
4(71 88 89 72)
4(85 86 89 88)
4(71 74 91 88)
4(87 88 91 90)
4(88 89 92 91)
4(9 77 94 13)
4(76 93 94 77)
4(12 13 94 93)
4(10 78 95 14)
4(77 94 95 78)
4(13 14 95 94)
4(78 95 96 79)
4(14 15 96 95)
4(77 81 98 94)
4(80 97 98 81)
4(93 94 98 97)
4(78 82 99 95)
4(81 98 99 82)
4(94 95 99 98)
4(95 96 100 99)
4(81 85 102 98)
4(84 101 102 85)
4(97 98 102 101)
4(85 102 103 86)
4(98 99 103 102)
4(85 88 106 102)
4(87 105 106 88)
4(101 102 106 105)
4(88 106 107 89)
4(102 103 107 106)
4(88 91 109 106)
4(105 106 109 108)
4(106 107 110 109)
4(13 94 112 17)
4(93 111 112 94)
4(16 17 112 111)
4(14 95 113 18)
4(94 112 113 95)
4(17 18 113 112)
4(95 113 114 96)
4(18 19 114 113)
4(94 98 116 112)
4(97 115 116 98)
4(111 112 116 115)
4(95 99 117 113)
4(98 116 117 99)
4(112 113 117 116)
4(99 117 118 100)
4(113 114 118 117)
4(98 102 120 116)
4(101 119 120 102)
4(115 116 120 119)
4(99 103 121 117)
4(102 120 121 103)
4(116 117 121 120)
4(117 118 122 121)
4(102 106 124 120)
4(105 123 124 106)
4(119 120 124 123)
4(106 124 125 107)
4(120 121 125 124)
4(106 109 127 124)
4(123 124 127 126)
4(124 125 128 127)
4(17 112 25 21)
4(111 24 25 112)
4(18 113 26 22)
4(112 25 26 113)
4(113 26 27 114)
4(112 116 29 25)
4(115 28 29 116)
4(113 117 30 26)
4(116 29 30 117)
4(117 30 31 118)
4(116 120 33 29)
4(119 32 33 120)
4(117 121 34 30)
4(120 33 34 121)
4(120 124 37 33)
4(123 36 37 124)
4(124 37 38 125)
4(124 127 40 37)
4(0 1 5 4)
4(1 2 6 5)
4(2 3 7 6)
4(4 5 9 8)
4(5 6 10 9)
4(6 7 11 10)
4(8 9 13 12)
4(9 10 14 13)
4(10 11 15 14)
4(12 13 17 16)
4(13 14 18 17)
4(14 15 19 18)
4(16 17 21 20)
4(17 18 22 21)
4(18 19 23 22)
4(20 21 25 24)
4(21 22 26 25)
4(22 23 27 26)
4(24 25 29 28)
4(25 26 30 29)
4(26 27 31 30)
4(28 29 33 32)
4(29 30 34 33)
4(30 31 35 34)
4(32 33 37 36)
4(33 34 38 37)
4(36 37 40 39)
4(37 38 41 40)
4(0 42 43 1)
4(1 43 44 2)
4(2 44 45 3)
4(42 46 47 43)
4(43 47 48 44)
4(44 48 49 45)
4(46 50 51 47)
4(47 51 52 48)
4(50 53 54 51)
4(51 54 55 52)
4(53 56 57 54)
4(54 57 58 55)
4(3 45 62 7)
4(45 49 66 62)
4(48 65 66 49)
4(48 52 69 65)
4(52 55 72 69)
4(55 58 75 72)
4(7 62 79 11)
4(62 66 83 79)
4(65 82 83 66)
4(65 69 86 82)
4(69 72 89 86)
4(72 75 92 89)
4(11 79 96 15)
4(79 83 100 96)
4(82 99 100 83)
4(82 86 103 99)
4(99 103 104 100)
4(86 89 107 103)
4(89 92 110 107)
4(15 96 114 19)
4(96 100 118 114)
4(100 104 122 118)
4(103 121 122 104)
4(103 107 125 121)
4(107 110 128 125)
4(19 114 27 23)
4(114 118 31 27)
4(118 122 35 31)
4(121 34 35 122)
4(121 125 38 34)
4(125 128 41 38)
4(56 73 74 57)
4(57 74 75 58)
4(73 90 91 74)
4(74 91 92 75)
4(90 108 109 91)
4(91 109 110 92)
4(108 126 127 109)
4(109 127 128 110)
4(126 39 40 127)
4(127 40 41 128)
4(0 4 59 42)
4(42 59 63 46)
4(46 63 67 50)
4(50 67 70 53)
4(53 70 73 56)
4(4 8 76 59)
4(59 76 80 63)
4(63 80 84 67)
4(67 84 87 70)
4(70 87 90 73)
4(8 12 93 76)
4(76 93 97 80)
4(80 97 101 84)
4(84 101 105 87)
4(87 105 108 90)
4(12 16 111 93)
4(93 111 115 97)
4(97 115 119 101)
4(101 119 123 105)
4(105 123 126 108)
4(16 20 24 111)
4(111 24 28 115)
4(115 28 32 119)
4(119 32 36 123)
4(123 36 39 126)
)


// ************************************************************************* //
