/*--------------------------------*- C++ -*----------------------------------*\
| =========                 |                                                 |
| \\      /  F ield         | OpenFOAM: The Open Source CFD Toolbox           |
|  \\    /   O peration     | Version:  2412                                  |
|   \\  /    A nd           | Website:  www.openfoam.com                      |
|    \\/     M anipulation  |                                                 |
\*---------------------------------------------------------------------------*/
FoamFile
{
    version     2.0;
    format      ascii;
    arch        "LSB;label=32;scalar=64";
    note        "nPoints:129  nCells:62  nFaces:239  nInternalFaces:133";
    class       labelList;
    location    "constant/solid/polyMesh";
    object      owner;
}
// * * * * * * * * * * * * * * * * * * * * * * * * * * * * * * * * * * * * * //


239
(
0
0
0
1
1
1
2
2
3
3
3
4
4
4
5
6
6
6
7
7
8
8
8
9
9
10
10
11
12
12
12
13
13
13
14
14
15
15
15
16
16
16
17
18
18
18
19
19
20
20
20
21
21
22
22
23
24
24
24
25
25
25
26
26
27
27
27
28
28
28
29
30
30
30
31
31
32
32
32
33
33
34
34
35
36
36
36
37
37
37
38
38
39
39
39
40
40
40
41
41
42
42
42
43
43
43
44
45
45
45
46
46
47
47
48
49
49
50
50
51
52
52
53
53
54
55
55
56
56
58
58
59
60
0
1
2
12
13
14
24
25
26
36
37
38
49
50
51
49
50
51
52
53
54
55
56
57
58
59
60
61
0
1
2
3
4
5
6
7
8
9
10
11
2
5
5
7
9
11
14
17
17
19
21
23
26
29
29
31
44
33
35
38
41
44
44
46
48
51
54
57
57
59
61
10
11
22
23
34
35
47
48
60
61
0
3
6
8
10
12
15
18
20
22
24
27
30
32
34
36
39
42
45
47
49
52
55
58
60
)


// ************************************************************************* //
