/*--------------------------------*- C++ -*----------------------------------*\
| =========                 |                                                 |
| \\      /  F ield         | OpenFOAM: The Open Source CFD Toolbox           |
|  \\    /   O peration     | Version:  2412                                  |
|   \\  /    A nd           | Website:  www.openfoam.com                      |
|    \\/     M anipulation  |                                                 |
\*---------------------------------------------------------------------------*/
FoamFile
{
    version     2.0;
    format      ascii;
    arch        "LSB;label=32;scalar=64";
    class       volScalarField;
    location    "3.9/solid";
    object      T;
}
// * * * * * * * * * * * * * * * * * * * * * * * * * * * * * * * * * * * * * //

dimensions      [0 0 0 1 0 0 0];

internalField   nonuniform List<scalar> 
1000
(
352.17
352.18
352.185
352.188
352.189
352.19
352.19
352.189
352.187
352.184
352.177
352.184
352.188
352.19
352.191
352.192
352.192
352.191
352.19
352.187
352.18
352.186
352.189
352.191
352.192
352.193
352.193
352.192
352.191
352.188
352.181
352.187
352.19
352.192
352.193
352.193
352.194
352.193
352.192
352.189
352.182
352.187
352.19
352.192
352.193
352.194
352.194
352.193
352.192
352.189
352.182
352.187
352.19
352.192
352.193
352.194
352.194
352.193
352.192
352.189
352.181
352.187
352.19
352.192
352.193
352.193
352.194
352.193
352.192
352.189
352.18
352.186
352.189
352.191
352.192
352.193
352.193
352.193
352.191
352.189
352.177
352.184
352.188
352.19
352.191
352.192
352.192
352.192
352.19
352.187
352.17
352.18
352.185
352.188
352.189
352.19
352.19
352.189
352.187
352.184
350.549
350.569
350.581
350.588
350.592
350.594
350.594
350.592
350.587
350.58
350.561
350.575
350.585
350.592
350.595
350.597
350.598
350.596
350.592
350.585
350.567
350.58
350.588
350.594
350.597
350.599
350.6
350.598
350.595
350.588
350.571
350.582
350.59
350.595
350.599
350.6
350.601
350.6
350.596
350.59
350.573
350.584
350.591
350.596
350.599
350.601
350.601
350.6
350.597
350.59
350.572
350.583
350.591
350.596
350.599
350.601
350.601
350.6
350.597
350.591
350.571
350.582
350.59
350.595
350.599
350.6
350.601
350.6
350.597
350.59
350.567
350.58
350.588
350.594
350.597
350.599
350.6
350.598
350.595
350.589
350.561
350.575
350.585
350.592
350.595
350.597
350.598
350.596
350.593
350.587
350.549
350.568
350.58
350.588
350.592
350.594
350.594
350.592
350.588
350.582
348.999
349.023
349.04
349.05
349.056
349.06
349.06
349.057
349.051
349.041
349.013
349.031
349.045
349.054
349.06
349.063
349.064
349.061
349.056
349.047
349.021
349.037
349.049
349.057
349.063
349.066
349.066
349.064
349.06
349.051
349.026
349.041
349.052
349.059
349.064
349.067
349.068
349.067
349.062
349.054
349.028
349.042
349.053
349.06
349.065
349.068
349.069
349.067
349.063
349.055
349.028
349.042
349.052
349.06
349.065
349.068
349.069
349.067
349.063
349.055
349.026
349.04
349.051
349.059
349.064
349.067
349.068
349.067
349.062
349.054
349.021
349.037
349.049
349.057
349.063
349.066
349.066
349.065
349.06
349.053
349.013
349.031
349.045
349.054
349.06
349.063
349.064
349.062
349.057
349.049
348.999
349.023
349.039
349.05
349.056
349.06
349.06
349.058
349.053
349.044
347.554
347.58
347.599
347.611
347.619
347.623
347.624
347.621
347.614
347.603
347.568
347.588
347.604
347.616
347.623
347.627
347.628
347.626
347.62
347.61
347.577
347.594
347.608
347.619
347.626
347.63
347.631
347.629
347.624
347.615
347.582
347.599
347.612
347.621
347.628
347.632
347.633
347.631
347.627
347.618
347.585
347.601
347.613
347.622
347.629
347.632
347.634
347.633
347.628
347.619
347.585
347.601
347.613
347.622
347.628
347.632
347.634
347.633
347.628
347.62
347.582
347.599
347.612
347.621
347.628
347.632
347.633
347.632
347.627
347.619
347.577
347.595
347.609
347.619
347.626
347.63
347.631
347.629
347.625
347.616
347.568
347.589
347.604
347.615
347.623
347.627
347.628
347.626
347.621
347.613
347.554
347.58
347.599
347.611
347.619
347.623
347.624
347.622
347.616
347.607
346.245
346.271
346.291
346.305
346.314
346.32
346.321
346.319
346.312
346.301
346.259
346.28
346.297
346.31
346.318
346.324
346.325
346.323
346.318
346.309
346.268
346.287
346.302
346.313
346.321
346.326
346.328
346.327
346.322
346.314
346.274
346.291
346.305
346.316
346.324
346.328
346.33
346.329
346.325
346.317
346.276
346.293
346.307
346.317
346.325
346.329
346.332
346.331
346.326
346.319
346.276
346.293
346.307
346.317
346.325
346.329
346.332
346.331
346.327
346.319
346.274
346.292
346.306
346.316
346.324
346.328
346.331
346.33
346.326
346.318
346.269
346.287
346.302
346.314
346.322
346.326
346.328
346.327
346.323
346.315
346.26
346.281
346.298
346.31
346.318
346.323
346.326
346.324
346.319
346.311
346.246
346.272
346.292
346.305
346.314
346.32
346.322
346.32
346.314
346.305
345.103
345.13
345.15
345.165
345.175
345.181
345.183
345.181
345.175
345.165
345.117
345.138
345.156
345.17
345.179
345.185
345.188
345.186
345.181
345.173
345.126
345.145
345.161
345.173
345.183
345.188
345.191
345.19
345.186
345.178
345.132
345.149
345.164
345.176
345.185
345.19
345.193
345.192
345.189
345.182
345.134
345.151
345.166
345.177
345.186
345.191
345.194
345.194
345.19
345.184
345.134
345.151
345.166
345.177
345.186
345.191
345.194
345.194
345.19
345.184
345.132
345.15
345.165
345.176
345.185
345.19
345.193
345.193
345.189
345.182
345.127
345.145
345.161
345.174
345.182
345.188
345.191
345.19
345.186
345.179
345.117
345.139
345.156
345.17
345.179
345.185
345.188
345.187
345.183
345.175
345.103
345.13
345.15
345.165
345.175
345.181
345.184
345.183
345.178
345.169
344.154
344.18
344.201
344.217
344.228
344.235
344.238
344.236
344.231
344.222
344.168
344.189
344.207
344.222
344.232
344.239
344.242
344.241
344.237
344.23
344.177
344.196
344.212
344.226
344.236
344.243
344.246
344.245
344.242
344.235
344.182
344.2
344.215
344.229
344.238
344.245
344.248
344.248
344.245
344.239
344.185
344.202
344.217
344.23
344.239
344.245
344.249
344.249
344.246
344.241
344.185
344.202
344.217
344.23
344.239
344.245
344.249
344.249
344.247
344.241
344.182
344.2
344.216
344.228
344.238
344.244
344.248
344.248
344.245
344.239
344.177
344.196
344.212
344.226
344.235
344.242
344.246
344.245
344.242
344.236
344.167
344.189
344.207
344.221
344.232
344.239
344.242
344.242
344.239
344.232
344.153
344.18
344.201
344.217
344.227
344.235
344.238
344.238
344.234
344.226
343.418
343.444
343.466
343.483
343.496
343.503
343.507
343.506
343.501
343.493
343.432
343.454
343.473
343.489
343.5
343.508
343.512
343.511
343.507
343.501
343.441
343.461
343.478
343.493
343.504
343.511
343.515
343.515
343.512
343.506
343.446
343.465
343.482
343.496
343.506
343.514
343.517
343.518
343.515
343.51
343.449
343.467
343.483
343.497
343.507
343.514
343.518
343.519
343.517
343.512
343.448
343.466
343.483
343.497
343.507
343.514
343.518
343.519
343.517
343.512
343.446
343.464
343.481
343.496
343.506
343.513
343.517
343.518
343.516
343.51
343.44
343.46
343.478
343.493
343.503
343.51
343.515
343.515
343.513
343.508
343.43
343.453
343.472
343.488
343.499
343.507
343.511
343.512
343.509
343.504
343.416
343.443
343.466
343.483
343.495
343.503
343.507
343.508
343.504
343.497
342.911
342.939
342.963
342.982
342.995
343.003
343.008
343.007
343.003
342.995
342.925
342.949
342.97
342.987
343
343.008
343.013
343.012
343.009
343.003
342.935
342.957
342.976
342.993
343.004
343.012
343.016
343.016
343.014
343.008
342.941
342.962
342.98
342.996
343.007
343.015
343.019
343.019
343.017
343.012
342.943
342.963
342.982
342.997
343.008
343.015
343.02
343.02
343.019
343.014
342.943
342.963
342.982
342.997
343.008
343.015
343.02
343.021
343.019
343.014
342.94
342.961
342.981
342.996
343.007
343.014
343.019
343.02
343.017
343.013
342.934
342.956
342.977
342.993
343.004
343.011
343.016
343.016
343.015
343.01
342.924
342.948
342.97
342.988
343
343.008
343.012
343.013
343.011
343.006
342.91
342.938
342.963
342.982
342.995
343.003
343.008
343.009
343.006
343
342.644
342.675
342.703
342.724
342.738
342.747
342.752
342.751
342.746
342.739
342.66
342.688
342.712
342.731
342.744
342.753
342.758
342.757
342.753
342.747
342.67
342.697
342.719
342.737
342.749
342.758
342.762
342.761
342.758
342.752
342.677
342.702
342.723
342.74
342.752
342.76
342.764
342.764
342.762
342.756
342.679
342.704
342.725
342.742
342.753
342.761
342.765
342.766
342.764
342.759
342.679
342.705
342.725
342.742
342.753
342.761
342.765
342.767
342.764
342.759
342.676
342.703
342.724
342.74
342.752
342.76
342.764
342.765
342.763
342.758
342.67
342.697
342.72
342.737
342.749
342.757
342.761
342.762
342.76
342.755
342.659
342.688
342.713
342.732
342.744
342.753
342.757
342.758
342.756
342.75
342.644
342.675
342.704
342.725
342.738
342.747
342.752
342.753
342.75
342.744
)
;

boundaryField
{
    bodyBottom
    {
        type            fixedValue;
        value           uniform 353;
    }
    solid_to_fluid
    {
        type            compressible::turbulentTemperatureCoupledBaffleMixed;
        refValue        nonuniform List<scalar> 
500
(
322.937
327.521
329.514
330.673
331.246
331.231
330.648
329.488
327.494
322.882
312.213
316.922
320.805
322.885
323.79
323.772
322.844
320.763
316.881
312.167
307.372
310.97
314.008
315.628
316.342
316.32
315.6
313.981
310.945
307.344
306.078
309.271
311.899
313.238
313.813
313.797
313.22
311.882
309.255
306.058
305.663
308.74
311.227
312.462
312.992
312.979
312.448
311.215
308.728
305.647
305.635
308.724
311.222
312.443
312.969
312.957
312.432
311.212
308.715
305.621
305.548
308.593
311.081
312.276
312.788
312.777
312.266
311.072
308.585
305.534
305.009
307.832
310.164
311.258
311.717
311.709
311.251
310.159
307.826
304.998
303.705
306.053
308.028
308.942
309.321
309.318
308.942
308.029
306.054
303.699
302.035
303.745
305.211
305.869
306.131
306.131
305.875
305.219
303.751
302.035
323.857
337.683
340.492
343.321
341.99
341.549
340.467
339.218
337.952
337.081
315.186
336.823
341.225
343.328
342.751
342.216
341.054
339.6
338.179
336.542
310.903
333.629
340.139
342.015
341.594
341.259
340.254
338.959
337.489
334.016
309.551
332.466
338.809
340.304
340.071
340.072
339.206
338.201
336.727
331.922
309.004
331.602
337.268
338.593
338.339
338.588
337.847
337.166
335.82
330.834
308.831
330.867
336.067
337.308
337.052
337.348
336.71
336.189
334.997
330.326
308.641
329.833
335.188
336.326
336.127
336.355
335.773
335.223
334.26
330.247
308.143
328.343
334.783
335.929
335.872
335.856
335.351
334.657
333.691
330.542
307.116
325.17
333.884
335.195
335.555
335.274
334.962
334.405
332.911
330.506
305.602
317.477
329.042
332.7
332.891
333.552
333.902
332.889
331.295
328.92
340.461
340.956
340.601
340.196
339.879
340.038
340.514
341.266
342.066
341.949
332.603
333.735
333.329
332.485
331.674
331.901
332.849
334.413
335.796
335.32
325.535
326.696
326.457
325.863
325.423
325.373
325.922
327.398
328.886
328.53
323.238
324.803
325.298
325.485
325.709
325.408
325.191
325.973
326.941
326.269
323.29
325.22
326.201
326.859
327.43
326.995
326.35
326.644
327.166
326.081
323.686
325.837
327.219
328.329
329.215
328.718
327.792
327.663
327.783
326.379
324.369
326.578
328.201
329.707
330.783
330.376
329.373
328.97
328.781
327.167
325.351
327.401
329.01
330.711
331.827
331.654
330.804
330.355
330.069
328.45
326.598
328.165
329.392
330.832
331.911
332.027
331.505
331.275
331.247
329.995
327.252
327.931
328.291
329.196
330.162
330.533
330.381
330.531
331.081
330.637
323.942
337.754
340.587
343.386
342.09
341.573
340.441
339.167
337.841
336.645
315.263
336.889
341.251
343.264
342.633
342.005
340.732
339.198
337.585
335.176
310.955
333.61
339.993
341.727
341.219
340.795
339.613
338.181
336.375
331.405
309.592
332.379
338.55
339.858
339.505
339.455
338.421
337.252
335.241
328.879
309.038
331.473
336.952
338.131
337.724
337.843
336.979
336.147
334.143
327.882
308.863
330.734
335.737
336.838
336.43
336.596
335.831
335.175
333.362
327.541
308.673
329.726
334.834
335.777
335.434
335.598
334.848
334.184
332.766
327.56
308.175
328.274
334.367
335.256
335.027
334.893
334.233
333.423
332.17
327.847
307.147
325.342
333.673
334.508
334.581
334.129
333.601
332.65
331.066
328.117
305.633
317.77
330.057
332.464
332.369
333.028
332.314
331.007
329.706
327.079
305.696
317.736
327.486
330.188
330.794
331.597
331.636
331.016
329.732
327.089
307.317
326.053
333.192
334.732
334.811
334.936
334.739
333.991
332.252
328.967
308.473
329.86
335.556
336.907
336.757
336.466
335.937
335.009
333.291
330.318
309.035
331.256
335.245
336.961
337.102
336.862
336.366
335.584
334.304
331.362
309.28
331.893
334.419
335.895
336.433
336.521
336.381
335.969
335.277
332.445
309.299
332.096
334.096
335.452
336.01
336.248
336.28
336.178
335.903
333.255
309.066
331.247
334.43
335.819
336.151
336.191
336.07
335.774
335.361
333.116
308.517
330.137
335.222
336.817
336.865
336.654
336.196
335.411
334.361
332.454
307.369
326.956
334.405
335.948
335.858
335.781
335.551
334.829
333.3
331.11
305.746
318.417
329.844
331.498
331.679
332.272
332.635
332.281
331.048
328.779
)
;
        refGradient     uniform 0;
        valueFraction   nonuniform List<scalar> 
500
(
0.000301416
0.000301416
0.000301416
0.000301416
0.000301416
0.000301416
0.000301416
0.000301416
0.000301416
0.000301416
0.000301416
0.000301416
0.000301416
0.000301416
0.000301416
0.000301416
0.000301416
0.000301416
0.000301416
0.000301416
0.000301416
0.000301416
0.000301416
0.000301416
0.000301416
0.000301416
0.000301416
0.000301416
0.000301416
0.000301416
0.000301416
0.000301416
0.000301416
0.000301416
0.000301416
0.000301416
0.000301416
0.000301416
0.000301416
0.000301416
0.000301416
0.000301416
0.000301416
0.000301416
0.000301416
0.000301416
0.000301416
0.000301416
0.000301416
0.000301416
0.000301416
0.000301416
0.000301416
0.000301416
0.000301416
0.000301416
0.000301416
0.000301416
0.000301416
0.000301416
0.000301416
0.000301416
0.000301416
0.000301416
0.000301416
0.000301416
0.000301416
0.000301416
0.000301416
0.000301416
0.000301416
0.000301416
0.000301416
0.000301416
0.000301416
0.000301416
0.000301416
0.000301416
0.000301416
0.000301416
0.000301416
0.000301416
0.000301416
0.000301416
0.000301416
0.000301416
0.000301416
0.000301416
0.000301416
0.000301416
0.000301416
0.000301416
0.000301416
0.000301416
0.000301416
0.000301416
0.000301416
0.000301416
0.000301416
0.000301416
0.000302436
0.000302436
0.000302436
0.000302436
0.000302436
0.000302436
0.000302436
0.000302436
0.000302436
0.000302436
0.000302436
0.000302436
0.000302436
0.000302436
0.000302436
0.000302436
0.000302436
0.000302436
0.000302436
0.000302436
0.000302436
0.000302436
0.000302436
0.000302436
0.000302436
0.000302436
0.000302436
0.000302436
0.000302436
0.000302436
0.000302436
0.000302436
0.000302436
0.000302436
0.000302436
0.000302436
0.000302436
0.000302436
0.000302436
0.000302436
0.000302436
0.000302436
0.000302436
0.000302436
0.000302436
0.000302436
0.000302436
0.000302436
0.000302436
0.000302436
0.000302436
0.000302436
0.000302436
0.000302436
0.000302436
0.000302436
0.000302436
0.000302436
0.000302436
0.000302436
0.000302436
0.000302436
0.000302436
0.000302436
0.000302436
0.000302436
0.000302436
0.000302436
0.000302436
0.000302436
0.000302436
0.000302436
0.000302436
0.000302436
0.000302436
0.000302436
0.000302436
0.000302436
0.000302436
0.000302436
0.000302436
0.000302436
0.000302436
0.000302436
0.000302436
0.000302436
0.000302436
0.000302436
0.000302436
0.000302436
0.000302436
0.000302436
0.000302436
0.000302436
0.000302436
0.000302436
0.000302436
0.000302436
0.000302436
0.000302436
0.000300478
0.000300478
0.000300478
0.000300478
0.000300478
0.000300478
0.000300478
0.000300478
0.000300478
0.000300478
0.000300478
0.000300478
0.000300478
0.000300478
0.000300478
0.000300478
0.000300478
0.000300478
0.000300478
0.000300478
0.000300478
0.000300478
0.000300478
0.000300478
0.000300478
0.000300478
0.000300478
0.000300478
0.000300478
0.000300478
0.000300478
0.000300478
0.000300478
0.000300478
0.000300478
0.000300478
0.000300478
0.000300478
0.000300478
0.000300478
0.000300478
0.000300478
0.000300478
0.000300478
0.000300478
0.000300478
0.000300478
0.000300478
0.000300478
0.000300478
0.000300478
0.000300478
0.000300478
0.000300478
0.000300478
0.000300478
0.000300478
0.000300478
0.000300478
0.000300478
0.000300478
0.000300478
0.000300478
0.000300478
0.000300478
0.000300478
0.000300478
0.000300478
0.000300478
0.000300478
0.000300478
0.000300478
0.000300478
0.000300478
0.000300478
0.000300478
0.000300478
0.000300478
0.000300478
0.000300478
0.000300478
0.000300478
0.000300478
0.000300478
0.000300478
0.000300478
0.000300478
0.000300478
0.000300478
0.000300478
0.000300478
0.000300478
0.000300478
0.000300478
0.000300478
0.000300478
0.000300478
0.000300478
0.000300478
0.000300478
0.000302436
0.000302436
0.000302436
0.000302436
0.000302436
0.000302436
0.000302436
0.000302436
0.000302436
0.000302436
0.000302436
0.000302436
0.000302436
0.000302436
0.000302436
0.000302436
0.000302436
0.000302436
0.000302436
0.000302436
0.000302436
0.000302436
0.000302436
0.000302436
0.000302436
0.000302436
0.000302436
0.000302436
0.000302436
0.000302436
0.000302436
0.000302436
0.000302436
0.000302436
0.000302436
0.000302436
0.000302436
0.000302436
0.000302436
0.000302436
0.000302436
0.000302436
0.000302436
0.000302436
0.000302436
0.000302436
0.000302436
0.000302436
0.000302436
0.000302436
0.000302436
0.000302436
0.000302436
0.000302436
0.000302436
0.000302436
0.000302436
0.000302436
0.000302436
0.000302436
0.000302436
0.000302436
0.000302436
0.000302436
0.000302436
0.000302436
0.000302436
0.000302436
0.000302436
0.000302436
0.000302436
0.000302436
0.000302436
0.000302436
0.000302436
0.000302436
0.000302436
0.000302436
0.000302436
0.000302436
0.000302436
0.000302436
0.000302436
0.000302436
0.000302436
0.000302436
0.000302436
0.000302436
0.000302436
0.000302436
0.000302436
0.000302436
0.000302436
0.000302436
0.000302436
0.000302436
0.000302436
0.000302436
0.000302436
0.000302436
0.000301115
0.000301115
0.000301115
0.000301115
0.000301115
0.000301115
0.000301115
0.000301115
0.000301115
0.000301115
0.000301115
0.000301115
0.000301115
0.000301115
0.000301115
0.000301115
0.000301115
0.000301115
0.000301115
0.000301115
0.000301115
0.000301115
0.000301115
0.000301115
0.000301115
0.000301115
0.000301115
0.000301115
0.000301115
0.000301115
0.000301115
0.000301115
0.000301115
0.000301115
0.000301115
0.000301115
0.000301115
0.000301115
0.000301115
0.000301115
0.000301115
0.000301115
0.000301115
0.000301115
0.000301115
0.000301115
0.000301115
0.000301115
0.000301115
0.000301115
0.000301115
0.000301115
0.000301115
0.000301115
0.000301115
0.000301115
0.000301115
0.000301115
0.000301115
0.000301115
0.000301115
0.000301115
0.000301115
0.000301115
0.000301115
0.000301115
0.000301115
0.000301115
0.000301115
0.000301115
0.000301115
0.000301115
0.000301115
0.000301115
0.000301115
0.000301115
0.000301115
0.000301115
0.000301115
0.000301115
0.000301115
0.000301115
0.000301115
0.000301115
0.000301115
0.000301115
0.000301115
0.000301115
0.000301115
0.000301115
0.000301115
0.000301115
0.000301115
0.000301115
0.000301115
0.000301115
0.000301115
0.000301115
0.000301115
0.000301115
)
;
        source          uniform 0;
        Tnbr            T;
        kappaMethod     solidThermo;
        value           nonuniform List<scalar> 
500
(
352.162
352.169
352.173
352.175
352.175
352.175
352.175
352.173
352.169
352.161
350.538
350.55
350.558
350.562
350.564
350.564
350.562
350.558
350.55
350.537
348.986
349.001
349.01
349.015
349.018
349.017
349.015
349.01
349.001
348.986
347.541
347.556
347.565
347.571
347.574
347.574
347.571
347.566
347.556
347.541
346.232
346.247
346.257
346.263
346.266
346.266
346.263
346.258
346.248
346.233
345.091
345.105
345.115
345.121
345.124
345.124
345.121
345.116
345.106
345.091
344.141
344.156
344.166
344.172
344.174
344.174
344.172
344.166
344.156
344.141
343.405
343.42
343.43
343.436
343.438
343.438
343.435
343.429
343.419
343.404
342.898
342.913
342.923
342.93
342.932
342.932
342.929
342.923
342.912
342.897
342.631
342.647
342.658
342.664
342.667
342.667
342.664
342.658
342.647
342.63
352.162
352.175
352.181
352.185
352.186
352.187
352.186
352.185
352.183
352.18
350.538
350.564
350.577
350.586
350.59
350.591
350.591
350.589
350.584
350.578
348.987
349.018
349.036
349.047
349.053
349.057
349.057
349.054
349.049
349.039
347.542
347.575
347.595
347.608
347.616
347.62
347.621
347.619
347.613
347.601
346.234
346.267
346.288
346.302
346.311
346.317
346.318
346.316
346.31
346.299
345.092
345.125
345.147
345.162
345.171
345.178
345.18
345.179
345.174
345.164
344.142
344.174
344.197
344.213
344.224
344.231
344.235
344.234
344.23
344.221
343.405
343.438
343.462
343.48
343.492
343.5
343.504
343.504
343.5
343.493
342.898
342.931
342.959
342.979
342.992
343
343.005
343.005
343.002
342.995
342.631
342.666
342.699
342.721
342.734
342.743
342.749
342.749
342.745
342.738
352.18
352.183
352.184
352.185
352.185
352.185
352.185
352.185
352.184
352.181
350.574
350.58
350.583
350.584
350.584
350.585
350.585
350.584
350.582
350.577
349.033
349.04
349.044
349.046
349.047
349.047
349.047
349.046
349.043
349.037
347.595
347.603
347.608
347.611
347.612
347.612
347.612
347.609
347.606
347.6
346.293
346.301
346.307
346.311
346.312
346.312
346.311
346.308
346.305
346.298
345.158
345.166
345.172
345.176
345.178
345.178
345.176
345.173
345.169
345.163
344.215
344.224
344.23
344.234
344.236
344.236
344.234
344.231
344.227
344.22
343.487
343.495
343.501
343.505
343.507
343.507
343.506
343.503
343.499
343.492
342.989
342.997
343.003
343.007
343.009
343.01
343.008
343.005
343.001
342.995
342.733
342.741
342.747
342.751
342.754
342.754
342.753
342.75
342.746
342.739
352.162
352.176
352.181
352.185
352.186
352.187
352.186
352.185
352.183
352.179
350.538
350.564
350.578
350.586
350.59
350.591
350.591
350.588
350.583
350.575
348.987
349.018
349.037
349.048
349.054
349.057
349.057
349.053
349.047
349.035
347.542
347.574
347.595
347.608
347.616
347.62
347.621
347.617
347.61
347.597
346.233
346.266
346.288
346.302
346.311
346.316
346.318
346.315
346.308
346.295
345.092
345.124
345.146
345.161
345.171
345.178
345.18
345.177
345.171
345.159
344.142
344.175
344.197
344.213
344.224
344.231
344.234
344.232
344.227
344.216
343.406
343.439
343.463
343.48
343.492
343.5
343.503
343.502
343.497
343.488
342.899
342.932
342.959
342.978
342.991
343
343.004
343.003
342.998
342.99
342.632
342.666
342.698
342.72
342.734
342.743
342.747
342.746
342.741
342.733
342.632
342.666
342.697
342.719
342.733
342.743
342.747
342.746
342.741
342.733
342.648
342.682
342.708
342.727
342.741
342.75
342.754
342.753
342.749
342.741
342.659
342.692
342.716
342.734
342.746
342.755
342.759
342.758
342.755
342.748
342.665
342.698
342.72
342.738
342.749
342.757
342.761
342.761
342.759
342.752
342.668
342.7
342.721
342.738
342.75
342.758
342.762
342.763
342.761
342.754
342.668
342.7
342.722
342.738
342.75
342.758
342.762
342.763
342.761
342.755
342.665
342.698
342.72
342.737
342.749
342.757
342.761
342.762
342.76
342.754
342.659
342.692
342.717
342.734
342.746
342.754
342.758
342.759
342.756
342.75
342.648
342.682
342.709
342.729
342.741
342.749
342.754
342.755
342.752
342.746
342.632
342.667
342.699
342.72
342.734
342.743
342.748
342.749
342.745
342.738
)
;
    }
}


// ************************************************************************* //
