/*--------------------------------*- C++ -*----------------------------------*\
| =========                 |                                                 |
| \\      /  F ield         | OpenFOAM: The Open Source CFD Toolbox           |
|  \\    /   O peration     | Version:  2412                                  |
|   \\  /    A nd           | Website:  www.openfoam.com                      |
|    \\/     M anipulation  |                                                 |
\*---------------------------------------------------------------------------*/
FoamFile
{
    version     2.0;
    format      ascii;
    arch        "LSB;label=32;scalar=64";
    class       volScalarField;
    location    "3.9/solid";
    object      wallHeatFlux;
}
// * * * * * * * * * * * * * * * * * * * * * * * * * * * * * * * * * * * * * //

dimensions      [1 0 -3 0 0 0 0];

internalField   uniform 0;

boundaryField
{
    bodyBottom
    {
        type            calculated;
        value           nonuniform List<scalar> 
100
(
170150
168715
168100
167895
167690
167690
167895
168100
168715
170150
168100
167280
166870
166665
166665
166665
166665
166870
167280
168100
167075
166460
166255
166050
166050
166050
166050
166255
166460
167075
166460
166050
165845
165640
165640
165640
165640
165845
166050
166460
166255
165845
165640
165435
165435
165435
165435
165640
165845
166255
166050
165640
165435
165435
165230
165230
165435
165435
165640
166050
166050
165640
165435
165230
165230
165230
165230
165435
165640
166050
166255
165845
165640
165435
165435
165435
165435
165435
165640
166255
166665
166050
165845
165640
165640
165640
165640
165845
166050
166665
167280
166665
166460
166255
166255
166255
166255
166255
166665
167280
)
;
    }
    solid_to_fluid
    {
        type            calculated;
        value           nonuniform List<scalar> 
500
(
-1640
-1640
-1435
-1230
-1435
-1435
-1230
-1435
-1640
-1845
-2255
-2255
-1845
-1845
-1845
-1640
-1845
-1845
-2255
-2460
-2665
-2460
-2255
-2255
-2050
-2255
-2255
-2255
-2460
-2665
-2665
-2460
-2460
-2255
-2255
-2255
-2255
-2255
-2460
-2665
-2665
-2460
-2255
-2255
-2050
-2050
-2255
-2255
-2460
-2665
-2460
-2460
-2255
-2255
-2050
-2050
-2255
-2255
-2255
-2460
-2665
-2460
-2255
-2050
-2255
-2255
-2050
-2255
-2255
-2460
-2665
-2460
-2255
-2050
-2255
-2050
-2255
-2255
-2255
-2460
-2665
-2460
-2460
-2255
-2255
-2255
-2255
-2255
-2460
-2665
-2665
-2665
-2460
-2665
-2460
-2460
-2460
-2460
-2460
-2870
-1640
-1025
-820
-615
-615
-615
-820
-820
-820
-820
-2255
-820
-615
-410
-410
-615
-615
-615
-820
-820
-2460
-1025
-615
-615
-615
-615
-615
-820
-820
-1025
-2460
-1025
-820
-615
-615
-615
-615
-615
-615
-1230
-2460
-1025
-820
-615
-615
-615
-820
-820
-820
-1230
-2255
-1025
-615
-615
-820
-615
-820
-820
-820
-1025
-2255
-1230
-820
-820
-615
-820
-615
-820
-820
-1025
-2255
-1025
-820
-615
-615
-615
-615
-820
-820
-820
-2460
-1435
-820
-615
-615
-615
-615
-820
-820
-1025
-2665
-1845
-1025
-820
-820
-820
-615
-820
-1025
-1230
-820
-820
-820
-820
-820
-820
-820
-820
-615
-615
-1230
-1025
-1025
-1230
-1230
-1230
-1025
-1025
-1025
-1025
-1640
-1435
-1435
-1640
-1640
-1640
-1435
-1435
-1230
-1435
-1640
-1435
-1435
-1435
-1435
-1640
-1435
-1435
-1435
-1435
-1640
-1640
-1435
-1230
-1435
-1435
-1435
-1435
-1230
-1435
-1435
-1435
-1230
-1230
-1230
-1230
-1230
-1230
-1230
-1230
-1435
-1230
-1025
-1025
-1025
-1025
-1025
-1025
-1025
-1230
-1230
-1230
-1025
-1025
-1025
-1025
-820
-1025
-1025
-1025
-1230
-1230
-1025
-1025
-1025
-820
-1025
-1025
-1025
-1025
-1230
-1230
-1025
-1025
-1025
-1025
-1025
-1025
-820
-1025
-1640
-820
-820
-615
-615
-615
-820
-820
-820
-1025
-2255
-1025
-615
-410
-410
-615
-615
-820
-820
-1025
-2460
-1025
-615
-410
-410
-615
-615
-820
-820
-1230
-2460
-1230
-820
-615
-615
-615
-615
-820
-820
-1230
-2460
-1025
-615
-615
-615
-820
-615
-820
-820
-1230
-2255
-1230
-820
-820
-820
-615
-615
-820
-820
-1230
-2460
-1025
-820
-820
-820
-820
-820
-820
-820
-1230
-2460
-1025
-615
-615
-820
-615
-820
-820
-820
-1025
-2460
-1435
-820
-820
-820
-615
-820
-820
-1025
-1025
-2460
-1845
-1025
-820
-820
-820
-1025
-1025
-1025
-1230
-2460
-1845
-1230
-1025
-1025
-820
-1025
-1025
-1025
-1230
-2460
-1230
-820
-820
-615
-615
-820
-820
-820
-1230
-2255
-1025
-615
-615
-615
-615
-615
-615
-615
-820
-2460
-820
-615
-410
-615
-615
-615
-615
-615
-820
-2255
-820
-820
-820
-615
-615
-615
-615
-615
-1025
-2255
-1025
-615
-820
-615
-615
-615
-820
-615
-820
-2255
-1025
-820
-615
-615
-615
-615
-615
-615
-820
-2255
-1025
-615
-615
-615
-615
-615
-615
-820
-1025
-2255
-1230
-820
-615
-615
-820
-615
-615
-820
-820
-2460
-1640
-1025
-1025
-820
-820
-820
-820
-1025
-1230
)
;
    }
}


// ************************************************************************* //
