/*--------------------------------*- C++ -*----------------------------------*\
| =========                 |                                                 |
| \\      /  F ield         | OpenFOAM: The Open Source CFD Toolbox           |
|  \\    /   O peration     | Version:  2412                                  |
|   \\  /    A nd           | Website:  www.openfoam.com                      |
|    \\/     M anipulation  |                                                 |
\*---------------------------------------------------------------------------*/
FoamFile
{
    version     2.0;
    format      ascii;
    arch        "LSB;label=32;scalar=64";
    class       labelList;
    location    "constant/solid/polyMesh";
    object      faceProcAddressing;
}
// * * * * * * * * * * * * * * * * * * * * * * * * * * * * * * * * * * * * * //


239
(
1628
1629
1630
1631
1632
1648
1649
1650
1651
1652
1653
1654
1655
1656
1657
1658
1659
1660
1661
1672
1673
1674
1675
1676
1677
1678
1679
1680
1908
1909
1910
1911
1912
1928
1929
1930
1931
1932
1933
1934
1935
1936
1937
1938
1939
1940
1941
1952
1953
1954
1955
1956
1957
1958
1959
1960
2188
2189
2190
2191
2192
2208
2209
2210
2211
2212
2213
2214
2215
2216
2217
2218
2219
2220
2221
2232
2233
2234
2235
2236
2237
2238
2239
2240
2465
2466
2467
2468
2469
2470
2471
2472
2488
2489
2490
2491
2492
2493
2494
2495
2496
2497
2498
2499
2500
2501
2512
2513
2514
2515
2516
2517
2518
2519
2520
2668
2669
2670
2671
2672
2683
2684
2685
2686
2687
2688
2689
2690
2691
2697
2698
2699
2700
2956
2957
2958
2959
2960
2966
2967
2968
2969
2970
2976
2977
2978
2979
2980
2986
2987
2988
2989
2990
2996
2997
2998
2999
3000
3058
3059
3060
3068
3069
3070
3078
3079
3080
3088
3089
3090
3098
3099
3100
3278
3279
3280
3286
3287
3288
3289
3290
3296
3297
3298
3299
3300
-1350
-1352
-1370
-1373
-1376
-1379
-1381
-1393
-1395
-1397
-1399
-1400
-1600
-1602
-1620
-1623
-1625
-1626
-1880
-1882
-1900
-1903
-1905
-1906
-2160
-2162
-2180
-2183
-2185
-2186
-2187
-2437
-2440
-2442
-2460
-2462
-2463
-2650
-2652
-2653
-2665
-2666
-2667
-1645
-1670
-1925
-1950
-2205
-2230
-2485
-2510
-2681
-2696
)


// ************************************************************************* //
