/*--------------------------------*- C++ -*----------------------------------*\
| =========                 |                                                 |
| \\      /  F ield         | OpenFOAM: The Open Source CFD Toolbox           |
|  \\    /   O peration     | Version:  2412                                  |
|   \\  /    A nd           | Website:  www.openfoam.com                      |
|    \\/     M anipulation  |                                                 |
\*---------------------------------------------------------------------------*/
FoamFile
{
    version     2.0;
    format      ascii;
    arch        "LSB;label=32;scalar=64";
    class       faceList;
    location    "constant/solid/polyMesh";
    object      faces;
}
// * * * * * * * * * * * * * * * * * * * * * * * * * * * * * * * * * * * * * //


239
(
4(68 73 85 80)
4(72 84 85 73)
4(79 80 85 84)
4(73 85 40 37)
4(80 39 40 85)
4(70 75 87 82)
4(74 86 87 75)
4(81 82 87 86)
4(71 76 88 83)
4(75 87 88 76)
4(82 83 88 87)
4(72 77 89 84)
4(76 88 89 77)
4(83 84 89 88)
4(73 78 90 85)
4(77 89 90 78)
4(84 85 90 89)
4(78 90 41 38)
4(85 40 41 90)
4(75 1 7 87)
4(86 87 7 6)
4(76 2 8 88)
4(87 88 8 7)
4(77 3 9 89)
4(88 89 9 8)
4(78 4 10 90)
4(89 90 10 9)
4(90 41 11 10)
4(80 85 97 92)
4(84 96 97 85)
4(91 92 97 96)
4(85 97 43 40)
4(92 42 43 97)
4(82 87 99 94)
4(86 98 99 87)
4(93 94 99 98)
4(83 88 100 95)
4(87 99 100 88)
4(94 95 100 99)
4(84 89 101 96)
4(88 100 101 89)
4(95 96 101 100)
4(85 90 102 97)
4(89 101 102 90)
4(96 97 102 101)
4(90 102 44 41)
4(97 43 44 102)
4(87 7 13 99)
4(98 99 13 12)
4(88 8 14 100)
4(99 100 14 13)
4(89 9 15 101)
4(100 101 15 14)
4(90 10 16 102)
4(101 102 16 15)
4(102 44 17 16)
4(92 97 110 105)
4(96 109 110 97)
4(104 105 110 109)
4(97 110 46 43)
4(105 45 46 110)
4(94 99 112 107)
4(98 111 112 99)
4(106 107 112 111)
4(95 100 113 108)
4(99 112 113 100)
4(107 108 113 112)
4(96 101 114 109)
4(100 113 114 101)
4(108 109 114 113)
4(97 102 115 110)
4(101 114 115 102)
4(109 110 115 114)
4(102 115 47 44)
4(110 46 47 115)
4(99 13 19 112)
4(111 112 19 18)
4(100 14 20 113)
4(112 113 20 19)
4(101 15 21 114)
4(113 114 21 20)
4(102 16 22 115)
4(114 115 22 21)
4(115 47 23 22)
4(104 109 122 117)
4(108 121 122 109)
4(116 117 122 121)
4(105 110 123 118)
4(109 122 123 110)
4(117 118 123 122)
4(110 123 49 46)
4(118 48 49 123)
4(107 112 125 120)
4(111 124 125 112)
4(119 120 125 124)
4(108 113 126 121)
4(112 125 126 113)
4(120 121 126 125)
4(109 114 127 122)
4(113 126 127 114)
4(121 122 127 126)
4(110 115 128 123)
4(114 127 128 115)
4(122 123 128 127)
4(115 128 50 47)
4(123 49 50 128)
4(112 19 25 125)
4(124 125 25 24)
4(113 20 26 126)
4(125 126 26 25)
4(114 21 27 127)
4(126 127 27 26)
4(115 22 28 128)
4(127 128 28 27)
4(128 50 29 28)
4(117 122 60 55)
4(121 59 60 122)
4(118 123 61 56)
4(122 60 61 123)
4(123 61 52 49)
4(120 125 63 58)
4(124 62 63 125)
4(121 126 64 59)
4(125 63 64 126)
4(122 127 65 60)
4(126 64 65 127)
4(123 128 66 61)
4(127 65 66 128)
4(128 66 53 50)
4(125 25 31 63)
4(126 26 32 64)
4(127 27 33 65)
4(128 28 34 66)
4(0 6 7 1)
4(1 7 8 2)
4(2 8 9 3)
4(3 9 10 4)
4(4 10 11 5)
4(6 12 13 7)
4(7 13 14 8)
4(8 14 15 9)
4(9 15 16 10)
4(10 16 17 11)
4(12 18 19 13)
4(13 19 20 14)
4(14 20 21 15)
4(15 21 22 16)
4(16 22 23 17)
4(18 24 25 19)
4(19 25 26 20)
4(20 26 27 21)
4(21 27 28 22)
4(22 28 29 23)
4(24 30 31 25)
4(25 31 32 26)
4(26 32 33 27)
4(27 33 34 28)
4(28 34 35 29)
4(36 37 40 39)
4(37 38 41 40)
4(38 5 11 41)
4(39 40 43 42)
4(40 41 44 43)
4(41 11 17 44)
4(42 43 46 45)
4(43 44 47 46)
4(44 17 23 47)
4(45 46 49 48)
4(46 47 50 49)
4(47 23 29 50)
4(48 49 52 51)
4(49 50 53 52)
4(50 29 35 53)
4(54 55 60 59)
4(55 56 61 60)
4(56 51 52 61)
4(57 58 63 62)
4(58 59 64 63)
4(59 60 65 64)
4(60 61 66 65)
4(61 52 53 66)
4(62 63 31 30)
4(63 64 32 31)
4(64 65 33 32)
4(65 66 34 33)
4(66 53 35 34)
4(67 72 73 68)
4(68 73 37 36)
4(69 74 75 70)
4(70 75 76 71)
4(71 76 77 72)
4(72 77 78 73)
4(73 78 38 37)
4(74 0 1 75)
4(75 1 2 76)
4(76 2 3 77)
4(77 3 4 78)
4(78 4 5 38)
4(67 68 80 79)
4(68 36 39 80)
4(69 70 82 81)
4(70 71 83 82)
4(67 79 84 72)
4(71 72 84 83)
4(79 80 92 91)
4(80 39 42 92)
4(81 82 94 93)
4(82 83 95 94)
4(79 91 96 84)
4(83 84 96 95)
4(91 92 105 104)
4(92 42 45 105)
4(93 94 107 106)
4(94 95 108 107)
4(91 104 109 96)
4(95 96 109 108)
4(103 108 109 104)
4(103 104 117 116)
4(104 105 118 117)
4(105 45 48 118)
4(106 107 120 119)
4(103 116 121 108)
4(107 108 121 120)
4(116 117 55 54)
4(117 118 56 55)
4(118 48 51 56)
4(119 120 58 57)
4(116 54 59 121)
4(120 121 59 58)
4(69 81 86 74)
4(74 86 6 0)
4(81 93 98 86)
4(86 98 12 6)
4(93 106 111 98)
4(98 111 18 12)
4(106 119 124 111)
4(111 124 24 18)
4(119 57 62 124)
4(124 62 30 24)
)


// ************************************************************************* //
