/*--------------------------------*- C++ -*----------------------------------*\
| =========                 |                                                 |
| \\      /  F ield         | OpenFOAM: The Open Source CFD Toolbox           |
|  \\    /   O peration     | Version:  2412                                  |
|   \\  /    A nd           | Website:  www.openfoam.com                      |
|    \\/     M anipulation  |                                                 |
\*---------------------------------------------------------------------------*/
FoamFile
{
    version     2.0;
    format      ascii;
    arch        "LSB;label=32;scalar=64";
    class       vectorField;
    location    "constant/solid/polyMesh";
    object      points;
}
// * * * * * * * * * * * * * * * * * * * * * * * * * * * * * * * * * * * * * //


129
(
(0.09 0.07 0.01)
(0.092 0.07 0.01)
(0.094 0.07 0.01)
(0.096 0.07 0.01)
(0.098 0.07 0.01)
(0.1 0.07 0.01)
(0.09 0.07 0.012)
(0.092 0.07 0.012)
(0.094 0.07 0.012)
(0.096 0.07 0.012)
(0.098 0.07 0.012)
(0.1 0.07 0.012)
(0.09 0.07 0.014)
(0.092 0.07 0.014)
(0.094 0.07 0.014)
(0.096 0.07 0.014)
(0.098 0.07 0.014)
(0.1 0.07 0.014)
(0.09 0.07 0.016)
(0.092 0.07 0.016)
(0.094 0.07 0.016)
(0.096 0.07 0.016)
(0.098 0.07 0.016)
(0.1 0.07 0.016)
(0.09 0.07 0.018)
(0.092 0.07 0.018)
(0.094 0.07 0.018)
(0.096 0.07 0.018)
(0.098 0.07 0.018)
(0.1 0.07 0.018)
(0.09 0.07 0.02)
(0.092 0.07 0.02)
(0.094 0.07 0.02)
(0.096 0.07 0.02)
(0.098 0.07 0.02)
(0.1 0.07 0.02)
(0.1 0.064 0.01)
(0.1 0.066 0.01)
(0.1 0.068 0.01)
(0.1 0.064 0.012)
(0.1 0.066 0.012)
(0.1 0.068 0.012)
(0.1 0.064 0.014)
(0.1 0.066 0.014)
(0.1 0.068 0.014)
(0.1 0.064 0.016)
(0.1 0.066 0.016)
(0.1 0.068 0.016)
(0.1 0.064 0.018)
(0.1 0.066 0.018)
(0.1 0.068 0.018)
(0.1 0.064 0.02)
(0.1 0.066 0.02)
(0.1 0.068 0.02)
(0.094 0.064 0.02)
(0.096 0.064 0.02)
(0.098 0.064 0.02)
(0.09 0.066 0.02)
(0.092 0.066 0.02)
(0.094 0.066 0.02)
(0.096 0.066 0.02)
(0.098 0.066 0.02)
(0.09 0.068 0.02)
(0.092 0.068 0.02)
(0.094 0.068 0.02)
(0.096 0.068 0.02)
(0.098 0.068 0.02)
(0.096 0.064 0.01)
(0.098 0.064 0.01)
(0.09 0.066 0.01)
(0.092 0.066 0.01)
(0.094 0.066 0.01)
(0.096 0.066 0.01)
(0.098 0.066 0.01)
(0.09 0.068 0.01)
(0.092 0.068 0.01)
(0.094 0.068 0.01)
(0.096 0.068 0.01)
(0.098 0.068 0.01)
(0.096 0.064 0.012)
(0.098 0.064 0.012)
(0.09 0.066 0.012)
(0.092 0.066 0.012)
(0.094 0.066 0.012)
(0.096 0.066 0.012)
(0.098 0.066 0.012)
(0.09 0.068 0.012)
(0.092 0.068 0.012)
(0.094 0.068 0.012)
(0.096 0.068 0.012)
(0.098 0.068 0.012)
(0.096 0.064 0.014)
(0.098 0.064 0.014)
(0.09 0.066 0.014)
(0.092 0.066 0.014)
(0.094 0.066 0.014)
(0.096 0.066 0.014)
(0.098 0.066 0.014)
(0.09 0.068 0.014)
(0.092 0.068 0.014)
(0.094 0.068 0.014)
(0.096 0.068 0.014)
(0.098 0.068 0.014)
(0.094 0.064 0.016)
(0.096 0.064 0.016)
(0.098 0.064 0.016)
(0.09 0.066 0.016)
(0.092 0.066 0.016)
(0.094 0.066 0.016)
(0.096 0.066 0.016)
(0.098 0.066 0.016)
(0.09 0.068 0.016)
(0.092 0.068 0.016)
(0.094 0.068 0.016)
(0.096 0.068 0.016)
(0.098 0.068 0.016)
(0.094 0.064 0.018)
(0.096 0.064 0.018)
(0.098 0.064 0.018)
(0.09 0.066 0.018)
(0.092 0.066 0.018)
(0.094 0.066 0.018)
(0.096 0.066 0.018)
(0.098 0.066 0.018)
(0.09 0.068 0.018)
(0.092 0.068 0.018)
(0.094 0.068 0.018)
(0.096 0.068 0.018)
(0.098 0.068 0.018)
)


// ************************************************************************* //
