/*--------------------------------*- C++ -*----------------------------------*\
| =========                 |                                                 |
| \\      /  F ield         | OpenFOAM: The Open Source CFD Toolbox           |
|  \\    /   O peration     | Version:  2412                                  |
|   \\  /    A nd           | Website:  www.openfoam.com                      |
|    \\/     M anipulation  |                                                 |
\*---------------------------------------------------------------------------*/
FoamFile
{
    version     2.0;
    format      ascii;
    arch        "LSB;label=32;scalar=64";
    class       volScalarField;
    location    "3.6/fluid";
    object      wallHeatFlux;
}
// * * * * * * * * * * * * * * * * * * * * * * * * * * * * * * * * * * * * * //

dimensions      [1 0 -3 0 0 0 0];

internalField   uniform 0;

boundaryField
{
    inlet
    {
        type            calculated;
        value           uniform 0;
    }
    outlet
    {
        type            calculated;
        value           uniform 0;
    }
    walls
    {
        type            calculated;
        value           uniform 0;
    }
    fluid_to_solid
    {
        type            calculated;
        value           nonuniform List<scalar> 
500
(
1810.69
1528.66
1406.58
1335.69
1300.27
1299.96
1335.2
1406.09
1528.16
1809.45
2357.95
2070.66
1833.99
1707.28
1651.35
1650.98
1706.48
1833.13
2069.79
2356.9
2545.47
2327.17
2142.91
2044.88
2001.74
2001.31
2044.27
2142.36
2326.61
2544.79
2523.29
2330.26
2171.41
2090.69
2056.26
2055.89
2090.31
2171.1
2329.82
2522.73
2457.03
2271.72
2121.9
2047.73
2016.08
2015.77
2047.42
2121.59
2271.35
2456.59
2379.64
2194.28
2044.45
1971.39
1940.12
1939.81
1971.08
2044.2
2194.03
2379.21
2318.95
2136.67
1987.84
1916.45
1886.1
1885.79
1916.14
1987.53
2136.36
2318.45
2300.09
2131.48
1992.29
1927.14
1900
1899.7
1926.83
1991.98
2131.17
2299.66
2342.93
2202.93
2085.31
2030.92
2008.6
2008.36
2030.73
2085.06
2202.68
2342.49
2424.14
2322.59
2235.38
2196.38
2181.11
2180.93
2196.25
2235.19
2322.34
2423.83
1752.88
896.843
721.766
548.302
629.731
662.105
733.363
813.801
895.727
960.412
2177.21
844.004
573.605
448.08
486.284
524.735
603.684
699.254
796.808
932.565
2334.24
943.108
548.116
438.096
467.678
493.043
564.426
653.236
760.775
1043.76
2317.3
922.829
541.418
456.329
475.802
479.275
541.107
612.738
725.859
1096.67
2260.25
892.254
554.379
478.655
500.114
491.369
543.34
594.381
704.897
1071.98
2192.34
863.477
556.178
485.973
507.556
495.896
541.107
580.551
678.477
1017.34
2138.26
864.097
551.527
490.315
508.176
497.881
540.611
580.117
656.399
951.481
2117.48
905.65
533.417
474.5
485.229
491.989
528.828
575.155
643.685
881.09
2144.46
1055.36
549.046
488.516
479.648
503.959
532.177
582.536
676.555
831.972
2217.21
1496.93
776.776
597.358
608.087
564.24
584.148
658.384
738.821
876.811
659.727
642.659
679.876
716.045
741.431
758.806
746.791
721.097
691.583
707.295
990.115
944.272
1003.18
1077.49
1130.35
1164.86
1129.8
1077.86
1037.68
1087.35
1313.85
1271.27
1328.14
1387.54
1407.44
1430.06
1426.67
1395.61
1366.34
1418.16
1362.22
1298.01
1313.97
1316.31
1279.71
1295.73
1355.62
1379.65
1390.25
1461.73
1285.44
1197.64
1183.53
1148.16
1081.92
1097.45
1198.87
1256.48
1288.83
1376.82
1188.52
1083.03
1042.92
978.346
896.519
915.805
1049.94
1136.76
1183.65
1279.03
1078.16
961.648
903.605
823.257
741.492
770.39
915.435
1022.71
1075.51
1171.21
958.567
842.605
781.112
702.304
633.294
672.42
810.01
920.55
966.084
1052.9
841.989
747.038
704.954
644.508
595.153
641.982
760.901
850.492
867.991
928.128
790.108
742.909
740.753
707.726
677.288
730.032
829.111
879.636
845.809
853.942
1754.86
898.828
724.557
549.728
631.84
660.492
728.402
806.235
885.866
945.775
2179.07
846.484
575.403
447.212
484.423
519.215
593.203
684.741
776.342
892.874
2335.6
944.659
547.681
435.181
463.151
485.663
550.968
633.514
730.759
974.986
2318.48
924.007
540.983
453.538
470.655
471.523
528.394
593.327
693.424
1022.49
2261.24
893.556
554.813
478.097
497.261
484.423
532.487
577.512
673.268
1005.62
2193.33
865.4
557.852
487.09
506.625
491.245
532.983
567.217
652.182
959.977
2139.25
866.578
553.387
491.121
507.432
495.09
533.913
569.574
636.243
902.239
2118.47
908.13
533.975
473.818
482.811
487.462
521.138
565.295
627.499
839.538
2145.39
1060.07
551.092
487.648
476.423
499.369
523.556
565.357
655.159
802.079
2218.08
1502.45
792.219
601.699
608.149
564.984
574.597
648.275
729.58
855.291
2202.03
1464.7
834.636
710.401
691.568
649.704
635.687
666.314
733.186
871.993
2106.2
961.959
525.654
438.714
440.689
440.01
451.927
493.73
585.425
744.918
2037.9
753.686
433.465
341.709
346.896
364.802
394.194
441.801
528.864
654.088
2004.93
676.749
466.006
375.176
363.691
365.358
384.438
418.584
460.449
590.92
1990.79
629.512
502.19
420.869
390.674
380.054
380.733
388.575
404.012
542.943
1990.67
631.118
507.376
425.87
394.503
383.512
386.167
398.146
421.116
583.017
2004.99
680.886
471.069
377.831
363.567
363.629
383.759
422.845
479.775
658.41
2037.9
756.835
436.058
345.352
350.415
367.272
396.726
447.358
541.708
709.598
2106.13
967.702
535.101
446.308
447.482
444.58
456.62
500.461
596.972
773.754
2202.09
1469.95
855.877
719.972
695.458
651.062
639.392
671.747
742.139
891.197
)
;
    }
}


// ************************************************************************* //
