/*--------------------------------*- C++ -*----------------------------------*\
| =========                 |                                                 |
| \\      /  F ield         | OpenFOAM: The Open Source CFD Toolbox           |
|  \\    /   O peration     | Version:  2412                                  |
|   \\  /    A nd           | Website:  www.openfoam.com                      |
|    \\/     M anipulation  |                                                 |
\*---------------------------------------------------------------------------*/
FoamFile
{
    version     2.0;
    format      ascii;
    arch        "LSB;label=32;scalar=64";
    class       faceList;
    location    "constant/solid/polyMesh";
    object      faces;
}
// * * * * * * * * * * * * * * * * * * * * * * * * * * * * * * * * * * * * * //


242
(
4(36 41 66 61)
4(1 7 66 41)
4(6 61 66 7)
4(37 42 67 62)
4(41 66 67 42)
4(61 62 67 66)
4(38 43 68 63)
4(42 67 68 43)
4(62 63 68 67)
4(39 44 69 64)
4(43 68 69 44)
4(63 64 69 68)
4(44 69 70 45)
4(64 65 70 69)
4(41 46 71 66)
4(2 8 71 46)
4(7 66 71 8)
4(42 47 72 67)
4(46 71 72 47)
4(66 67 72 71)
4(43 48 73 68)
4(47 72 73 48)
4(67 68 73 72)
4(44 49 74 69)
4(48 73 74 49)
4(68 69 74 73)
4(49 74 75 50)
4(69 70 75 74)
4(46 51 76 71)
4(3 9 76 51)
4(8 71 76 9)
4(47 52 77 72)
4(51 76 77 52)
4(71 72 77 76)
4(48 53 78 73)
4(52 77 78 53)
4(72 73 78 77)
4(49 54 79 74)
4(53 78 79 54)
4(73 74 79 78)
4(54 79 80 55)
4(74 75 80 79)
4(51 56 81 76)
4(4 10 81 56)
4(9 76 81 10)
4(52 57 82 77)
4(56 81 82 57)
4(76 77 82 81)
4(53 58 83 78)
4(57 82 83 58)
4(77 78 83 82)
4(54 59 84 79)
4(58 83 84 59)
4(78 79 84 83)
4(59 84 85 60)
4(79 80 85 84)
4(56 18 23 81)
4(10 81 23 11)
4(57 19 24 82)
4(81 82 24 23)
4(58 20 25 83)
4(82 83 25 24)
4(59 21 26 84)
4(83 84 26 25)
4(84 85 27 26)
4(61 66 91 86)
4(7 13 91 66)
4(62 67 92 87)
4(66 91 92 67)
4(63 68 93 88)
4(67 92 93 68)
4(87 88 93 92)
4(64 69 94 89)
4(68 93 94 69)
4(88 89 94 93)
4(69 94 95 70)
4(89 90 95 94)
4(66 71 96 91)
4(8 14 96 71)
4(67 72 97 92)
4(71 96 97 72)
4(68 73 98 93)
4(72 97 98 73)
4(92 93 98 97)
4(69 74 99 94)
4(73 98 99 74)
4(93 94 99 98)
4(74 99 100 75)
4(94 95 100 99)
4(71 76 101 96)
4(9 15 101 76)
4(72 77 102 97)
4(76 101 102 77)
4(73 78 103 98)
4(77 102 103 78)
4(97 98 103 102)
4(74 79 104 99)
4(78 103 104 79)
4(98 99 104 103)
4(79 104 105 80)
4(99 100 105 104)
4(76 81 106 101)
4(10 16 106 81)
4(77 82 107 102)
4(81 106 107 82)
4(78 83 108 103)
4(82 107 108 83)
4(79 84 109 104)
4(83 108 109 84)
4(103 104 109 108)
4(84 109 110 85)
4(104 105 110 109)
4(81 23 28 106)
4(82 24 29 107)
4(83 25 30 108)
4(84 26 31 109)
4(108 109 31 30)
4(109 110 32 31)
4(88 93 116 112)
4(92 115 116 93)
4(89 94 117 113)
4(93 116 117 94)
4(94 117 118 95)
4(93 98 120 116)
4(97 119 120 98)
4(94 99 121 117)
4(98 120 121 99)
4(99 121 122 100)
4(98 103 124 120)
4(99 104 125 121)
4(103 124 125 104)
4(104 125 126 105)
4(104 109 128 125)
4(108 127 128 109)
4(109 128 129 110)
4(109 31 34 128)
4(0 1 41 36)
4(1 2 46 41)
4(2 3 51 46)
4(3 4 56 51)
4(4 5 18 56)
4(36 41 42 37)
4(41 46 47 42)
4(46 51 52 47)
4(51 56 57 52)
4(56 18 19 57)
4(37 42 43 38)
4(42 47 48 43)
4(47 52 53 48)
4(52 57 58 53)
4(57 19 20 58)
4(38 43 44 39)
4(43 48 49 44)
4(48 53 54 49)
4(53 58 59 54)
4(58 20 21 59)
4(39 44 45 40)
4(44 49 50 45)
4(49 54 55 50)
4(54 59 60 55)
4(59 21 22 60)
4(0 6 7 1)
4(1 7 8 2)
4(2 8 9 3)
4(3 9 10 4)
4(4 10 11 5)
4(6 12 13 7)
4(7 13 14 8)
4(8 14 15 9)
4(9 15 16 10)
4(10 16 17 11)
4(5 11 23 18)
4(18 23 24 19)
4(19 24 25 20)
4(20 25 26 21)
4(21 26 27 22)
4(11 17 28 23)
4(23 28 29 24)
4(24 29 30 25)
4(25 30 31 26)
4(26 31 32 27)
4(30 33 34 31)
4(31 34 35 32)
4(40 45 70 65)
4(45 50 75 70)
4(65 70 95 90)
4(70 75 100 95)
4(90 95 118 114)
4(95 100 122 118)
4(50 55 80 75)
4(55 60 85 80)
4(60 22 27 85)
4(75 80 105 100)
4(80 85 110 105)
4(85 27 32 110)
4(100 105 126 122)
4(105 110 129 126)
4(110 32 35 129)
4(0 36 61 6)
4(36 37 62 61)
4(37 38 63 62)
4(38 39 64 63)
4(39 40 65 64)
4(6 61 86 12)
4(61 62 87 86)
4(62 63 88 87)
4(63 64 89 88)
4(64 65 90 89)
4(87 88 112 111)
4(88 89 113 112)
4(89 90 114 113)
4(12 86 91 13)
4(86 87 92 91)
4(13 91 96 14)
4(91 92 97 96)
4(14 96 101 15)
4(96 97 102 101)
4(15 101 106 16)
4(101 102 107 106)
4(102 103 108 107)
4(16 106 28 17)
4(106 107 29 28)
4(107 108 30 29)
4(87 111 115 92)
4(111 112 116 115)
4(112 113 117 116)
4(113 114 118 117)
4(92 115 119 97)
4(115 116 120 119)
4(116 117 121 120)
4(117 118 122 121)
4(97 119 123 102)
4(102 123 124 103)
4(119 120 124 123)
4(120 121 125 124)
4(121 122 126 125)
4(103 124 127 108)
4(124 125 128 127)
4(125 126 129 128)
4(108 127 33 30)
4(127 128 34 33)
4(128 129 35 34)
)


// ************************************************************************* //
