/*--------------------------------*- C++ -*----------------------------------*\
| =========                 |                                                 |
| \\      /  F ield         | OpenFOAM: The Open Source CFD Toolbox           |
|  \\    /   O peration     | Version:  2412                                  |
|   \\  /    A nd           | Website:  www.openfoam.com                      |
|    \\/     M anipulation  |                                                 |
\*---------------------------------------------------------------------------*/
FoamFile
{
    version     2.0;
    format      ascii;
    arch        "LSB;label=32;scalar=64";
    class       labelList;
    location    "constant/solid/polyMesh";
    object      faceProcAddressing;
}
// * * * * * * * * * * * * * * * * * * * * * * * * * * * * * * * * * * * * * //


242
(
146
147
148
149
150
151
152
153
154
155
156
157
159
160
175
176
177
178
179
180
181
182
183
184
185
186
188
189
204
205
206
207
208
209
210
211
212
213
214
215
217
218
233
234
235
236
237
238
239
240
241
242
243
244
246
247
262
263
264
265
266
267
268
269
271
426
427
429
430
432
433
434
435
436
437
439
440
455
456
458
459
461
462
463
464
465
466
468
469
484
485
487
488
490
491
492
493
494
495
497
498
513
514
516
517
519
520
522
523
524
526
527
542
544
546
548
549
551
712
713
715
716
719
741
742
744
745
748
770
773
774
777
802
803
806
828
2706
2707
2708
2709
2710
2716
2717
2718
2719
2720
2726
2727
2728
2729
2730
2736
2737
2738
2739
2740
2746
2747
2748
2749
2750
2806
2807
2808
2809
2810
2816
2817
2818
2819
2820
2901
2902
2903
2904
2905
2911
2912
2913
2914
2915
2924
2925
158
187
438
467
718
747
216
245
270
496
525
550
776
805
830
-118
-121
-124
-127
-130
-398
-401
-404
-407
-410
-684
-687
-690
428
431
457
460
486
489
515
518
521
543
545
547
-709
714
717
720
-738
743
746
749
-767
771
772
775
778
-799
804
807
-826
829
831
)


// ************************************************************************* //
