/*--------------------------------*- C++ -*----------------------------------*\
| =========                 |                                                 |
| \\      /  F ield         | OpenFOAM: The Open Source CFD Toolbox           |
|  \\    /   O peration     | Version:  2412                                  |
|   \\  /    A nd           | Website:  www.openfoam.com                      |
|    \\/     M anipulation  |                                                 |
\*---------------------------------------------------------------------------*/
FoamFile
{
    version     2.0;
    format      ascii;
    arch        "LSB;label=32;scalar=64";
    class       volScalarField;
    location    "2/fluid";
    object      wallHeatFlux;
}
// * * * * * * * * * * * * * * * * * * * * * * * * * * * * * * * * * * * * * //

dimensions      [1 0 -3 0 0 0 0];

internalField   uniform 0;

boundaryField
{
    inlet
    {
        type            calculated;
        value           uniform 0;
    }
    outlet
    {
        type            calculated;
        value           uniform 0;
    }
    walls
    {
        type            calculated;
        value           uniform 0;
    }
    fluid_to_solid
    {
        type            calculated;
        value           nonuniform List<scalar> 
500
(
1828.43
1564.94
1451.21
1384.46
1351.39
1351.39
1384.52
1451.21
1564.94
1828.43
2242.24
1984.19
1771.81
1658.08
1608.58
1608.51
1658.08
1771.81
1984.25
2242.24
2294.72
2106.45
1947.84
1863.6
1826.95
1826.88
1863.6
1947.84
2106.51
2294.65
2158.98
1998.59
1866.88
1800.18
1771.94
1771.94
1800.18
1867
1998.65
2158.98
1995.44
1846.91
1727
1667.85
1642.76
1642.76
1667.91
1727.13
1847.03
1995.44
1841.78
1699.93
1585.4
1529.65
1506.1
1506.1
1529.71
1585.46
1699.99
1841.78
1714.08
1579.15
1468.83
1415.86
1393.6
1393.54
1415.92
1468.83
1579.15
1714.02
1636.39
1514.81
1414
1366.66
1347.06
1347.06
1366.59
1413.88
1514.69
1636.2
1622.79
1523.71
1439.9
1400.96
1384.89
1384.89
1400.84
1439.84
1523.59
1622.67
1657.1
1585.77
1524.14
1496.39
1485.45
1485.45
1496.39
1524.14
1585.71
1656.97
1763.05
909.991
734.604
557.852
639.468
667.19
735.472
814.421
897.835
973.063
2070.22
802.203
532.115
404.978
440.7
474.004
547.433
639.654
737.953
884.067
2106.13
845.368
474.686
366.279
390.342
410.684
472.888
553.201
657.825
936.349
1984.21
779.691
444.669
363.612
376.698
376.822
427.676
489.012
597.668
932.503
1836.35
712.215
436.049
368.697
384.45
375.519
415.459
456.391
557.852
868.873
1697.37
654.787
420.42
363.86
380.605
371.488
404.668
433.878
517.355
785.335
1580.16
623.343
402.373
359.457
373.845
366.527
397.598
424.948
482.19
701.238
1505.61
627.809
376.264
339.487
349.844
356.232
382.527
414.777
461.724
625.638
1484.53
717.425
378.744
343.27
342.65
363.24
382.031
413.412
475.492
578.566
1515.6
1019.27
535.402
410.87
423.769
398.342
413.722
464.639
517.355
605.048
722.761
693.863
713.95
728.245
730.463
730.093
727.752
713.272
692.877
721.467
1046.8
987.588
1007.24
1033.43
1042
1041.19
1032.69
1006.13
985.863
1044.65
1284.33
1227.21
1236.33
1236.58
1207.81
1207.25
1236.27
1235.59
1225.67
1282.3
1249.03
1179.46
1153.15
1100.1
1018.15
1017.9
1099.92
1152.78
1178.23
1247.36
1112.92
1030.41
982.659
900.524
792.141
791.956
900.278
982.228
1029.18
1111.38
972.061
882.532
819.129
718.571
597.988
597.679
718.14
818.39
881.177
970.521
836.936
745.559
674.7
568.535
451.895
451.525
567.857
673.591
743.957
835.211
711.978
626.146
559.231
461.199
366.988
366.371
460.336
557.814
624.359
710.253
604.58
537.049
489.296
412.645
327.861
326.875
411.598
487.817
535.2
602.794
554.733
520.659
506.918
457.749
383.501
382.33
456.393
505.316
519.057
553.254
1762.99
909.929
734.542
557.79
639.344
667.128
735.534
814.545
897.959
973.497
2070.22
802.079
532.053
404.978
440.824
474.19
547.681
640.026
738.511
885.246
2106.19
845.368
474.748
366.527
390.59
411.056
473.322
553.759
658.694
938.271
1984.14
779.691
444.731
363.86
377.07
377.132
428.111
489.633
598.784
934.488
1836.29
712.215
436.111
368.883
384.76
375.891
415.955
457.011
558.783
870.671
1697.37
654.849
420.482
363.984
380.791
371.798
405.164
434.374
518.285
786.823
1580.16
623.405
402.435
359.581
374.155
366.837
398.032
425.32
482.873
702.602
1505.74
627.933
376.388
339.735
350.216
356.542
382.899
415.149
462.221
626.878
1484.71
717.425
378.806
343.456
343.022
363.736
382.589
414.157
476.175
579.497
1515.66
1019.14
534.906
410.87
423.955
398.528
414.343
465.197
517.789
606.04
1508.61
1010.49
598.947
503.054
490.211
462.857
456.497
477.553
520.652
615.125
1442.04
663.473
376.719
318.986
320.777
319.789
327.26
353.996
413.891
527.506
1394.31
515.033
305.463
245.568
250.014
261.499
280.703
312.379
370.483
462.548
1370.97
458.658
326.149
261.376
251.126
250.076
262.796
287.186
319.665
407.84
1360.35
410.372
350.477
292.373
269.279
258.103
258.288
263.784
272.861
344.796
1360.35
410.248
350.539
292.496
269.341
258.041
258.103
263.537
272.367
343.808
1370.91
458.843
326.519
261.87
251.496
250.446
262.981
287.248
319.233
406.79
1394.19
515.033
305.71
245.568
249.953
261.376
280.517
312.132
370.112
461.437
1441.98
663.103
376.349
318.615
320.406
319.418
326.889
353.688
413.459
526.642
1508.54
1010.12
598.083
502.622
489.964
462.61
456.188
477.182
520.282
614.508
)
;
    }
}


// ************************************************************************* //
