/*--------------------------------*- C++ -*----------------------------------*\
| =========                 |                                                 |
| \\      /  F ield         | OpenFOAM: The Open Source CFD Toolbox           |
|  \\    /   O peration     | Version:  2412                                  |
|   \\  /    A nd           | Website:  www.openfoam.com                      |
|    \\/     M anipulation  |                                                 |
\*---------------------------------------------------------------------------*/
FoamFile
{
    version     2.0;
    format      ascii;
    arch        "LSB;label=32;scalar=64";
    class       volScalarField;
    location    "4.9/solid";
    object      T;
}
// * * * * * * * * * * * * * * * * * * * * * * * * * * * * * * * * * * * * * //

dimensions      [0 0 0 1 0 0 0];

internalField   nonuniform List<scalar> 
1000
(
352.488
352.497
352.502
352.505
352.507
352.508
352.508
352.507
352.505
352.502
352.494
352.501
352.505
352.508
352.509
352.51
352.51
352.509
352.508
352.505
352.497
352.503
352.506
352.509
352.51
352.511
352.511
352.51
352.509
352.507
352.498
352.504
352.507
352.509
352.51
352.511
352.511
352.511
352.51
352.508
352.499
352.504
352.508
352.509
352.511
352.511
352.512
352.511
352.51
352.508
352.499
352.504
352.507
352.509
352.511
352.511
352.512
352.511
352.511
352.509
352.498
352.504
352.507
352.509
352.51
352.511
352.511
352.511
352.51
352.509
352.497
352.503
352.506
352.509
352.51
352.511
352.511
352.511
352.51
352.508
352.494
352.501
352.505
352.507
352.509
352.51
352.51
352.51
352.509
352.507
352.487
352.497
352.502
352.505
352.507
352.508
352.508
352.507
352.506
352.504
351.492
351.512
351.525
351.533
351.537
351.539
351.539
351.537
351.533
351.527
351.504
351.519
351.529
351.536
351.54
351.542
351.543
351.542
351.538
351.533
351.511
351.524
351.532
351.538
351.542
351.545
351.545
351.544
351.541
351.536
351.515
351.526
351.534
351.54
351.544
351.546
351.547
351.546
351.543
351.539
351.516
351.528
351.535
351.541
351.544
351.546
351.547
351.546
351.544
351.54
351.516
351.528
351.535
351.541
351.544
351.546
351.547
351.547
351.544
351.54
351.515
351.526
351.534
351.54
351.544
351.546
351.547
351.546
351.544
351.54
351.511
351.524
351.532
351.538
351.542
351.545
351.545
351.545
351.543
351.539
351.504
351.519
351.529
351.536
351.54
351.543
351.543
351.543
351.54
351.536
351.492
351.512
351.524
351.532
351.537
351.539
351.54
351.539
351.536
351.531
350.545
350.57
350.587
350.598
350.605
350.608
350.609
350.607
350.601
350.592
350.559
350.578
350.592
350.602
350.609
350.612
350.613
350.611
350.607
350.599
350.567
350.584
350.596
350.606
350.612
350.615
350.616
350.615
350.611
350.604
350.573
350.588
350.599
350.608
350.613
350.617
350.618
350.617
350.613
350.607
350.575
350.59
350.601
350.609
350.614
350.618
350.619
350.618
350.615
350.609
350.575
350.59
350.601
350.609
350.614
350.618
350.619
350.618
350.615
350.61
350.572
350.588
350.599
350.608
350.613
350.617
350.618
350.617
350.615
350.609
350.567
350.584
350.596
350.605
350.611
350.615
350.616
350.616
350.613
350.607
350.559
350.578
350.592
350.602
350.609
350.612
350.614
350.613
350.61
350.604
350.545
350.569
350.587
350.598
350.605
350.609
350.61
350.609
350.605
350.598
349.664
349.691
349.711
349.724
349.733
349.737
349.738
349.736
349.729
349.719
349.679
349.7
349.717
349.729
349.737
349.742
349.743
349.741
349.736
349.727
349.688
349.707
349.721
349.733
349.74
349.745
349.746
349.745
349.74
349.733
349.694
349.711
349.725
349.735
349.742
349.747
349.749
349.748
349.744
349.736
349.696
349.713
349.727
349.737
349.744
349.748
349.75
349.749
349.745
349.738
349.696
349.713
349.727
349.737
349.744
349.748
349.75
349.749
349.746
349.739
349.694
349.711
349.725
349.735
349.742
349.747
349.749
349.748
349.745
349.739
349.688
349.707
349.722
349.733
349.74
349.745
349.747
349.746
349.743
349.737
349.679
349.7
349.717
349.729
349.737
349.742
349.744
349.743
349.739
349.733
349.664
349.691
349.711
349.724
349.733
349.738
349.74
349.739
349.734
349.727
348.868
348.895
348.917
348.931
348.941
348.947
348.949
348.946
348.94
348.928
348.883
348.905
348.923
348.937
348.946
348.952
348.954
348.952
348.946
348.937
348.892
348.912
348.928
348.941
348.95
348.955
348.957
348.956
348.951
348.943
348.898
348.917
348.932
348.944
348.952
348.957
348.96
348.959
348.955
348.947
348.901
348.919
348.934
348.945
348.953
348.959
348.961
348.96
348.957
348.95
348.901
348.919
348.934
348.945
348.953
348.959
348.961
348.961
348.957
348.951
348.899
348.917
348.932
348.944
348.952
348.957
348.96
348.96
348.957
348.95
348.893
348.912
348.929
348.941
348.95
348.955
348.958
348.957
348.954
348.948
348.883
348.905
348.923
348.937
348.946
348.952
348.955
348.954
348.95
348.944
348.868
348.896
348.917
348.932
348.942
348.948
348.95
348.949
348.945
348.937
348.173
348.201
348.223
348.239
348.25
348.257
348.259
348.257
348.25
348.239
348.188
348.211
348.23
348.245
348.255
348.262
348.264
348.263
348.257
348.248
348.198
348.218
348.235
348.249
348.259
348.265
348.268
348.267
348.263
348.255
348.204
348.223
348.239
348.252
348.262
348.268
348.271
348.27
348.267
348.259
348.207
348.225
348.241
348.254
348.263
348.269
348.272
348.272
348.268
348.262
348.207
348.225
348.241
348.254
348.263
348.269
348.272
348.272
348.269
348.263
348.204
348.223
348.239
348.252
348.262
348.268
348.271
348.271
348.268
348.262
348.198
348.218
348.236
348.249
348.259
348.265
348.269
348.268
348.265
348.26
348.188
348.211
348.23
348.245
348.255
348.262
348.265
348.265
348.262
348.256
348.173
348.201
348.224
348.24
348.251
348.258
348.261
348.261
348.257
348.249
347.595
347.623
347.646
347.663
347.676
347.683
347.686
347.684
347.678
347.667
347.61
347.633
347.653
347.669
347.681
347.688
347.691
347.69
347.685
347.676
347.62
347.641
347.659
347.674
347.685
347.692
347.695
347.695
347.691
347.683
347.627
347.646
347.663
347.677
347.688
347.695
347.698
347.698
347.694
347.687
347.629
347.648
347.665
347.678
347.689
347.696
347.699
347.699
347.696
347.69
347.629
347.648
347.665
347.678
347.688
347.696
347.699
347.7
347.697
347.691
347.627
347.646
347.663
347.677
347.687
347.694
347.698
347.699
347.696
347.69
347.62
347.641
347.659
347.674
347.684
347.692
347.696
347.696
347.693
347.688
347.61
347.633
347.653
347.669
347.681
347.688
347.692
347.692
347.689
347.684
347.595
347.624
347.647
347.664
347.676
347.684
347.688
347.688
347.684
347.678
347.146
347.174
347.199
347.217
347.231
347.239
347.242
347.241
347.234
347.224
347.161
347.185
347.206
347.223
347.236
347.244
347.248
347.247
347.242
347.233
347.171
347.193
347.212
347.228
347.24
347.248
347.252
347.251
347.247
347.24
347.178
347.198
347.216
347.232
347.243
347.251
347.255
347.254
347.251
347.245
347.18
347.2
347.218
347.233
347.244
347.252
347.256
347.256
347.253
347.247
347.18
347.2
347.218
347.233
347.244
347.252
347.256
347.256
347.254
347.248
347.177
347.198
347.216
347.231
347.243
347.251
347.255
347.255
347.253
347.247
347.171
347.192
347.212
347.228
347.24
347.248
347.252
347.252
347.25
347.245
347.16
347.184
347.206
347.223
347.236
347.244
347.248
347.249
347.246
347.241
347.145
347.174
347.199
347.218
347.231
347.24
347.244
347.245
347.241
347.235
346.833
346.864
346.891
346.911
346.925
346.934
346.938
346.936
346.93
346.92
346.849
346.875
346.898
346.918
346.931
346.94
346.944
346.943
346.938
346.929
346.86
346.884
346.905
346.923
346.936
346.944
346.948
346.948
346.943
346.936
346.867
346.889
346.91
346.927
346.939
346.947
346.951
346.951
346.947
346.94
346.87
346.892
346.912
346.928
346.94
346.948
346.952
346.953
346.949
346.943
346.869
346.892
346.912
346.928
346.94
346.948
346.953
346.953
346.95
346.944
346.866
346.889
346.91
346.927
346.939
346.947
346.951
346.952
346.949
346.944
346.86
346.884
346.905
346.923
346.936
346.944
346.948
346.949
346.946
346.941
346.849
346.875
346.899
346.918
346.931
346.94
346.945
346.945
346.943
346.937
346.833
346.864
346.891
346.912
346.927
346.936
346.941
346.941
346.938
346.931
346.665
346.698
346.729
346.752
346.767
346.777
346.781
346.778
346.771
346.76
346.682
346.712
346.739
346.759
346.774
346.783
346.787
346.786
346.78
346.77
346.693
346.722
346.747
346.766
346.78
346.788
346.792
346.791
346.786
346.777
346.7
346.728
346.752
346.77
346.783
346.791
346.795
346.795
346.79
346.782
346.703
346.731
346.754
346.771
346.784
346.792
346.796
346.796
346.792
346.785
346.703
346.731
346.754
346.771
346.784
346.792
346.797
346.797
346.793
346.786
346.7
346.728
346.751
346.769
346.782
346.791
346.795
346.795
346.792
346.786
346.693
346.722
346.747
346.766
346.779
346.788
346.792
346.793
346.79
346.784
346.681
346.712
346.74
346.76
346.774
346.783
346.788
346.789
346.786
346.78
346.664
346.698
346.73
346.753
346.769
346.778
346.783
346.784
346.78
346.773
)
;

boundaryField
{
    bodyBottom
    {
        type            fixedValue;
        value           uniform 353;
    }
    solid_to_fluid
    {
        type            compressible::turbulentTemperatureCoupledBaffleMixed;
        refValue        nonuniform List<scalar> 
500
(
323.375
328.02
330.048
331.225
331.803
331.776
331.18
329.999
327.97
323.281
312.695
317.529
321.516
323.654
324.573
324.541
323.583
321.442
317.456
312.616
307.857
311.584
314.734
316.417
317.164
317.126
316.37
314.689
311.543
307.812
306.63
309.964
312.708
314.11
314.718
314.691
314.08
312.681
309.938
306.598
306.303
309.539
312.156
313.457
314.021
313.999
313.436
312.137
309.521
306.279
306.391
309.669
312.32
313.619
314.184
314.165
313.602
312.306
309.656
306.37
306.385
309.636
312.292
313.57
314.123
314.107
313.557
312.282
309.626
306.366
305.877
308.903
311.403
312.577
313.075
313.065
312.572
311.402
308.9
305.862
304.52
307.044
309.165
310.149
310.562
310.56
310.159
309.181
307.056
304.519
302.74
304.578
306.154
306.862
307.149
307.156
306.885
306.186
304.606
302.753
324.223
338.094
340.915
343.758
342.51
342.244
341.428
340.483
339.359
338.091
315.677
337.694
342.118
344.236
343.738
343.397
342.534
341.489
340.445
339.093
311.475
334.894
341.496
343.396
343.078
342.927
342.196
341.38
340.378
337.585
310.234
334.111
340.628
342.154
342.012
342.202
341.51
340.859
339.638
335.368
309.805
333.582
339.516
340.931
340.71
341.011
340.418
339.986
338.821
334.408
309.768
333.161
338.808
340.203
340.033
340.387
339.886
339.497
338.473
334.44
309.674
332.39
338.503
339.976
339.963
340.264
339.835
339.337
338.365
334.886
309.227
330.956
338.567
340.202
340.385
340.52
340.076
339.269
338.076
335.195
308.185
327.344
337.282
339.211
339.854
339.839
339.528
338.955
337.689
334.73
306.589
319.17
330.779
335.554
335.761
336.269
336.67
336.44
335.398
332.653
341.154
342.93
343.388
343.759
344.076
344.416
344.791
345.136
345.028
343.357
336.204
338.597
339.512
339.886
340.302
340.76
341.33
341.932
342.046
340.483
330.887
333.26
334.124
334.261
334.582
335.009
335.727
336.596
336.954
335.4
327.211
329.455
330.211
330.147
330.306
330.652
331.349
332.332
332.913
331.548
325.659
327.975
328.999
329.279
329.827
330.413
331.277
332.304
332.755
331.17
325.576
328.049
329.431
330.11
330.859
331.633
332.632
333.638
333.863
332.012
325.823
328.327
330.057
331.077
331.994
332.997
334.148
335.139
335.208
333.239
326.196
328.559
330.596
331.73
332.771
333.953
335.213
336.21
336.276
334.446
326.475
328.443
330.367
331.354
332.423
333.694
335.037
336.136
336.453
335.148
326.022
327.232
328.407
329.122
330.06
331.299
332.699
334.002
334.814
334.417
324.367
338.217
341.058
343.847
342.682
342.403
341.613
340.697
339.422
337.257
315.805
337.795
342.109
344.095
343.477
343.024
341.999
340.766
339.254
336.39
311.556
334.766
341.082
342.667
342.104
341.799
340.791
339.686
338.051
333.538
310.291
333.774
339.893
341.034
340.531
340.508
339.637
338.856
336.968
330.968
309.851
333.106
338.555
339.582
339.009
339.112
338.37
337.835
335.722
329.343
309.81
332.608
337.624
338.602
338.055
338.237
337.559
337.062
334.903
328.676
309.718
331.823
337.016
337.824
337.385
337.599
336.814
336.127
334.221
328.305
309.273
330.534
336.861
337.6
337.281
337.141
336.397
335.483
333.707
328.071
308.233
327.686
336.533
337.167
337.16
336.601
335.909
334.604
332.264
327.709
306.637
319.809
333.213
335.292
335.266
335.661
334.514
332.713
330.778
326.64
306.681
319.373
329.482
332.725
333.635
334.421
334.169
333.051
330.818
326.709
308.427
328.195
335.809
337.547
337.743
337.894
337.5
336.274
333.603
328.693
309.672
332.497
338.969
340.223
339.945
339.55
338.753
337.304
334.749
330.176
310.278
334.035
338.931
340.706
340.59
340.054
339.158
337.799
335.606
331.095
310.544
334.449
337.876
339.671
340.099
339.895
339.253
338.202
336.364
332.037
310.582
334.529
336.841
338.364
338.954
339.059
338.931
338.4
337.115
333.092
310.356
333.698
336.498
337.853
338.293
338.355
338.402
338.208
337.623
334.099
309.79
332.85
337.182
338.401
338.166
338.185
338.149
337.798
337.341
334.703
308.569
330.15
337.725
338.814
338.663
338.574
338.097
337.463
336.618
334.377
306.82
321.017
334.512
336.351
336.66
337.361
337.027
336.006
334.514
332.016
)
;
        refGradient     uniform 0;
        valueFraction   nonuniform List<scalar> 
500
(
0.000301416
0.000301416
0.000301416
0.000301416
0.000301416
0.000301416
0.000301416
0.000301416
0.000301416
0.000301416
0.000301416
0.000301416
0.000301416
0.000301416
0.000301416
0.000301416
0.000301416
0.000301416
0.000301416
0.000301416
0.000301416
0.000301416
0.000301416
0.000301416
0.000301416
0.000301416
0.000301416
0.000301416
0.000301416
0.000301416
0.000301416
0.000301416
0.000301416
0.000301416
0.000301416
0.000301416
0.000301416
0.000301416
0.000301416
0.000301416
0.000301416
0.000301416
0.000301416
0.000301416
0.000301416
0.000301416
0.000301416
0.000301416
0.000301416
0.000301416
0.000301416
0.000301416
0.000301416
0.000301416
0.000301416
0.000301416
0.000301416
0.000301416
0.000301416
0.000301416
0.000301416
0.000301416
0.000301416
0.000301416
0.000301416
0.000301416
0.000301416
0.000301416
0.000301416
0.000301416
0.000301416
0.000301416
0.000301416
0.000301416
0.000301416
0.000301416
0.000301416
0.000301416
0.000301416
0.000301416
0.000301416
0.000301416
0.000301416
0.000301416
0.000301416
0.000301416
0.000301416
0.000301416
0.000301416
0.000301416
0.000301416
0.000301416
0.000301416
0.000301416
0.000301416
0.000301416
0.000301416
0.000301416
0.000301416
0.000301416
0.000302436
0.000302436
0.000302436
0.000302436
0.000302436
0.000302436
0.000302436
0.000302436
0.000302436
0.000302436
0.000302436
0.000302436
0.000302436
0.000302436
0.000302436
0.000302436
0.000302436
0.000302436
0.000302436
0.000302436
0.000302436
0.000302436
0.000302436
0.000302436
0.000302436
0.000302436
0.000302436
0.000302436
0.000302436
0.000302436
0.000302436
0.000302436
0.000302436
0.000302436
0.000302436
0.000302436
0.000302436
0.000302436
0.000302436
0.000302436
0.000302436
0.000302436
0.000302436
0.000302436
0.000302436
0.000302436
0.000302436
0.000302436
0.000302436
0.000302436
0.000302436
0.000302436
0.000302436
0.000302436
0.000302436
0.000302436
0.000302436
0.000302436
0.000302436
0.000302436
0.000302436
0.000302436
0.000302436
0.000302436
0.000302436
0.000302436
0.000302436
0.000302436
0.000302436
0.000302436
0.000302436
0.000302436
0.000302436
0.000302436
0.000302436
0.000302436
0.000302436
0.000302436
0.000302436
0.000302436
0.000302436
0.000302436
0.000302436
0.000302436
0.000302436
0.000302436
0.000302436
0.000302436
0.000302436
0.000302436
0.000302436
0.000302436
0.000302436
0.000302436
0.000302436
0.000302436
0.000302436
0.000302436
0.000302436
0.000302436
0.000300478
0.000300478
0.000300478
0.000300478
0.000300478
0.000300478
0.000300478
0.000300478
0.000300478
0.000300478
0.000300478
0.000300478
0.000300478
0.000300478
0.000300478
0.000300478
0.000300478
0.000300478
0.000300478
0.000300478
0.000300478
0.000300478
0.000300478
0.000300478
0.000300478
0.000300478
0.000300478
0.000300478
0.000300478
0.000300478
0.000300478
0.000300478
0.000300478
0.000300478
0.000300478
0.000300478
0.000300478
0.000300478
0.000300478
0.000300478
0.000300478
0.000300478
0.000300478
0.000300478
0.000300478
0.000300478
0.000300478
0.000300478
0.000300478
0.000300478
0.000300478
0.000300478
0.000300478
0.000300478
0.000300478
0.000300478
0.000300478
0.000300478
0.000300478
0.000300478
0.000300478
0.000300478
0.000300478
0.000300478
0.000300478
0.000300478
0.000300478
0.000300478
0.000300478
0.000300478
0.000300478
0.000300478
0.000300478
0.000300478
0.000300478
0.000300478
0.000300478
0.000300478
0.000300478
0.000300478
0.000300478
0.000300478
0.000300478
0.000300478
0.000300478
0.000300478
0.000300478
0.000300478
0.000300478
0.000300478
0.000300478
0.000300478
0.000300478
0.000300478
0.000300478
0.000300478
0.000300478
0.000300478
0.000300478
0.000300478
0.000302436
0.000302436
0.000302436
0.000302436
0.000302436
0.000302436
0.000302436
0.000302436
0.000302436
0.000302436
0.000302436
0.000302436
0.000302436
0.000302436
0.000302436
0.000302436
0.000302436
0.000302436
0.000302436
0.000302436
0.000302436
0.000302436
0.000302436
0.000302436
0.000302436
0.000302436
0.000302436
0.000302436
0.000302436
0.000302436
0.000302436
0.000302436
0.000302436
0.000302436
0.000302436
0.000302436
0.000302436
0.000302436
0.000302436
0.000302436
0.000302436
0.000302436
0.000302436
0.000302436
0.000302436
0.000302436
0.000302436
0.000302436
0.000302436
0.000302436
0.000302436
0.000302436
0.000302436
0.000302436
0.000302436
0.000302436
0.000302436
0.000302436
0.000302436
0.000302436
0.000302436
0.000302436
0.000302436
0.000302436
0.000302436
0.000302436
0.000302436
0.000302436
0.000302436
0.000302436
0.000302436
0.000302436
0.000302436
0.000302436
0.000302436
0.000302436
0.000302436
0.000302436
0.000302436
0.000302436
0.000302436
0.000302436
0.000302436
0.000302436
0.000302436
0.000302436
0.000302436
0.000302436
0.000302436
0.000302436
0.000302436
0.000302436
0.000302436
0.000302436
0.000302436
0.000302436
0.000302436
0.000302436
0.000302436
0.000302436
0.000301115
0.000301115
0.000301115
0.000301115
0.000301115
0.000301115
0.000301115
0.000301115
0.000301115
0.000301115
0.000301115
0.000301115
0.000301115
0.000301115
0.000301115
0.000301115
0.000301115
0.000301115
0.000301115
0.000301115
0.000301115
0.000301115
0.000301115
0.000301115
0.000301115
0.000301115
0.000301115
0.000301115
0.000301115
0.000301115
0.000301115
0.000301115
0.000301115
0.000301115
0.000301115
0.000301115
0.000301115
0.000301115
0.000301115
0.000301115
0.000301115
0.000301115
0.000301115
0.000301115
0.000301115
0.000301115
0.000301115
0.000301115
0.000301115
0.000301115
0.000301115
0.000301115
0.000301115
0.000301115
0.000301115
0.000301115
0.000301115
0.000301115
0.000301115
0.000301115
0.000301115
0.000301115
0.000301115
0.000301115
0.000301115
0.000301115
0.000301115
0.000301115
0.000301115
0.000301115
0.000301115
0.000301115
0.000301115
0.000301115
0.000301115
0.000301115
0.000301115
0.000301115
0.000301115
0.000301115
0.000301115
0.000301115
0.000301115
0.000301115
0.000301115
0.000301115
0.000301115
0.000301115
0.000301115
0.000301115
0.000301115
0.000301115
0.000301115
0.000301115
0.000301115
0.000301115
0.000301115
0.000301115
0.000301115
0.000301115
)
;
        source          uniform 0;
        Tnbr            T;
        kappaMethod     solidThermo;
        value           nonuniform List<scalar> 
500
(
352.479
352.486
352.49
352.492
352.493
352.493
352.492
352.49
352.486
352.479
351.481
351.494
351.502
351.506
351.508
351.508
351.506
351.502
351.494
351.48
350.532
350.547
350.556
350.562
350.564
350.564
350.562
350.556
350.547
350.532
349.651
349.666
349.677
349.683
349.686
349.686
349.683
349.677
349.667
349.651
348.855
348.87
348.881
348.887
348.89
348.89
348.888
348.881
348.871
348.855
348.16
348.176
348.187
348.193
348.196
348.196
348.194
348.187
348.176
348.16
347.582
347.598
347.609
347.616
347.619
347.619
347.616
347.609
347.598
347.582
347.133
347.149
347.16
347.166
347.169
347.169
347.166
347.159
347.148
347.132
346.82
346.837
346.848
346.855
346.858
346.858
346.855
346.848
346.836
346.819
346.651
346.668
346.68
346.688
346.691
346.691
346.687
346.68
346.668
346.651
352.479
352.493
352.499
352.503
352.504
352.505
352.504
352.504
352.502
352.499
351.481
351.508
351.522
351.53
351.534
351.537
351.537
351.536
351.532
351.527
350.533
350.564
350.584
350.596
350.602
350.606
350.607
350.606
350.602
350.594
349.652
349.686
349.708
349.722
349.73
349.735
349.737
349.736
349.731
349.722
348.856
348.891
348.914
348.929
348.939
348.945
348.947
348.946
348.942
348.933
348.161
348.196
348.22
348.237
348.248
348.255
348.258
348.257
348.253
348.245
347.583
347.618
347.644
347.661
347.673
347.681
347.685
347.685
347.681
347.673
347.133
347.169
347.196
347.215
347.229
347.237
347.242
347.242
347.238
347.231
346.82
346.857
346.888
346.909
346.924
346.933
346.938
346.938
346.934
346.927
346.652
346.69
346.725
346.749
346.765
346.774
346.78
346.78
346.776
346.768
352.498
352.502
352.504
352.505
352.506
352.506
352.506
352.506
352.504
352.501
351.522
351.529
351.533
351.535
351.536
351.537
351.537
351.536
351.533
351.528
350.585
350.593
350.599
350.602
350.604
350.605
350.605
350.603
350.6
350.594
349.712
349.72
349.726
349.73
349.732
349.733
349.733
349.731
349.727
349.721
348.921
348.93
348.937
348.941
348.944
348.945
348.944
348.942
348.938
348.932
348.232
348.242
348.249
348.253
348.256
348.257
348.257
348.255
348.251
348.244
347.66
347.67
347.677
347.682
347.685
347.686
347.686
347.684
347.68
347.673
347.217
347.227
347.234
347.239
347.242
347.243
347.243
347.241
347.237
347.231
346.913
346.923
346.93
346.935
346.938
346.939
346.939
346.937
346.934
346.927
346.753
346.763
346.771
346.776
346.779
346.781
346.781
346.779
346.775
346.769
352.479
352.493
352.499
352.503
352.504
352.505
352.504
352.503
352.501
352.497
351.482
351.508
351.522
351.53
351.534
351.536
351.536
351.534
351.53
351.522
350.533
350.564
350.584
350.595
350.602
350.605
350.606
350.603
350.597
350.586
349.652
349.686
349.707
349.721
349.729
349.734
349.735
349.732
349.725
349.713
348.856
348.89
348.913
348.928
348.938
348.944
348.945
348.943
348.935
348.922
348.161
348.196
348.219
348.236
348.247
348.253
348.255
348.253
348.246
348.233
347.583
347.618
347.643
347.66
347.672
347.679
347.682
347.68
347.673
347.661
347.134
347.169
347.195
347.214
347.227
347.235
347.238
347.236
347.23
347.218
346.821
346.857
346.887
346.907
346.922
346.931
346.934
346.932
346.925
346.913
346.652
346.689
346.724
346.747
346.763
346.773
346.776
346.774
346.766
346.754
346.652
346.689
346.723
346.747
346.762
346.772
346.776
346.774
346.766
346.754
346.669
346.706
346.735
346.756
346.771
346.78
346.784
346.782
346.775
346.764
346.681
346.717
346.744
346.763
346.777
346.785
346.789
346.788
346.782
346.771
346.689
346.724
346.749
346.768
346.781
346.789
346.792
346.791
346.786
346.777
346.692
346.727
346.75
346.769
346.781
346.79
346.794
346.793
346.789
346.78
346.692
346.727
346.75
346.768
346.781
346.789
346.794
346.794
346.79
346.781
346.689
346.724
346.748
346.766
346.779
346.787
346.792
346.792
346.789
346.781
346.681
346.717
346.743
346.763
346.776
346.784
346.789
346.789
346.786
346.779
346.669
346.707
346.736
346.757
346.771
346.78
346.785
346.785
346.782
346.775
346.652
346.69
346.726
346.75
346.765
346.775
346.78
346.78
346.775
346.768
)
;
    }
}


// ************************************************************************* //
