/*--------------------------------*- C++ -*----------------------------------*\
| =========                 |                                                 |
| \\      /  F ield         | OpenFOAM: The Open Source CFD Toolbox           |
|  \\    /   O peration     | Version:  2412                                  |
|   \\  /    A nd           | Website:  www.openfoam.com                      |
|    \\/     M anipulation  |                                                 |
\*---------------------------------------------------------------------------*/
FoamFile
{
    version     2.0;
    format      ascii;
    arch        "LSB;label=32;scalar=64";
    class       volScalarField;
    location    "4.9/solid";
    object      wallHeatFlux;
}
// * * * * * * * * * * * * * * * * * * * * * * * * * * * * * * * * * * * * * //

dimensions      [1 0 -3 0 0 0 0];

internalField   uniform 0;

boundaryField
{
    bodyBottom
    {
        type            calculated;
        value           nonuniform List<scalar> 
100
(
104960
103730
103115
102910
102705
102705
102910
103115
103730
105165
103115
102295
101885
101680
101680
101680
101680
101885
102295
103115
102090
101475
101270
101065
100860
101065
101065
101270
101475
102090
101475
100860
100655
100655
100655
100655
100655
100655
101065
101475
101065
100655
100450
100450
100245
100245
100450
100450
100655
101065
100860
100450
100245
100245
100245
100245
100245
100245
100450
100860
100860
100450
100245
100245
100040
100040
100245
100245
100450
100860
101065
100655
100450
100245
100245
100245
100245
100245
100450
101065
101475
100860
100655
100450
100450
100245
100450
100450
100655
101270
102090
101475
101065
100860
100860
100655
100655
100860
101065
101680
)
;
    }
    solid_to_fluid
    {
        type            calculated;
        value           nonuniform List<scalar> 
500
(
-1845
-1640
-1435
-1230
-1230
-1230
-1230
-1435
-1640
-1640
-2255
-2050
-1845
-1845
-1640
-1640
-1845
-1845
-2050
-2460
-2665
-2460
-2255
-2255
-2255
-2255
-2050
-2255
-2460
-2665
-2665
-2665
-2255
-2255
-2050
-2050
-2255
-2255
-2460
-2665
-2665
-2665
-2255
-2255
-2255
-2255
-2255
-2460
-2460
-2665
-2665
-2460
-2255
-2255
-2255
-2255
-2050
-2255
-2460
-2665
-2665
-2460
-2255
-2255
-2050
-2050
-2255
-2255
-2460
-2665
-2665
-2460
-2255
-2460
-2255
-2255
-2255
-2460
-2460
-2665
-2665
-2460
-2460
-2460
-2460
-2255
-2255
-2460
-2665
-2870
-2870
-2870
-2665
-2460
-2460
-2460
-2665
-2665
-2665
-2665
-1640
-820
-615
-410
-615
-615
-820
-615
-820
-1025
-2255
-820
-410
-410
-615
-410
-615
-615
-820
-820
-2460
-1025
-615
-410
-615
-615
-615
-615
-615
-820
-2460
-1025
-615
-410
-615
-615
-615
-615
-615
-1025
-2460
-1025
-615
-615
-615
-615
-615
-615
-615
-820
-2460
-1025
-820
-615
-615
-615
-615
-820
-820
-820
-2460
-1230
-615
-615
-615
-615
-615
-615
-615
-1025
-2460
-1025
-615
-615
-410
-615
-410
-615
-615
-820
-2665
-1435
-615
-615
-615
-615
-615
-615
-820
-820
-2460
-1640
-1025
-820
-820
-820
-615
-820
-820
-1025
-820
-615
-615
-615
-410
-615
-615
-410
-615
-615
-1025
-820
-615
-820
-820
-615
-615
-615
-615
-615
-1435
-1230
-1025
-1025
-1025
-1025
-820
-820
-820
-820
-1435
-1435
-1435
-1230
-1230
-1230
-1230
-1230
-1230
-1230
-1435
-1435
-1230
-1230
-1230
-1230
-1230
-1230
-1230
-1025
-1435
-1230
-1230
-1230
-1230
-1230
-1025
-1025
-1025
-1025
-1435
-1230
-1230
-1025
-1025
-1025
-820
-820
-820
-1025
-1435
-1230
-1230
-1230
-1025
-1025
-820
-820
-820
-820
-1435
-1230
-1230
-1025
-1025
-1025
-1025
-820
-615
-820
-1435
-1435
-1230
-1230
-1230
-1025
-1025
-1025
-1025
-820
-1845
-820
-615
-410
-615
-615
-820
-820
-820
-1025
-2050
-820
-615
-615
-615
-615
-615
-615
-615
-1025
-2460
-1230
-615
-615
-615
-615
-615
-820
-820
-1230
-2460
-1025
-820
-615
-820
-615
-615
-820
-820
-1230
-2460
-1025
-820
-615
-615
-615
-820
-615
-1025
-1230
-2460
-1025
-820
-615
-615
-820
-820
-820
-820
-1230
-2460
-1025
-615
-615
-820
-820
-820
-820
-1025
-1230
-2460
-1025
-820
-615
-820
-820
-820
-1025
-820
-1230
-2460
-1435
-820
-820
-615
-615
-820
-820
-1025
-1435
-2665
-1845
-1025
-1025
-820
-820
-1025
-820
-1025
-1230
-2665
-1845
-1230
-1025
-1025
-1025
-1025
-820
-1025
-1230
-2665
-1230
-820
-615
-615
-615
-615
-820
-1025
-1230
-2460
-1025
-615
-615
-615
-615
-615
-615
-820
-1230
-2255
-820
-615
-410
-410
-410
-615
-820
-820
-1025
-2255
-820
-820
-410
-615
-410
-410
-615
-615
-1025
-2255
-820
-820
-615
-615
-615
-615
-615
-615
-1025
-2255
-820
-615
-615
-615
-820
-615
-615
-615
-1025
-2460
-1025
-820
-615
-615
-820
-615
-820
-820
-1025
-2460
-1025
-820
-615
-615
-615
-615
-820
-820
-1025
-2460
-1640
-820
-615
-820
-615
-615
-820
-1025
-1025
)
;
    }
}


// ************************************************************************* //
