/*--------------------------------*- C++ -*----------------------------------*\
| =========                 |                                                 |
| \\      /  F ield         | OpenFOAM: The Open Source CFD Toolbox           |
|  \\    /   O peration     | Version:  2412                                  |
|   \\  /    A nd           | Website:  www.openfoam.com                      |
|    \\/     M anipulation  |                                                 |
\*---------------------------------------------------------------------------*/
FoamFile
{
    version     2.0;
    format      ascii;
    arch        "LSB;label=32;scalar=64";
    class       volScalarField;
    location    "3/fluid";
    object      wallHeatFlux;
}
// * * * * * * * * * * * * * * * * * * * * * * * * * * * * * * * * * * * * * //

dimensions      [1 0 -3 0 0 0 0];

internalField   uniform 0;

boundaryField
{
    inlet
    {
        type            calculated;
        value           uniform 0;
    }
    outlet
    {
        type            calculated;
        value           uniform 0;
    }
    walls
    {
        type            calculated;
        value           uniform 0;
    }
    fluid_to_solid
    {
        type            calculated;
        value           nonuniform List<scalar> 
500
(
1814.96
1538.55
1418.82
1349.1
1314.43
1314.55
1349.29
1419.01
1538.67
1815.2
2324.76
2045.81
1815.94
1693.01
1639.17
1639.17
1693.25
1816.19
2046
2325
2474.52
2264.74
2087.72
1993.58
1952.36
1952.48
1993.71
2087.84
2264.86
2474.64
2420.37
2236.68
2085.49
2008.79
1976.15
1976.21
2008.85
2085.62
2236.74
2420.5
2326.79
2151.94
2010.64
1940.74
1911.01
1911.07
1940.8
2010.7
2152.06
2326.92
2228.02
2055.02
1915.27
1847.1
1818.05
1818.11
1847.16
1915.27
2055.08
2228.09
2148.41
1979.68
1841.72
1775.65
1747.58
1747.58
1775.71
1841.78
1979.61
2148.41
2113
1957.86
1829.48
1769.46
1744.49
1744.43
1769.4
1829.48
1957.8
2112.94
2139.95
2011.69
1903.65
1853.59
1833.13
1833.07
1853.52
1903.47
2011.51
2139.82
2207.94
2115.04
2035.06
1999.27
1985.24
1985.24
1999.21
2034.93
2114.91
2207.87
1756.41
901.246
726.355
551.402
633.142
662.787
731.999
810.948
892.192
956.628
2147.75
832.778
562.256
435.119
472.143
507.68
583.032
675.811
770.574
899.696
2270.54
915.572
526.471
415.645
442.871
465.507
531.805
615.591
717.425
981.746
2223.91
882.145
512.889
427.552
444.111
445.6
502.16
568.023
673.454
1018.27
2141.24
841.151
519.959
445.786
464.515
454.034
500.982
546.813
648.275
986.831
2053.36
804.436
517.479
450.561
469.787
457.321
497.757
532.363
620.801
928.534
1981.48
796.374
509.416
452.67
468.794
458.499
496.33
530.999
598.04
861.369
1945.57
827.569
488.578
435.181
444.98
450.871
483.617
525.107
585.078
792.157
1958.96
961.838
501.354
446.096
438.344
461.104
485.229
526.781
610.01
748
2019.93
1365.08
717.363
546.379
555.124
516.92
529.448
596.738
670.849
786.885
696.944
674.946
702.92
727.752
740.506
741.554
730.586
704.892
673.776
690.659
1044.15
990.484
1027.89
1076.99
1107.74
1110.88
1084.26
1033.25
989.005
1035.83
1347.49
1294.44
1322.78
1349.58
1345.83
1349.52
1358.89
1329.99
1294.13
1339.85
1374.17
1302.88
1291.36
1260.12
1194.56
1200.04
1274.66
1303.87
1305.47
1367.76
1278.73
1189.63
1153.15
1087.22
987.712
995.29
1106.14
1169.11
1193.26
1272.75
1169.91
1069.78
1013.9
921.905
801.26
810.564
943.964
1032.14
1073.97
1163.93
1054.44
949.509
882.717
778.154
650.978
660.528
799.905
900.339
952.467
1047.6
934.598
834.348
770.144
669.339
553.254
559.416
687.393
783.884
834.04
925.417
818.02
739.52
698.484
618.136
516.099
521.337
630.767
706.494
734.591
804.957
758.745
725.041
727.012
678.212
592.442
594.783
685.236
729.723
715.921
741.739
1755.98
900.936
725.983
551.092
632.584
662.353
731.379
810.266
891.882
958.985
2147.44
832.716
562.38
435.677
472.95
508.734
584.334
677.361
773.117
906.642
2270.36
916.069
527.774
417.878
445.6
468.608
535.526
619.56
723.006
994.707
2223.72
883.137
515.184
431.149
448.328
449.755
507.246
573.481
681.392
1032.97
2141.17
842.515
522.874
449.817
469.539
459.554
506.998
553.201
658.136
1001.65
2053.23
805.925
520.517
454.654
474.872
462.965
503.897
538.937
630.786
943.108
1981.41
797.614
512.517
457.197
474.314
464.205
502.842
537.821
607.219
875.881
1945.51
828.561
491.989
440.452
451.429
457.817
490.997
532.549
594.071
807.413
1958.96
961.218
503.276
451.491
445.848
469.601
494.718
538.503
621.979
761.582
2019.87
1363.47
710.541
547.185
560.085
522.192
541.852
609.886
681.144
802.7
2006.97
1341.4
785.609
660.571
640.442
601.479
592.279
621.423
683.109
814.26
1919.41
883.046
492.001
412.965
414.076
411.915
422.536
460.572
545.351
702.127
1856.86
687.616
396.417
315.775
321.517
337.448
364.493
409.569
492.434
625.499
1826.6
615.187
423.647
337.88
326.766
327.63
347.143
383.203
430.872
566.098
1813.33
567.086
458.411
382.709
354.305
344.179
346.155
355.787
372.274
493.051
1813.08
564.122
460.696
386.043
356.899
344.179
344.611
351.959
365.852
486.876
1826.3
615.619
431.304
348.069
334.793
334.608
350.724
381.783
424.388
559.182
1856.49
685.887
399.442
315.775
320.159
335.658
361.838
405.494
486.259
615.928
1918.92
876.439
483.295
404.012
406.235
405.308
416.052
454.397
538.373
688.79
2006.54
1336.46
768.937
652.05
634.143
596.045
584.313
612.594
673.97
803.639
)
;
    }
}


// ************************************************************************* //
