/*--------------------------------*- C++ -*----------------------------------*\
| =========                 |                                                 |
| \\      /  F ield         | OpenFOAM: The Open Source CFD Toolbox           |
|  \\    /   O peration     | Version:  2412                                  |
|   \\  /    A nd           | Website:  www.openfoam.com                      |
|    \\/     M anipulation  |                                                 |
\*---------------------------------------------------------------------------*/
FoamFile
{
    version     2.0;
    format      ascii;
    arch        "LSB;label=32;scalar=64";
    class       volScalarField;
    location    "4.7/fluid";
    object      wallHeatFlux;
}
// * * * * * * * * * * * * * * * * * * * * * * * * * * * * * * * * * * * * * //

dimensions      [1 0 -3 0 0 0 0];

internalField   uniform 0;

boundaryField
{
    inlet
    {
        type            calculated;
        value           uniform 0;
    }
    outlet
    {
        type            calculated;
        value           uniform 0;
    }
    walls
    {
        type            calculated;
        value           uniform 0;
    }
    fluid_to_solid
    {
        type            calculated;
        value           nonuniform List<scalar> 
500
(
1804.94
1516.91
1392.06
1319.56
1283.15
1282.29
1318.14
1390.51
1515.31
1802.66
2396.82
2099.83
1855.01
1723.85
1665.5
1664.64
1721.87
1853.03
2097.98
2395.03
2629.47
2401.15
2208.37
2105.58
2059.84
2058.85
2104.34
2207.26
2400.29
2628.67
2645.11
2441.2
2273.39
2187.97
2151.07
2150.52
2187.29
2272.9
2440.89
2644.74
2611.49
2413.76
2253.92
2174.75
2140.69
2140.32
2174.37
2253.8
2413.7
2611.36
2559.57
2359.49
2197.8
2118.81
2084.87
2084.63
2118.75
2197.86
2359.68
2559.69
2521.25
2322.9
2161.02
2083.45
2050.32
2050.14
2083.52
2161.27
2323.27
2521.43
2522.05
2337.49
2185.13
2113.93
2084.32
2084.38
2114.36
2185.75
2338.04
2522.36
2583.43
2429.52
2300.28
2240.94
2216.78
2217.15
2241.99
2301.82
2430.82
2584.35
2680.16
2568.16
2472.29
2429.89
2413.7
2414.38
2431.56
2474.39
2570.07
2681.64
1748.54
890.889
715.626
543.402
619.994
641.639
696.959
761.334
842.949
949.558
2212.43
855.353
588.365
464.701
504.703
535.464
601.699
679.47
763.132
889.649
2410.83
980.505
586.257
483.555
516.982
536.766
598.784
665.02
745.023
963.512
2429.5
981.932
597.048
522.006
547.247
544.394
599.094
648.275
737.891
1063.24
2403.2
969.342
622.723
554.751
582.66
568.147
617.142
653.05
748.992
1094.37
2359.48
953.652
631.964
566.721
593.141
574.411
619.064
651.376
744.465
1072.11
2326.55
965.187
632.15
572.923
595.373
581.729
624.274
662.415
740.62
1038.18
2323.75
1017.34
615.901
560.209
574.287
580.117
618.134
669.175
746.821
1006.55
2366.79
1179.77
627.375
575.528
570.566
600.707
634.569
694.478
811.382
1005.81
2453.43
1658.3
852.748
689.889
699.378
660.802
710.479
808.963
905.464
1093.81
573.649
524.787
553.809
580.119
590.409
588.56
576.668
561.326
556.828
642.844
788.875
737.364
788.506
826.153
828.371
807.114
773.841
742.54
731.942
850.923
1114.95
1082.35
1164.18
1213.35
1187.72
1131.22
1067.2
1016.98
1017.53
1136.45
1351.49
1317.42
1380.33
1394.13
1338.25
1276.75
1219.76
1179.89
1191.42
1314.46
1419.89
1360.18
1379.16
1355.99
1283.66
1219.76
1170.53
1146.62
1179.95
1319.64
1368.38
1292.77
1290.49
1258.52
1187.16
1122.28
1074.53
1056.17
1101.76
1252.54
1265.36
1188.83
1182.48
1154.14
1090.3
1028.32
982.043
966.269
1018.09
1173.55
1107.25
1045.38
1053.7
1043.47
997.262
945.627
904.468
889.618
941.684
1093.82
923.507
899.107
941.807
962.942
944.703
910.075
876.617
858.44
899.415
1032.81
820.793
858.44
948.154
1004.53
1015.01
998.125
970.151
941.068
956.041
1045.69
1751.82
893.432
718.541
542.658
620.739
640.088
694.602
755.318
818.7
874.392
2215.1
855.849
581.605
450.809
482.5
506.998
564.364
633.142
700.06
790.048
2411.88
969.032
560.023
442.933
464.391
477.973
528.952
587.745
659.686
863.849
2429.74
961.838
559.093
466.562
478.717
473.012
523.804
576.148
671.097
1005.87
2403.08
944.163
579.621
495.834
514.378
502.47
549.976
592.707
702.851
1084.76
2359.1
926.178
583.652
503.401
521.076
506.501
549.418
588.117
696.153
1067.27
2326.24
936.721
572.923
492.857
502.594
490.253
528.828
570.132
660.368
993.095
2323.57
992.909
542.224
450.313
444.731
440.018
473.384
535.898
622.227
882.021
2366.67
1184.79
584.768
472.143
429.599
432.7
462.965
504.331
600.707
808.033
2453.37
1676.35
940.07
660.678
614.413
585.078
561.822
581.977
690.385
875.385
2430.24
1577.89
770.172
670.636
671.068
630.871
636.551
681.503
766.776
907.992
2324.41
1011.97
535.039
460.325
467.796
468.846
493.854
547.636
607.283
737.755
2250.19
838.526
557.083
477.059
485.271
482.678
486.321
510.402
537.262
712.439
2215.74
781.163
601.356
516.33
486.629
481.998
478.664
486.012
506.327
732.939
2201.84
728.431
589.624
498.794
464.709
458.164
463.412
482.678
527.568
770.296
2204.37
738.187
536.398
433.527
406.543
413.274
443.777
496.324
571.655
803.886
2220.3
765.541
475.947
367.025
372.891
402.591
449.519
517.441
627.536
837.785
2256.86
857.174
469.093
389.316
406.358
430.378
473.786
548.191
679.651
891.012
2332.13
1111.94
641.059
542.325
536.151
529.667
548.562
607.839
737.94
974.679
2437.72
1651.92
1016.79
836.859
797.218
748.499
752.76
804.319
907.128
1098.79
)
;
    }
}


// ************************************************************************* //
