/*--------------------------------*- C++ -*----------------------------------*\
| =========                 |                                                 |
| \\      /  F ield         | OpenFOAM: The Open Source CFD Toolbox           |
|  \\    /   O peration     | Version:  2412                                  |
|   \\  /    A nd           | Website:  www.openfoam.com                      |
|    \\/     M anipulation  |                                                 |
\*---------------------------------------------------------------------------*/
FoamFile
{
    version     2.0;
    format      ascii;
    arch        "LSB;label=32;scalar=64";
    class       faceList;
    location    "constant/solid/polyMesh";
    object      faces;
}
// * * * * * * * * * * * * * * * * * * * * * * * * * * * * * * * * * * * * * //


242
(
4(36 66 79 39)
4(6 11 79 66)
4(1 39 79 11)
4(37 67 80 40)
4(66 79 80 67)
4(39 40 80 79)
4(67 80 81 68)
4(40 41 81 80)
4(66 69 82 79)
4(7 12 82 69)
4(11 79 82 12)
4(67 70 83 80)
4(69 82 83 70)
4(79 80 83 82)
4(70 83 84 71)
4(80 81 84 83)
4(69 72 85 82)
4(8 13 85 72)
4(12 82 85 13)
4(70 73 86 83)
4(72 85 86 73)
4(82 83 86 85)
4(83 84 87 86)
4(72 75 88 85)
4(9 14 88 75)
4(13 85 88 14)
4(75 88 89 76)
4(85 86 89 88)
4(75 77 90 88)
4(14 88 90 15)
4(88 89 91 90)
4(39 79 92 42)
4(11 16 92 79)
4(2 42 92 16)
4(40 80 93 43)
4(79 92 93 80)
4(42 43 93 92)
4(80 93 94 81)
4(43 44 94 93)
4(79 82 95 92)
4(12 17 95 82)
4(16 92 95 17)
4(80 83 96 93)
4(82 95 96 83)
4(92 93 96 95)
4(83 96 97 84)
4(93 94 97 96)
4(82 85 98 95)
4(13 18 98 85)
4(17 95 98 18)
4(83 86 99 96)
4(85 98 99 86)
4(95 96 99 98)
4(96 97 100 99)
4(85 88 101 98)
4(14 19 101 88)
4(18 98 101 19)
4(88 101 102 89)
4(98 99 102 101)
4(88 90 103 101)
4(19 101 103 20)
4(101 102 104 103)
4(42 92 105 45)
4(16 21 105 92)
4(3 45 105 21)
4(43 93 106 46)
4(92 105 106 93)
4(45 46 106 105)
4(93 106 107 94)
4(46 47 107 106)
4(92 95 108 105)
4(17 22 108 95)
4(21 105 108 22)
4(93 96 109 106)
4(95 108 109 96)
4(105 106 109 108)
4(96 109 110 97)
4(106 107 110 109)
4(95 98 111 108)
4(18 23 111 98)
4(22 108 111 23)
4(96 99 112 109)
4(98 111 112 99)
4(108 109 112 111)
4(98 101 114 111)
4(19 24 114 101)
4(23 111 114 24)
4(101 114 115 102)
4(111 112 115 114)
4(101 103 116 114)
4(24 114 116 25)
4(114 115 117 116)
4(45 105 118 48)
4(21 26 118 105)
4(4 48 118 26)
4(46 106 119 49)
4(105 118 119 106)
4(48 49 119 118)
4(106 119 120 107)
4(49 50 120 119)
4(105 108 121 118)
4(22 27 121 108)
4(26 118 121 27)
4(106 109 122 119)
4(108 121 122 109)
4(118 119 122 121)
4(119 120 123 122)
4(108 111 124 121)
4(23 28 124 111)
4(27 121 124 28)
4(111 124 125 112)
4(121 122 125 124)
4(111 114 126 124)
4(24 29 126 114)
4(28 124 126 29)
4(114 126 127 115)
4(124 125 127 126)
4(114 116 128 126)
4(29 126 128 30)
4(126 127 129 128)
4(48 118 54 51)
4(26 31 54 118)
4(49 119 55 52)
4(118 54 55 119)
4(119 55 56 120)
4(118 121 57 54)
4(27 32 57 121)
4(119 122 58 55)
4(121 57 58 122)
4(121 124 60 57)
4(28 33 60 124)
4(124 60 61 125)
4(124 126 62 60)
4(29 34 62 126)
4(126 62 63 127)
4(126 128 64 62)
4(0 1 11 6)
4(6 11 12 7)
4(7 12 13 8)
4(8 13 14 9)
4(9 14 15 10)
4(1 2 16 11)
4(11 16 17 12)
4(12 17 18 13)
4(13 18 19 14)
4(14 19 20 15)
4(2 3 21 16)
4(16 21 22 17)
4(17 22 23 18)
4(18 23 24 19)
4(19 24 25 20)
4(3 4 26 21)
4(21 26 27 22)
4(22 27 28 23)
4(23 28 29 24)
4(24 29 30 25)
4(4 5 31 26)
4(26 31 32 27)
4(27 32 33 28)
4(28 33 34 29)
4(29 34 35 30)
4(0 36 39 1)
4(36 37 40 39)
4(37 38 41 40)
4(1 39 42 2)
4(39 40 43 42)
4(40 41 44 43)
4(2 42 45 3)
4(42 43 46 45)
4(43 44 47 46)
4(3 45 48 4)
4(45 46 49 48)
4(46 47 50 49)
4(4 48 51 5)
4(48 49 52 51)
4(49 50 53 52)
4(5 51 54 31)
4(51 52 55 54)
4(52 53 56 55)
4(31 54 57 32)
4(54 55 58 57)
4(55 56 59 58)
4(32 57 60 33)
4(57 58 61 60)
4(33 60 62 34)
4(60 61 63 62)
4(34 62 64 35)
4(62 63 65 64)
4(0 6 66 36)
4(36 66 67 37)
4(37 67 68 38)
4(6 7 69 66)
4(66 69 70 67)
4(67 70 71 68)
4(70 73 74 71)
4(7 8 72 69)
4(69 72 73 70)
4(8 9 75 72)
4(72 75 76 73)
4(9 10 77 75)
4(75 77 78 76)
4(38 68 81 41)
4(68 71 84 81)
4(71 74 87 84)
4(73 86 87 74)
4(73 76 89 86)
4(76 78 91 89)
4(41 81 94 44)
4(81 84 97 94)
4(84 87 100 97)
4(86 99 100 87)
4(86 89 102 99)
4(89 91 104 102)
4(44 94 107 47)
4(94 97 110 107)
4(97 100 113 110)
4(99 112 113 100)
4(109 110 113 112)
4(99 102 115 112)
4(102 104 117 115)
4(47 107 120 50)
4(107 110 123 120)
4(109 122 123 110)
4(109 112 125 122)
4(112 115 127 125)
4(115 117 129 127)
4(50 120 56 53)
4(120 123 59 56)
4(122 58 59 123)
4(122 125 61 58)
4(125 127 63 61)
4(127 129 65 63)
4(10 15 90 77)
4(77 90 91 78)
4(15 20 103 90)
4(90 103 104 91)
4(20 25 116 103)
4(103 116 117 104)
4(25 30 128 116)
4(116 128 129 117)
4(30 35 64 128)
4(128 64 65 129)
)


// ************************************************************************* //
