/*--------------------------------*- C++ -*----------------------------------*\
| =========                 |                                                 |
| \\      /  F ield         | OpenFOAM: The Open Source CFD Toolbox           |
|  \\    /   O peration     | Version:  2412                                  |
|   \\  /    A nd           | Website:  www.openfoam.com                      |
|    \\/     M anipulation  |                                                 |
\*---------------------------------------------------------------------------*/
FoamFile
{
    version     2.0;
    format      ascii;
    arch        "LSB;label=32;scalar=64";
    class       labelList;
    location    "constant/solid/polyMesh";
    object      faceProcAddressing;
}
// * * * * * * * * * * * * * * * * * * * * * * * * * * * * * * * * * * * * * //


242
(
1401
1402
1403
1404
1405
1406
1408
1409
1430
1431
1432
1433
1434
1435
1437
1438
1459
1460
1461
1462
1463
1464
1467
1488
1489
1490
1492
1493
1517
1519
1522
1681
1682
1683
1684
1685
1686
1688
1689
1710
1711
1712
1713
1714
1715
1717
1718
1739
1740
1741
1742
1743
1744
1747
1768
1769
1770
1772
1773
1797
1799
1802
1961
1962
1963
1964
1965
1966
1968
1969
1990
1991
1992
1993
1994
1995
1997
1998
2019
2020
2021
2022
2023
2024
2048
2049
2050
2052
2053
2077
2079
2082
2241
2242
2243
2244
2245
2246
2248
2249
2270
2271
2272
2273
2274
2275
2278
2299
2300
2301
2303
2304
2328
2329
2330
2332
2333
2357
2359
2362
2521
2522
2523
2524
2526
2540
2541
2542
2543
2559
2560
2562
2578
2579
2581
2597
2851
2852
2853
2854
2855
2861
2862
2863
2864
2865
2871
2872
2873
2874
2875
2881
2882
2883
2884
2885
2891
2892
2893
2894
2895
3151
3152
3153
3161
3162
3163
3171
3172
3173
3181
3182
3183
3191
3192
3193
3201
3202
3203
3211
3212
3213
3221
3222
3231
3232
3241
3242
-1123
-1126
-1129
-1152
-1155
-1158
-1187
-1181
-1184
-1210
-1213
-1239
-1242
1407
1436
1465
1466
1491
1520
1687
1716
1745
1746
1771
1800
1967
1996
2025
2026
2027
2051
2080
2247
2276
2277
2302
2331
2360
2525
2544
2545
2561
2580
2599
1518
1521
1798
1801
2078
2081
2358
2361
2598
2600
)


// ************************************************************************* //
