/*--------------------------------*- C++ -*----------------------------------*\
| =========                 |                                                 |
| \\      /  F ield         | OpenFOAM: The Open Source CFD Toolbox           |
|  \\    /   O peration     | Version:  2412                                  |
|   \\  /    A nd           | Website:  www.openfoam.com                      |
|    \\/     M anipulation  |                                                 |
\*---------------------------------------------------------------------------*/
FoamFile
{
    version     2.0;
    format      ascii;
    arch        "LSB;label=32;scalar=64";
    note        "nPoints:130  nCells:63  nFaces:242  nInternalFaces:136";
    class       labelList;
    location    "constant/solid/polyMesh";
    object      owner;
}
// * * * * * * * * * * * * * * * * * * * * * * * * * * * * * * * * * * * * * //


242
(
0
0
0
1
1
1
2
2
3
3
3
4
4
4
5
5
6
6
6
7
7
7
8
9
9
9
10
10
11
11
12
13
13
13
14
14
14
15
15
16
16
16
17
17
17
18
18
19
19
19
20
20
20
21
22
22
22
23
23
24
24
25
26
26
26
27
27
27
28
28
29
29
29
30
30
30
31
31
32
32
32
33
33
33
35
35
35
36
36
37
37
38
39
39
39
40
40
40
41
41
42
42
42
43
43
43
44
45
45
45
46
46
47
47
47
48
48
49
49
50
51
51
52
52
53
54
54
55
55
57
57
58
59
59
60
61
0
3
6
9
11
13
16
19
22
24
26
29
32
35
37
39
42
45
47
49
51
54
57
59
61
0
1
2
13
14
15
26
27
28
39
40
41
51
52
53
51
52
53
54
55
56
57
58
59
60
61
62
0
1
2
3
4
5
8
6
7
9
10
11
12
2
5
8
8
10
12
15
18
21
21
23
25
28
31
34
34
34
36
38
41
44
44
46
48
50
53
56
56
58
60
62
11
12
24
25
37
38
49
50
61
62
)


// ************************************************************************* //
