/*--------------------------------*- C++ -*----------------------------------*\
| =========                 |                                                 |
| \\      /  F ield         | OpenFOAM: The Open Source CFD Toolbox           |
|  \\    /   O peration     | Version:  2412                                  |
|   \\  /    A nd           | Website:  www.openfoam.com                      |
|    \\/     M anipulation  |                                                 |
\*---------------------------------------------------------------------------*/
FoamFile
{
    version     2.0;
    format      ascii;
    arch        "LSB;label=32;scalar=64";
    class       vectorField;
    location    "constant/solid/polyMesh";
    object      points;
}
// * * * * * * * * * * * * * * * * * * * * * * * * * * * * * * * * * * * * * //


130
(
(0.08 0.05 0.01)
(0.08 0.05 0.012)
(0.08 0.05 0.014)
(0.08 0.05 0.016)
(0.08 0.05 0.018)
(0.08 0.05 0.02)
(0.08 0.052 0.01)
(0.08 0.054 0.01)
(0.08 0.056 0.01)
(0.08 0.058 0.01)
(0.08 0.06 0.01)
(0.08 0.052 0.012)
(0.08 0.054 0.012)
(0.08 0.056 0.012)
(0.08 0.058 0.012)
(0.08 0.06 0.012)
(0.08 0.052 0.014)
(0.08 0.054 0.014)
(0.08 0.056 0.014)
(0.08 0.058 0.014)
(0.08 0.06 0.014)
(0.08 0.052 0.016)
(0.08 0.054 0.016)
(0.08 0.056 0.016)
(0.08 0.058 0.016)
(0.08 0.06 0.016)
(0.08 0.052 0.018)
(0.08 0.054 0.018)
(0.08 0.056 0.018)
(0.08 0.058 0.018)
(0.08 0.06 0.018)
(0.08 0.052 0.02)
(0.08 0.054 0.02)
(0.08 0.056 0.02)
(0.08 0.058 0.02)
(0.08 0.06 0.02)
(0.082 0.05 0.01)
(0.084 0.05 0.01)
(0.086 0.05 0.01)
(0.082 0.05 0.012)
(0.084 0.05 0.012)
(0.086 0.05 0.012)
(0.082 0.05 0.014)
(0.084 0.05 0.014)
(0.086 0.05 0.014)
(0.082 0.05 0.016)
(0.084 0.05 0.016)
(0.086 0.05 0.016)
(0.082 0.05 0.018)
(0.084 0.05 0.018)
(0.086 0.05 0.018)
(0.082 0.05 0.02)
(0.084 0.05 0.02)
(0.086 0.05 0.02)
(0.082 0.052 0.02)
(0.084 0.052 0.02)
(0.086 0.052 0.02)
(0.082 0.054 0.02)
(0.084 0.054 0.02)
(0.086 0.054 0.02)
(0.082 0.056 0.02)
(0.084 0.056 0.02)
(0.082 0.058 0.02)
(0.084 0.058 0.02)
(0.082 0.06 0.02)
(0.084 0.06 0.02)
(0.082 0.052 0.01)
(0.084 0.052 0.01)
(0.086 0.052 0.01)
(0.082 0.054 0.01)
(0.084 0.054 0.01)
(0.086 0.054 0.01)
(0.082 0.056 0.01)
(0.084 0.056 0.01)
(0.086 0.056 0.01)
(0.082 0.058 0.01)
(0.084 0.058 0.01)
(0.082 0.06 0.01)
(0.084 0.06 0.01)
(0.082 0.052 0.012)
(0.084 0.052 0.012)
(0.086 0.052 0.012)
(0.082 0.054 0.012)
(0.084 0.054 0.012)
(0.086 0.054 0.012)
(0.082 0.056 0.012)
(0.084 0.056 0.012)
(0.086 0.056 0.012)
(0.082 0.058 0.012)
(0.084 0.058 0.012)
(0.082 0.06 0.012)
(0.084 0.06 0.012)
(0.082 0.052 0.014)
(0.084 0.052 0.014)
(0.086 0.052 0.014)
(0.082 0.054 0.014)
(0.084 0.054 0.014)
(0.086 0.054 0.014)
(0.082 0.056 0.014)
(0.084 0.056 0.014)
(0.086 0.056 0.014)
(0.082 0.058 0.014)
(0.084 0.058 0.014)
(0.082 0.06 0.014)
(0.084 0.06 0.014)
(0.082 0.052 0.016)
(0.084 0.052 0.016)
(0.086 0.052 0.016)
(0.082 0.054 0.016)
(0.084 0.054 0.016)
(0.086 0.054 0.016)
(0.082 0.056 0.016)
(0.084 0.056 0.016)
(0.086 0.056 0.016)
(0.082 0.058 0.016)
(0.084 0.058 0.016)
(0.082 0.06 0.016)
(0.084 0.06 0.016)
(0.082 0.052 0.018)
(0.084 0.052 0.018)
(0.086 0.052 0.018)
(0.082 0.054 0.018)
(0.084 0.054 0.018)
(0.086 0.054 0.018)
(0.082 0.056 0.018)
(0.084 0.056 0.018)
(0.082 0.058 0.018)
(0.084 0.058 0.018)
(0.082 0.06 0.018)
(0.084 0.06 0.018)
)


// ************************************************************************* //
