/*--------------------------------*- C++ -*----------------------------------*\
| =========                 |                                                 |
| \\      /  F ield         | OpenFOAM: The Open Source CFD Toolbox           |
|  \\    /   O peration     | Version:  2412                                  |
|   \\  /    A nd           | Website:  www.openfoam.com                      |
|    \\/     M anipulation  |                                                 |
\*---------------------------------------------------------------------------*/
FoamFile
{
    version     2.0;
    format      ascii;
    arch        "LSB;label=32;scalar=64";
    class       volScalarField;
    location    "0.1/fluid";
    object      wallHeatFlux;
}
// * * * * * * * * * * * * * * * * * * * * * * * * * * * * * * * * * * * * * //

dimensions      [1 0 -3 0 0 0 0];

internalField   uniform 0;

boundaryField
{
    inlet
    {
        type            calculated;
        value           uniform 0;
    }
    outlet
    {
        type            calculated;
        value           uniform 0;
    }
    walls
    {
        type            calculated;
        value           uniform 0;
    }
    fluid_to_solid
    {
        type            calculated;
        value           nonuniform List<scalar> 
500
(
1886.28
1708.34
1636.7
1595.66
1574.7
1574.7
1595.66
1636.7
1708.34
1886.28
1272.03
1186.67
1115.96
1077.33
1059.09
1059.09
1077.33
1115.96
1186.67
1272.03
629.338
596.085
568.518
554.055
547.874
547.874
554.055
568.518
596.085
629.338
251.068
236.666
225.046
219.174
216.826
216.826
219.174
225.046
236.666
251.068
86.2852
80.7224
76.1485
73.9852
73.1199
73.1199
73.9852
76.1485
80.7224
86.2852
24.9708
22.8075
21.015
20.0879
19.717
19.717
20.0879
21.015
22.8075
24.9708
5.81003
4.82109
4.07939
3.58491
3.39949
3.39949
3.58491
4.07939
4.82109
5.81003
0.988942
0.494471
0.123618
-0.123618
-0.247235
-0.247235
-0.123618
0.123618
0.494471
0.988942
0
-0.185427
-0.432662
-0.55628
-0.618089
-0.618089
-0.55628
-0.432662
-0.185427
0
-0.0618089
-0.185427
-0.309044
-0.370853
-0.370853
-0.370853
-0.370853
-0.309044
-0.185427
-0.0618089
1780.6
944.349
809.025
710.975
785.583
873.152
997.994
1157.88
1315.53
1478.45
1176.92
482.314
291.547
236.723
262.895
281.19
319.641
392.45
483.927
592.272
583.032
229.405
103.756
71.2587
72.4991
56.5605
44.529
44.715
65.0569
108.221
232.382
69.1501
17.4271
12.1555
15.1324
4.27925
-14.6363
-36.8387
-53.8937
-59.4753
80.1893
9.79885
-4.83741
2.60476
10.171
11.3493
3.1009
-14.0781
-37.3349
-65.305
22.3265
-3.7831
-6.01575
1.05431
6.75997
11.1012
12.0935
8.31042
-2.79081
-28.6523
4.83741
-3.41099
-2.60476
0.682199
3.1009
4.34126
4.65135
4.65135
4.03117
0.992289
0.682199
-1.61247
-0.682199
0.124036
0.744217
0.930271
1.05431
1.11632
1.17834
0.992289
-0.062018
-0.682199
-0.186054
-0.124036
-0.062018
0.062018
0.124036
0.186054
0.186054
0.186054
-0.062018
-0.248072
-0.124036
-0.062018
-0.062018
-0.062018
0
0
0.062018
0.062018
1594.33
1599.75
1659.58
1724.34
1773.38
1773.38
1724.34
1659.52
1599.69
1594.26
732.003
722.946
752.953
794.975
841.989
841.989
794.975
752.953
722.946
732.003
177.948
166.981
187.068
221.942
267.6
267.6
221.942
187.068
166.981
177.948
-63.4033
-71.5983
-54.6538
-22.7365
18.6698
18.6698
-22.7365
-54.6538
-71.5983
-63.4033
-109.492
-114.114
-101.667
-76.8973
-43.8093
-43.8093
-76.8973
-101.667
-114.114
-109.492
-77.7599
-81.5802
-74.371
-58.474
-37.0315
-37.0315
-58.474
-74.371
-81.5802
-77.7599
-40.6052
-43.9941
-39.9891
-30.7466
-19.1011
-19.1011
-30.7466
-39.9891
-43.9941
-40.6052
-17.6223
-20.3334
-17.6839
-12.7546
-7.57882
-7.57882
-12.7546
-17.6839
-20.3334
-17.6223
-6.90104
-8.31822
-6.59296
-4.18992
-2.34142
-2.34142
-4.18992
-6.59296
-8.31822
-6.90104
-1.41718
-2.46466
-1.84849
-0.985863
-0.431315
-0.431315
-0.985863
-1.84849
-2.46466
-1.41718
1780.6
944.349
809.025
710.975
785.583
873.214
997.994
1157.88
1315.53
1478.45
1176.92
482.314
291.547
236.723
262.895
281.19
319.641
392.45
483.927
592.272
583.032
229.405
103.756
71.2587
72.4991
56.5605
44.529
44.715
65.0569
108.221
232.382
69.1501
17.4271
12.1555
15.1324
4.27925
-14.6363
-36.8387
-53.8937
-59.4753
80.1893
9.79885
-4.83741
2.60476
10.171
11.3493
3.1009
-14.0781
-37.3349
-65.305
22.3265
-3.7831
-6.01575
1.05431
6.75997
11.1012
12.0935
8.31042
-2.79081
-28.6523
4.83741
-3.41099
-2.60476
0.682199
3.1009
4.34126
4.65135
4.65135
4.03117
0.992289
0.682199
-1.61247
-0.682199
0.124036
0.744217
0.930271
1.05431
1.11632
1.17834
0.992289
-0.062018
-0.682199
-0.186054
-0.124036
-0.062018
0.062018
0.124036
0.186054
0.186054
0.186054
-0.062018
-0.248072
-0.124036
-0.062018
-0.062018
-0.062018
0
0
0.062018
0.062018
0
0
0.0617472
0.0617472
0.0617472
0.0617472
0.123494
0.123494
0.123494
0.123494
-0.0617472
0
0.0617472
0.123494
0.123494
0.123494
0.123494
0.123494
0.123494
0.123494
-0.123494
0.0617472
0.123494
0.123494
0.123494
0.123494
0.123494
0.185241
0.185241
0.185241
-0.123494
0.0617472
0.123494
0.185241
0.185241
0.185241
0.185241
0.185241
0.185241
0.185241
-0.123494
0.123494
0.185241
0.185241
0.185241
0.185241
0.185241
0.185241
0.246989
0.246989
-0.123494
0.123494
0.185241
0.185241
0.185241
0.185241
0.185241
0.185241
0.246989
0.246989
-0.123494
0.0617472
0.123494
0.185241
0.185241
0.185241
0.185241
0.185241
0.185241
0.185241
-0.123494
0.0617472
0.123494
0.123494
0.123494
0.123494
0.123494
0.185241
0.185241
0.185241
-0.0617472
0
0.0617472
0.123494
0.123494
0.123494
0.123494
0.123494
0.123494
0.123494
0
0
0.0617472
0.0617472
0.0617472
0.0617472
0.123494
0.123494
0.123494
0.123494
)
;
    }
}


// ************************************************************************* //
