/*--------------------------------*- C++ -*----------------------------------*\
| =========                 |                                                 |
| \\      /  F ield         | OpenFOAM: The Open Source CFD Toolbox           |
|  \\    /   O peration     | Version:  2412                                  |
|   \\  /    A nd           | Website:  www.openfoam.com                      |
|    \\/     M anipulation  |                                                 |
\*---------------------------------------------------------------------------*/
FoamFile
{
    version     2.0;
    format      ascii;
    arch        "LSB;label=32;scalar=64";
    class       volScalarField;
    location    "2.3/fluid";
    object      wallHeatFlux;
}
// * * * * * * * * * * * * * * * * * * * * * * * * * * * * * * * * * * * * * //

dimensions      [1 0 -3 0 0 0 0];

internalField   uniform 0;

boundaryField
{
    inlet
    {
        type            calculated;
        value           uniform 0;
    }
    outlet
    {
        type            calculated;
        value           uniform 0;
    }
    walls
    {
        type            calculated;
        value           uniform 0;
    }
    fluid_to_solid
    {
        type            calculated;
        value           nonuniform List<scalar> 
500
(
1823.61
1555.48
1439.59
1371.85
1338.22
1338.22
1371.79
1439.59
1555.42
1823.55
2271.66
2006.19
1787.57
1670.57
1619.52
1619.52
1670.51
1787.51
2006.13
2271.66
2358.81
2162.94
1997.72
1910.02
1871.76
1871.76
1910.02
1997.79
2162.94
2358.81
2252.25
2083.52
1944.94
1874.6
1844.87
1844.81
1874.66
1945
2083.58
2252.19
2113.68
1955.76
1828.24
1765.26
1738.5
1738.5
1765.2
1828.31
1955.82
2113.62
1979.49
1826.64
1703.14
1643
1617.48
1617.48
1643
1703.21
1826.64
1979.49
1868.98
1722
1601.9
1544.29
1519.94
1519.94
1544.29
1601.84
1721.93
1868.91
1806.3
1672.8
1562.28
1510.42
1488.91
1488.85
1510.3
1562.22
1672.73
1806.18
1807.11
1697.7
1605.24
1562.4
1544.79
1544.73
1562.34
1605.18
1697.58
1806.98
1853.4
1774.41
1706.23
1675.64
1663.59
1663.59
1675.7
1706.3
1774.35
1853.34
1760.44
906.518
731.255
555.372
636.739
665.082
733.363
812.064
894.61
967.109
2097.64
812.623
542.596
415.707
451.864
485.911
559.713
651.872
748.868
890.207
2164.68
870.051
493.292
384.388
409.691
430.901
494.532
575.838
679.718
955.884
2069.67
816.033
469.477
387.427
401.939
402.435
455.647
518.533
627.127
968.784
1945.07
758.233
466.748
397.412
414.591
405.412
448.018
490.811
593.823
917.371
1824.26
708.184
455.895
396.047
414.095
404.048
440.204
471.523
558.473
843.135
1723.23
684.989
441.382
394.063
409.505
401.257
435.243
465.507
527.588
765.365
1662.46
698.881
417.195
375.147
385.69
392.078
420.917
457.011
509.664
692.307
1653.65
804.126
422.963
381.411
378.992
400.823
422.095
457.693
527.96
645.236
1695.33
1142.19
598.97
459.43
472.019
442.313
458.499
515.804
575.838
675.873
710.93
685.298
708.466
725.903
730.463
730.278
725.287
707.788
685.113
711.67
1041.01
984.877
1011.62
1044.77
1057.95
1057.46
1043.35
1010.14
984.384
1041.75
1303.62
1248.9
1265.6
1274.66
1251.68
1251.31
1273
1263.69
1248.16
1304.11
1293.7
1224.75
1204.54
1157.28
1076.25
1075.82
1154.88
1201.71
1223.27
1293.76
1172.62
1089.19
1046.56
967.994
856.592
855.852
964.79
1043.1
1087.53
1172.75
1043.72
952.036
892.699
792.695
664.841
663.856
789.122
888.756
950.31
1043.84
915.99
821.655
753.816
645.371
517.393
516.223
641.858
750.057
820.176
916.236
792.942
704.091
639.948
537.788
429.898
429.097
535.016
636.929
703.228
793.681
681.416
612.467
569.459
488.31
392.127
391.449
486.4
567.549
612.591
682.895
626.393
595.893
590.409
539.021
455.838
455.592
537.912
589.423
596.878
628.611
1760.51
906.58
731.255
555.434
636.801
665.206
733.487
812.188
894.61
966.613
2097.76
812.623
542.534
415.645
451.801
485.725
559.527
651.624
748.434
889.091
2164.68
870.051
493.106
384.14
409.319
430.405
493.912
575.217
678.85
954.148
2069.6
815.909
469.105
386.869
401.319
401.753
454.84
517.727
625.824
966.923
1945.01
757.985
466.252
396.791
413.846
404.544
447.212
489.943
592.458
915.572
1824.32
707.998
455.399
395.365
413.412
403.303
439.336
470.593
557.108
841.399
1723.3
684.803
440.948
393.505
408.823
400.575
434.374
464.577
526.285
763.628
1662.64
698.881
416.761
374.465
384.884
391.21
419.986
456.019
508.486
690.447
1653.84
804.312
422.715
380.667
378
399.706
420.792
456.081
526.223
643.375
1695.45
1142.37
599.777
459.306
471.399
441.631
456.887
514.068
574.411
673.702
1686.13
1126.82
660.633
556.774
542.264
511.205
503.363
527.321
577.336
685.208
1612.09
739.361
415.126
349.859
351.959
351.033
359.862
390.921
459.955
588.512
1559.12
575.545
338.621
270.453
275.084
288.236
310.279
346.649
413.582
520.158
1533.24
514.045
363.012
291.508
280.209
279.653
293.916
321.579
358.689
464.462
1521.82
464.153
389.81
325.84
300.709
289.038
289.656
296.263
307.624
396.787
1521.82
464.586
389.686
325.531
300.462
289.162
289.965
296.942
308.612
397.713
1533.31
513.922
362.209
290.273
279.344
278.85
293.669
321.95
359.615
465.45
1559.18
575.854
338.374
270.576
275.392
288.483
310.588
347.204
414.385
521.393
1612.09
740.225
416.361
351.094
352.947
351.774
360.665
391.786
460.943
590.241
1686.07
1127.5
662.794
557.886
543.066
511.884
504.351
528.494
578.571
686.69
)
;
    }
}


// ************************************************************************* //
