/*--------------------------------*- C++ -*----------------------------------*\
| =========                 |                                                 |
| \\      /  F ield         | OpenFOAM: The Open Source CFD Toolbox           |
|  \\    /   O peration     | Version:  2412                                  |
|   \\  /    A nd           | Website:  www.openfoam.com                      |
|    \\/     M anipulation  |                                                 |
\*---------------------------------------------------------------------------*/
FoamFile
{
    version     2.0;
    format      ascii;
    arch        "LSB;label=32;scalar=64";
    class       volScalarField;
    location    "3.7/solid";
    object      T;
}
// * * * * * * * * * * * * * * * * * * * * * * * * * * * * * * * * * * * * * //

dimensions      [0 0 0 1 0 0 0];

internalField   nonuniform List<scalar> 
1000
(
352.085
352.094
352.099
352.102
352.104
352.104
352.104
352.103
352.101
352.098
352.091
352.098
352.102
352.104
352.106
352.106
352.106
352.106
352.104
352.101
352.094
352.1
352.103
352.105
352.106
352.107
352.107
352.107
352.105
352.102
352.095
352.101
352.104
352.106
352.107
352.108
352.108
352.107
352.106
352.103
352.096
352.101
352.104
352.106
352.107
352.108
352.108
352.107
352.106
352.103
352.096
352.101
352.104
352.106
352.107
352.108
352.108
352.107
352.106
352.103
352.095
352.101
352.104
352.106
352.107
352.108
352.108
352.107
352.106
352.103
352.094
352.1
352.103
352.105
352.106
352.107
352.107
352.107
352.105
352.102
352.091
352.098
352.102
352.104
352.106
352.106
352.106
352.106
352.104
352.101
352.085
352.094
352.099
352.102
352.103
352.104
352.104
352.103
352.101
352.098
350.294
350.313
350.325
350.333
350.337
350.339
350.339
350.337
350.333
350.326
350.305
350.32
350.33
350.336
350.34
350.342
350.342
350.34
350.337
350.331
350.312
350.324
350.333
350.338
350.342
350.344
350.344
350.343
350.339
350.333
350.316
350.327
350.335
350.34
350.343
350.345
350.345
350.344
350.341
350.334
350.317
350.328
350.335
350.34
350.344
350.345
350.346
350.345
350.341
350.335
350.317
350.328
350.335
350.34
350.344
350.345
350.346
350.345
350.341
350.335
350.316
350.327
350.335
350.34
350.343
350.345
350.345
350.344
350.341
350.334
350.312
350.324
350.333
350.338
350.342
350.344
350.344
350.343
350.339
350.333
350.305
350.32
350.33
350.336
350.34
350.342
350.342
350.34
350.337
350.33
350.294
350.313
350.325
350.333
350.337
350.338
350.338
350.336
350.332
350.325
348.581
348.605
348.621
348.632
348.638
348.641
348.641
348.639
348.633
348.624
348.594
348.613
348.626
348.635
348.641
348.644
348.645
348.643
348.638
348.63
348.602
348.618
348.63
348.638
348.644
348.647
348.647
348.645
348.641
348.633
348.607
348.622
348.633
348.64
348.645
348.648
348.649
348.648
348.643
348.635
348.609
348.623
348.634
348.641
348.646
348.649
348.65
348.648
348.644
348.636
348.609
348.623
348.634
348.641
348.646
348.649
348.65
348.648
348.644
348.636
348.607
348.622
348.632
348.64
348.645
348.648
348.649
348.647
348.643
348.635
348.603
348.618
348.63
348.638
348.643
348.646
348.647
348.645
348.641
348.633
348.594
348.613
348.626
348.635
348.641
348.644
348.645
348.643
348.637
348.629
348.581
348.605
348.621
348.631
348.637
348.64
348.641
348.638
348.632
348.623
346.983
347.008
347.027
347.04
347.047
347.051
347.052
347.05
347.044
347.034
346.997
347.017
347.032
347.044
347.051
347.055
347.056
347.054
347.049
347.04
347.005
347.023
347.036
347.047
347.053
347.057
347.059
347.057
347.052
347.044
347.011
347.027
347.04
347.049
347.055
347.059
347.061
347.059
347.055
347.046
347.013
347.029
347.041
347.05
347.056
347.06
347.062
347.06
347.056
347.048
347.013
347.029
347.041
347.05
347.056
347.06
347.062
347.06
347.056
347.048
347.011
347.027
347.04
347.049
347.055
347.059
347.061
347.059
347.055
347.046
347.006
347.024
347.037
347.047
347.054
347.057
347.059
347.057
347.052
347.043
346.997
347.017
347.033
347.044
347.051
347.055
347.056
347.054
347.048
347.039
346.983
347.009
347.027
347.039
347.047
347.051
347.052
347.049
347.043
347.032
345.536
345.561
345.581
345.595
345.604
345.609
345.611
345.608
345.603
345.593
345.549
345.57
345.587
345.599
345.607
345.613
345.615
345.613
345.608
345.599
345.558
345.576
345.591
345.602
345.61
345.615
345.617
345.616
345.611
345.603
345.564
345.581
345.594
345.605
345.612
345.617
345.619
345.618
345.614
345.607
345.566
345.583
345.596
345.606
345.613
345.618
345.62
345.619
345.615
345.608
345.566
345.583
345.596
345.606
345.613
345.618
345.62
345.619
345.615
345.608
345.564
345.581
345.595
345.605
345.613
345.617
345.619
345.618
345.614
345.606
345.559
345.577
345.592
345.603
345.611
345.615
345.617
345.616
345.611
345.603
345.55
345.571
345.587
345.599
345.607
345.612
345.614
345.612
345.607
345.598
345.536
345.562
345.581
345.595
345.603
345.608
345.61
345.608
345.602
345.591
344.273
344.298
344.318
344.333
344.343
344.349
344.351
344.35
344.345
344.336
344.286
344.307
344.324
344.337
344.347
344.353
344.355
344.354
344.35
344.342
344.295
344.313
344.329
344.341
344.35
344.356
344.358
344.357
344.354
344.347
344.301
344.318
344.332
344.344
344.352
344.358
344.36
344.36
344.357
344.35
344.303
344.319
344.333
344.345
344.353
344.358
344.361
344.361
344.358
344.351
344.303
344.32
344.334
344.345
344.353
344.358
344.361
344.361
344.358
344.351
344.301
344.318
344.333
344.344
344.352
344.358
344.361
344.36
344.356
344.349
344.296
344.314
344.329
344.342
344.35
344.355
344.358
344.357
344.353
344.346
344.287
344.307
344.325
344.338
344.347
344.352
344.355
344.354
344.349
344.341
344.273
344.299
344.319
344.333
344.342
344.348
344.351
344.35
344.344
344.334
343.223
343.248
343.269
343.284
343.295
343.302
343.305
343.304
343.3
343.292
343.236
343.257
343.275
343.289
343.299
343.306
343.309
343.308
343.305
343.299
343.245
343.264
343.279
343.293
343.303
343.309
343.312
343.312
343.309
343.303
343.25
343.268
343.283
343.296
343.305
343.311
343.314
343.315
343.312
343.306
343.253
343.269
343.284
343.297
343.306
343.312
343.315
343.316
343.313
343.308
343.253
343.27
343.284
343.296
343.305
343.312
343.315
343.316
343.313
343.308
343.25
343.268
343.283
343.295
343.304
343.311
343.315
343.315
343.311
343.306
343.245
343.264
343.28
343.293
343.302
343.308
343.312
343.312
343.308
343.302
343.236
343.257
343.275
343.289
343.299
343.305
343.309
343.308
343.305
343.298
343.222
343.248
343.269
343.284
343.294
343.301
343.305
343.304
343.299
343.291
342.409
342.435
342.456
342.473
342.485
342.492
342.496
342.496
342.492
342.485
342.422
342.444
342.462
342.478
342.489
342.497
342.501
342.5
342.497
342.492
342.431
342.451
342.467
342.482
342.493
342.5
342.504
342.504
342.502
342.497
342.437
342.455
342.471
342.485
342.495
342.502
342.506
342.506
342.505
342.5
342.439
342.456
342.472
342.486
342.496
342.503
342.507
342.507
342.506
342.501
342.438
342.456
342.472
342.486
342.496
342.503
342.507
342.508
342.506
342.501
342.436
342.454
342.471
342.485
342.495
342.502
342.506
342.507
342.504
342.499
342.431
342.45
342.467
342.482
342.492
342.499
342.503
342.503
342.501
342.495
342.421
342.443
342.462
342.477
342.488
342.496
342.5
342.5
342.497
342.491
342.407
342.434
342.456
342.472
342.484
342.492
342.496
342.496
342.492
342.484
341.849
341.877
341.9
341.918
341.931
341.94
341.944
341.944
341.94
341.934
341.863
341.887
341.907
341.924
341.936
341.944
341.949
341.949
341.946
341.941
341.873
341.894
341.912
341.929
341.94
341.948
341.952
341.952
341.95
341.946
341.879
341.899
341.917
341.932
341.943
341.95
341.954
341.955
341.954
341.949
341.881
341.9
341.918
341.933
341.944
341.951
341.955
341.956
341.955
341.95
341.88
341.9
341.919
341.933
341.944
341.951
341.955
341.956
341.955
341.95
341.878
341.899
341.917
341.932
341.943
341.95
341.954
341.955
341.953
341.948
341.872
341.894
341.913
341.929
341.94
341.947
341.951
341.952
341.95
341.944
341.862
341.886
341.907
341.924
341.936
341.943
341.948
341.949
341.946
341.94
341.848
341.876
341.9
341.919
341.931
341.939
341.944
341.944
341.94
341.933
341.556
341.586
341.614
341.634
341.648
341.657
341.662
341.661
341.658
341.652
341.572
341.599
341.622
341.641
341.654
341.662
341.667
341.667
341.664
341.659
341.582
341.607
341.629
341.646
341.659
341.667
341.671
341.671
341.669
341.664
341.588
341.613
341.633
341.65
341.661
341.669
341.673
341.674
341.672
341.667
341.59
341.615
341.635
341.651
341.662
341.67
341.674
341.675
341.674
341.669
341.59
341.615
341.635
341.651
341.662
341.67
341.674
341.675
341.673
341.668
341.588
341.613
341.634
341.65
341.661
341.669
341.673
341.674
341.671
341.666
341.582
341.608
341.63
341.647
341.658
341.666
341.67
341.67
341.668
341.662
341.571
341.599
341.623
341.641
341.654
341.662
341.666
341.667
341.664
341.657
341.556
341.586
341.614
341.635
341.648
341.656
341.661
341.661
341.658
341.65
)
;

boundaryField
{
    bodyBottom
    {
        type            fixedValue;
        value           uniform 353;
    }
    solid_to_fluid
    {
        type            compressible::turbulentTemperatureCoupledBaffleMixed;
        refValue        nonuniform List<scalar> 
500
(
322.791
327.372
329.356
330.509
331.086
331.093
330.521
329.368
327.385
322.813
312.059
316.738
320.59
322.653
323.566
323.574
322.671
320.608
316.755
312.077
307.227
310.791
313.797
315.398
316.105
316.114
315.41
313.808
310.801
307.237
305.917
309.075
311.67
312.991
313.557
313.564
312.999
311.677
309.081
305.925
305.48
308.517
310.968
312.184
312.703
312.709
312.189
310.973
308.521
305.486
305.422
308.463
310.918
312.117
312.631
312.636
312.122
310.922
308.466
305.426
305.313
308.306
310.748
311.919
312.418
312.422
311.922
310.75
308.308
305.317
304.767
307.538
309.825
310.896
311.342
311.345
310.898
309.825
307.539
304.77
303.48
305.785
307.72
308.615
308.982
308.982
308.613
307.716
305.782
303.48
301.843
303.522
304.96
305.603
305.853
305.851
305.597
304.952
303.516
301.84
323.818
337.627
340.453
343.266
341.956
341.46
340.338
339.061
337.741
336.651
315.107
336.652
341.025
343.067
342.449
341.849
340.603
339.082
337.517
335.346
310.784
333.295
339.688
341.463
340.981
340.583
339.454
338.053
336.347
331.858
309.394
331.981
338.149
339.509
339.192
339.16
338.175
337.056
335.256
329.385
308.809
330.99
336.451
337.657
337.299
337.464
336.639
335.849
334.073
328.263
308.596
330.165
335.13
336.249
335.888
336.098
335.377
334.766
333.176
327.809
308.379
329.087
334.138
335.104
334.801
334.987
334.298
333.678
332.432
327.731
307.865
327.592
333.61
334.522
334.331
334.225
333.632
332.887
331.763
327.922
306.841
324.627
332.835
333.729
333.835
333.419
332.962
332.126
330.612
328.039
305.35
317.158
329.04
331.706
331.548
332.236
331.721
330.482
329.241
326.906
341.275
341.281
340.558
339.966
339.739
339.953
340.341
340.828
341.27
340.831
333.813
334.238
333.032
331.815
331.288
331.829
332.707
333.675
334.245
333.219
326.735
327.094
325.942
325.007
325.038
325.599
326.061
326.737
327.177
326.139
324.351
324.984
324.372
324.283
325.355
325.972
325.683
325.514
325.25
323.827
324.216
325.164
324.884
325.282
326.917
327.625
326.99
326.297
325.531
323.726
324.507
325.669
325.669
326.465
328.486
329.281
328.438
327.326
326.143
324.078
325.218
326.519
326.724
327.753
329.915
330.735
329.773
328.401
326.962
324.776
326.397
327.687
327.925
328.958
330.986
331.738
330.726
329.313
327.881
325.781
327.95
328.904
328.842
329.593
331.273
331.865
330.89
329.7
328.668
326.989
328.846
329.005
328.274
328.556
329.849
330.222
329.357
328.606
328.343
327.503
323.785
337.607
340.426
343.239
341.914
341.427
340.303
339.02
337.735
336.845
315.078
336.644
341.034
343.104
342.511
341.932
340.711
339.209
337.726
335.881
310.766
333.331
339.784
341.625
341.187
340.819
339.743
338.375
336.791
332.874
309.38
332.056
338.318
339.773
339.514
339.486
338.566
337.483
335.868
330.556
308.798
331.091
336.662
337.955
337.674
337.88
337.098
336.347
334.846
329.451
308.586
330.269
335.354
336.555
336.27
336.522
335.849
335.282
333.959
328.948
308.369
329.176
334.372
335.448
335.221
335.428
334.805
334.216
333.16
328.835
307.856
327.658
333.873
334.938
334.837
334.782
334.24
333.515
332.504
329.076
306.832
324.564
332.987
334.155
334.426
334.101
333.723
333.068
331.581
329.163
305.34
317.028
328.526
331.861
331.893
332.624
332.711
331.556
330.088
328.016
305.459
317.717
328.469
330.285
330.557
331.225
331.534
331.078
329.917
327.606
307.047
326.036
333.259
334.741
334.686
334.669
334.468
333.762
332.261
329.772
308.174
329.296
334.392
335.995
335.969
335.714
335.272
334.502
333.205
330.917
308.715
330.455
333.681
335.104
335.406
335.432
335.243
334.835
334.236
331.688
308.947
331.333
333.299
334.63
335.17
335.411
335.436
335.34
335.105
332.603
308.932
331.165
333.492
334.899
335.408
335.515
335.425
335.151
334.717
332.294
308.694
330.475
334.232
335.855
336.014
335.895
335.446
334.704
333.674
331.191
308.145
329.134
334.601
335.992
335.87
335.581
335.074
334.215
332.638
330.086
307.014
325.506
332.562
334.025
334.062
334.151
333.965
333.267
331.674
328.701
305.427
317.327
327.097
329.572
330.046
330.802
330.913
330.356
329.193
326.763
)
;
        refGradient     uniform 0;
        valueFraction   nonuniform List<scalar> 
500
(
0.000301416
0.000301416
0.000301416
0.000301416
0.000301416
0.000301416
0.000301416
0.000301416
0.000301416
0.000301416
0.000301416
0.000301416
0.000301416
0.000301416
0.000301416
0.000301416
0.000301416
0.000301416
0.000301416
0.000301416
0.000301416
0.000301416
0.000301416
0.000301416
0.000301416
0.000301416
0.000301416
0.000301416
0.000301416
0.000301416
0.000301416
0.000301416
0.000301416
0.000301416
0.000301416
0.000301416
0.000301416
0.000301416
0.000301416
0.000301416
0.000301416
0.000301416
0.000301416
0.000301416
0.000301416
0.000301416
0.000301416
0.000301416
0.000301416
0.000301416
0.000301416
0.000301416
0.000301416
0.000301416
0.000301416
0.000301416
0.000301416
0.000301416
0.000301416
0.000301416
0.000301416
0.000301416
0.000301416
0.000301416
0.000301416
0.000301416
0.000301416
0.000301416
0.000301416
0.000301416
0.000301416
0.000301416
0.000301416
0.000301416
0.000301416
0.000301416
0.000301416
0.000301416
0.000301416
0.000301416
0.000301416
0.000301416
0.000301416
0.000301416
0.000301416
0.000301416
0.000301416
0.000301416
0.000301416
0.000301416
0.000301416
0.000301416
0.000301416
0.000301416
0.000301416
0.000301416
0.000301416
0.000301416
0.000301416
0.000301416
0.000302436
0.000302436
0.000302436
0.000302436
0.000302436
0.000302436
0.000302436
0.000302436
0.000302436
0.000302436
0.000302436
0.000302436
0.000302436
0.000302436
0.000302436
0.000302436
0.000302436
0.000302436
0.000302436
0.000302436
0.000302436
0.000302436
0.000302436
0.000302436
0.000302436
0.000302436
0.000302436
0.000302436
0.000302436
0.000302436
0.000302436
0.000302436
0.000302436
0.000302436
0.000302436
0.000302436
0.000302436
0.000302436
0.000302436
0.000302436
0.000302436
0.000302436
0.000302436
0.000302436
0.000302436
0.000302436
0.000302436
0.000302436
0.000302436
0.000302436
0.000302436
0.000302436
0.000302436
0.000302436
0.000302436
0.000302436
0.000302436
0.000302436
0.000302436
0.000302436
0.000302436
0.000302436
0.000302436
0.000302436
0.000302436
0.000302436
0.000302436
0.000302436
0.000302436
0.000302436
0.000302436
0.000302436
0.000302436
0.000302436
0.000302436
0.000302436
0.000302436
0.000302436
0.000302436
0.000302436
0.000302436
0.000302436
0.000302436
0.000302436
0.000302436
0.000302436
0.000302436
0.000302436
0.000302436
0.000302436
0.000302436
0.000302436
0.000302436
0.000302436
0.000302436
0.000302436
0.000302436
0.000302436
0.000302436
0.000302436
0.000300478
0.000300478
0.000300478
0.000300478
0.000300478
0.000300478
0.000300478
0.000300478
0.000300478
0.000300478
0.000300478
0.000300478
0.000300478
0.000300478
0.000300478
0.000300478
0.000300478
0.000300478
0.000300478
0.000300478
0.000300478
0.000300478
0.000300478
0.000300478
0.000300478
0.000300478
0.000300478
0.000300478
0.000300478
0.000300478
0.000300478
0.000300478
0.000300478
0.000300478
0.000300478
0.000300478
0.000300478
0.000300478
0.000300478
0.000300478
0.000300478
0.000300478
0.000300478
0.000300478
0.000300478
0.000300478
0.000300478
0.000300478
0.000300478
0.000300478
0.000300478
0.000300478
0.000300478
0.000300478
0.000300478
0.000300478
0.000300478
0.000300478
0.000300478
0.000300478
0.000300478
0.000300478
0.000300478
0.000300478
0.000300478
0.000300478
0.000300478
0.000300478
0.000300478
0.000300478
0.000300478
0.000300478
0.000300478
0.000300478
0.000300478
0.000300478
0.000300478
0.000300478
0.000300478
0.000300478
0.000300478
0.000300478
0.000300478
0.000300478
0.000300478
0.000300478
0.000300478
0.000300478
0.000300478
0.000300478
0.000300478
0.000300478
0.000300478
0.000300478
0.000300478
0.000300478
0.000300478
0.000300478
0.000300478
0.000300478
0.000302436
0.000302436
0.000302436
0.000302436
0.000302436
0.000302436
0.000302436
0.000302436
0.000302436
0.000302436
0.000302436
0.000302436
0.000302436
0.000302436
0.000302436
0.000302436
0.000302436
0.000302436
0.000302436
0.000302436
0.000302436
0.000302436
0.000302436
0.000302436
0.000302436
0.000302436
0.000302436
0.000302436
0.000302436
0.000302436
0.000302436
0.000302436
0.000302436
0.000302436
0.000302436
0.000302436
0.000302436
0.000302436
0.000302436
0.000302436
0.000302436
0.000302436
0.000302436
0.000302436
0.000302436
0.000302436
0.000302436
0.000302436
0.000302436
0.000302436
0.000302436
0.000302436
0.000302436
0.000302436
0.000302436
0.000302436
0.000302436
0.000302436
0.000302436
0.000302436
0.000302436
0.000302436
0.000302436
0.000302436
0.000302436
0.000302436
0.000302436
0.000302436
0.000302436
0.000302436
0.000302436
0.000302436
0.000302436
0.000302436
0.000302436
0.000302436
0.000302436
0.000302436
0.000302436
0.000302436
0.000302436
0.000302436
0.000302436
0.000302436
0.000302436
0.000302436
0.000302436
0.000302436
0.000302436
0.000302436
0.000302436
0.000302436
0.000302436
0.000302436
0.000302436
0.000302436
0.000302436
0.000302436
0.000302436
0.000302436
0.000301115
0.000301115
0.000301115
0.000301115
0.000301115
0.000301115
0.000301115
0.000301115
0.000301115
0.000301115
0.000301115
0.000301115
0.000301115
0.000301115
0.000301115
0.000301115
0.000301115
0.000301115
0.000301115
0.000301115
0.000301115
0.000301115
0.000301115
0.000301115
0.000301115
0.000301115
0.000301115
0.000301115
0.000301115
0.000301115
0.000301115
0.000301115
0.000301115
0.000301115
0.000301115
0.000301115
0.000301115
0.000301115
0.000301115
0.000301115
0.000301115
0.000301115
0.000301115
0.000301115
0.000301115
0.000301115
0.000301115
0.000301115
0.000301115
0.000301115
0.000301115
0.000301115
0.000301115
0.000301115
0.000301115
0.000301115
0.000301115
0.000301115
0.000301115
0.000301115
0.000301115
0.000301115
0.000301115
0.000301115
0.000301115
0.000301115
0.000301115
0.000301115
0.000301115
0.000301115
0.000301115
0.000301115
0.000301115
0.000301115
0.000301115
0.000301115
0.000301115
0.000301115
0.000301115
0.000301115
0.000301115
0.000301115
0.000301115
0.000301115
0.000301115
0.000301115
0.000301115
0.000301115
0.000301115
0.000301115
0.000301115
0.000301115
0.000301115
0.000301115
0.000301115
0.000301115
0.000301115
0.000301115
0.000301115
0.000301115
)
;
        source          uniform 0;
        Tnbr            T;
        kappaMethod     solidThermo;
        value           nonuniform List<scalar> 
500
(
352.076
352.083
352.087
352.089
352.09
352.089
352.089
352.087
352.083
352.076
350.282
350.295
350.303
350.307
350.309
350.309
350.307
350.303
350.295
350.282
348.568
348.582
348.591
348.597
348.599
348.599
348.597
348.592
348.583
348.568
346.97
346.985
346.994
347
347.002
347.002
347
346.995
346.985
346.97
345.523
345.537
345.547
345.553
345.555
345.556
345.553
345.548
345.538
345.523
344.26
344.275
344.284
344.29
344.292
344.292
344.29
344.285
344.275
344.26
343.21
343.225
343.234
343.24
343.242
343.242
343.24
343.234
343.224
343.21
342.396
342.411
342.421
342.426
342.428
342.428
342.425
342.42
342.41
342.395
341.837
341.851
341.861
341.867
341.87
341.869
341.867
341.861
341.85
341.835
341.543
341.559
341.569
341.576
341.578
341.578
341.576
341.569
341.558
341.543
352.076
352.09
352.096
352.099
352.1
352.101
352.1
352.099
352.097
352.093
350.283
350.309
350.322
350.33
350.334
350.336
350.335
350.333
350.328
350.32
348.569
348.599
348.618
348.628
348.634
348.638
348.638
348.635
348.628
348.617
346.971
347.003
347.024
347.036
347.044
347.048
347.049
347.046
347.039
347.026
345.524
345.557
345.578
345.592
345.6
345.605
345.607
345.604
345.598
345.585
344.261
344.293
344.315
344.33
344.339
344.345
344.347
344.346
344.34
344.329
343.211
343.243
343.265
343.28
343.291
343.298
343.301
343.3
343.295
343.285
342.396
342.428
342.452
342.469
342.48
342.488
342.492
342.492
342.488
342.479
341.836
341.869
341.896
341.915
341.927
341.935
341.94
341.94
341.936
341.928
341.544
341.578
341.609
341.63
341.643
341.652
341.657
341.657
341.653
341.645
352.095
352.098
352.099
352.099
352.099
352.099
352.099
352.099
352.098
352.094
350.321
350.326
350.328
350.329
350.329
350.329
350.329
350.328
350.325
350.319
348.617
348.623
348.626
348.627
348.628
348.628
348.628
348.625
348.622
348.615
347.026
347.033
347.036
347.039
347.04
347.041
347.039
347.036
347.032
347.025
345.586
345.592
345.596
345.6
345.601
345.602
345.6
345.596
345.591
345.584
344.329
344.336
344.34
344.344
344.346
344.346
344.344
344.34
344.335
344.327
343.285
343.292
343.297
343.301
343.303
343.303
343.301
343.297
343.292
343.284
342.479
342.486
342.491
342.495
342.497
342.497
342.494
342.49
342.485
342.478
341.929
341.936
341.941
341.944
341.946
341.946
341.943
341.939
341.935
341.928
341.647
341.654
341.659
341.662
341.664
341.664
341.661
341.657
341.652
341.645
352.076
352.09
352.096
352.099
352.1
352.101
352.1
352.099
352.097
352.094
350.283
350.309
350.322
350.33
350.334
350.336
350.335
350.333
350.328
350.321
348.569
348.6
348.618
348.629
348.635
348.638
348.638
348.635
348.629
348.619
346.971
347.003
347.024
347.037
347.044
347.048
347.049
347.046
347.04
347.028
345.524
345.556
345.578
345.592
345.6
345.606
345.607
345.605
345.599
345.587
344.261
344.293
344.315
344.33
344.339
344.346
344.348
344.346
344.34
344.33
343.211
343.243
343.265
343.281
343.292
343.299
343.302
343.3
343.296
343.287
342.397
342.429
342.453
342.47
342.481
342.489
342.493
342.492
342.488
342.48
341.837
341.87
341.896
341.915
341.928
341.936
341.94
341.94
341.936
341.929
341.544
341.578
341.609
341.63
341.644
341.653
341.658
341.657
341.653
341.646
341.544
341.578
341.609
341.629
341.643
341.653
341.657
341.657
341.653
341.646
341.56
341.593
341.618
341.638
341.651
341.659
341.664
341.663
341.66
341.654
341.57
341.602
341.625
341.644
341.656
341.664
341.668
341.668
341.665
341.659
341.577
341.608
341.63
341.647
341.658
341.666
341.67
341.671
341.669
341.663
341.579
341.61
341.631
341.648
341.659
341.667
341.671
341.672
341.67
341.665
341.579
341.611
341.632
341.648
341.659
341.667
341.671
341.672
341.67
341.664
341.577
341.609
341.631
341.647
341.658
341.666
341.67
341.67
341.668
341.661
341.57
341.603
341.627
341.644
341.655
341.663
341.667
341.667
341.664
341.657
341.559
341.593
341.619
341.638
341.65
341.658
341.663
341.663
341.66
341.652
341.544
341.578
341.609
341.63
341.643
341.652
341.657
341.657
341.653
341.645
)
;
    }
}


// ************************************************************************* //
