/*--------------------------------*- C++ -*----------------------------------*\
| =========                 |                                                 |
| \\      /  F ield         | OpenFOAM: The Open Source CFD Toolbox           |
|  \\    /   O peration     | Version:  2412                                  |
|   \\  /    A nd           | Website:  www.openfoam.com                      |
|    \\/     M anipulation  |                                                 |
\*---------------------------------------------------------------------------*/
FoamFile
{
    version     2.0;
    format      ascii;
    arch        "LSB;label=32;scalar=64";
    class       volScalarField;
    location    "3.7/solid";
    object      wallHeatFlux;
}
// * * * * * * * * * * * * * * * * * * * * * * * * * * * * * * * * * * * * * //

dimensions      [1 0 -3 0 0 0 0];

internalField   uniform 0;

boundaryField
{
    bodyBottom
    {
        type            calculated;
        value           nonuniform List<scalar> 
100
(
187575
186345
185730
185525
185320
185320
185525
185730
186345
187575
185730
184910
184500
184295
184295
184295
184295
184500
184910
185730
184705
184090
183885
183680
183680
183680
183680
183885
184090
184705
184090
183680
183475
183270
183270
183270
183270
183475
183680
184090
183680
183270
183270
183065
183065
183065
183065
183270
183270
183885
183680
183270
183065
182860
182860
182860
182860
183065
183270
183680
183680
183270
183065
182860
182860
182860
182860
183065
183270
183680
183885
183270
183065
183065
183065
183065
183065
183065
183270
183885
184295
183680
183475
183270
183270
183270
183270
183475
183680
184295
184910
184295
184090
183885
183885
183885
183885
184090
184295
184910
)
;
    }
    solid_to_fluid
    {
        type            calculated;
        value           nonuniform List<scalar> 
500
(
-1845
-1640
-1435
-1230
-1230
-1435
-1230
-1435
-1640
-1845
-2460
-2050
-1845
-1845
-1640
-1640
-1845
-1845
-2050
-2460
-2665
-2460
-2255
-2050
-2050
-2050
-2050
-2255
-2255
-2665
-2665
-2460
-2255
-2255
-2255
-2255
-2255
-2255
-2460
-2665
-2665
-2460
-2255
-2255
-2255
-2050
-2255
-2255
-2460
-2665
-2665
-2255
-2255
-2255
-2255
-2255
-2255
-2255
-2460
-2665
-2665
-2255
-2255
-2050
-2255
-2255
-2050
-2255
-2460
-2460
-2665
-2255
-2050
-2255
-2255
-2050
-2255
-2255
-2255
-2460
-2460
-2460
-2460
-2460
-2255
-2255
-2255
-2255
-2460
-2665
-2665
-2665
-2665
-2460
-2460
-2460
-2460
-2665
-2665
-2665
-1845
-820
-615
-615
-615
-615
-820
-820
-820
-1025
-2255
-820
-615
-615
-615
-410
-615
-615
-820
-1025
-2460
-1230
-615
-615
-615
-410
-615
-615
-820
-1230
-2460
-1230
-615
-615
-615
-615
-615
-615
-820
-1230
-2460
-1025
-615
-615
-615
-615
-615
-820
-820
-1230
-2460
-1230
-820
-615
-615
-615
-820
-820
-820
-1025
-2255
-1025
-820
-820
-615
-615
-820
-820
-820
-1230
-2255
-1230
-820
-615
-820
-820
-820
-820
-820
-1025
-2460
-1435
-820
-820
-820
-820
-820
-820
-820
-1025
-2460
-1640
-1025
-1025
-1025
-820
-820
-820
-1025
-1025
-615
-615
-615
-820
-820
-820
-820
-615
-615
-820
-1025
-1025
-1025
-1025
-1230
-1230
-1025
-1025
-1025
-1230
-1435
-1435
-1435
-1640
-1640
-1640
-1435
-1640
-1435
-1640
-1640
-1435
-1640
-1435
-1640
-1435
-1435
-1435
-1435
-1435
-1435
-1435
-1435
-1435
-1435
-1230
-1230
-1435
-1435
-1435
-1435
-1230
-1435
-1230
-1025
-1025
-1025
-1230
-1230
-1435
-1435
-1435
-1230
-1025
-1025
-1025
-1025
-1025
-1230
-1435
-1230
-1230
-1230
-1025
-820
-820
-1025
-1025
-1230
-1230
-1025
-1025
-1025
-1025
-820
-820
-1025
-1025
-1025
-1025
-1025
-1025
-1025
-1025
-1025
-820
-1025
-1025
-1025
-1025
-1845
-820
-615
-615
-820
-615
-820
-820
-820
-820
-2255
-820
-615
-615
-615
-615
-820
-820
-1025
-1025
-2460
-1025
-615
-615
-615
-615
-615
-820
-820
-1025
-2460
-1025
-615
-615
-615
-615
-615
-820
-820
-1230
-2460
-1025
-615
-615
-820
-615
-820
-615
-820
-1230
-2460
-1025
-615
-615
-820
-615
-615
-820
-1025
-1230
-2460
-1025
-820
-615
-615
-615
-615
-820
-820
-1025
-2460
-1230
-615
-615
-820
-615
-615
-820
-820
-1025
-2460
-1435
-820
-615
-615
-820
-820
-820
-820
-1025
-2460
-1640
-1025
-820
-820
-820
-820
-820
-1025
-1230
-2460
-1640
-1025
-1025
-1025
-820
-1025
-820
-1025
-1230
-2460
-1230
-820
-615
-615
-615
-615
-820
-820
-1025
-2460
-1025
-820
-410
-615
-615
-615
-615
-820
-1025
-2255
-1025
-615
-615
-615
-615
-615
-615
-615
-820
-2255
-1025
-820
-615
-615
-615
-615
-615
-820
-820
-2255
-820
-615
-615
-615
-615
-615
-615
-615
-820
-2255
-820
-615
-615
-615
-615
-615
-820
-615
-1025
-2460
-1025
-615
-615
-615
-615
-615
-615
-820
-1025
-2460
-1230
-820
-615
-820
-820
-615
-820
-820
-1025
-2460
-1640
-1025
-1025
-1025
-820
-820
-820
-1025
-1025
)
;
    }
}


// ************************************************************************* //
