/*--------------------------------*- C++ -*----------------------------------*\
| =========                 |                                                 |
| \\      /  F ield         | OpenFOAM: The Open Source CFD Toolbox           |
|  \\    /   O peration     | Version:  2412                                  |
|   \\  /    A nd           | Website:  www.openfoam.com                      |
|    \\/     M anipulation  |                                                 |
\*---------------------------------------------------------------------------*/
FoamFile
{
    version     2.0;
    format      ascii;
    arch        "LSB;label=32;scalar=64";
    class       volScalarField;
    location    "2.2/fluid";
    object      wallHeatFlux;
}
// * * * * * * * * * * * * * * * * * * * * * * * * * * * * * * * * * * * * * //

dimensions      [1 0 -3 0 0 0 0];

internalField   uniform 0;

boundaryField
{
    inlet
    {
        type            calculated;
        value           uniform 0;
    }
    outlet
    {
        type            calculated;
        value           uniform 0;
    }
    walls
    {
        type            calculated;
        value           uniform 0;
    }
    fluid_to_solid
    {
        type            calculated;
        value           nonuniform List<scalar> 
500
(
1825.03
1558.45
1443.24
1375.8
1342.37
1342.37
1375.8
1443.24
1558.45
1824.97
2262.33
1999.21
1782.57
1666.61
1615.99
1615.99
1666.55
1782.51
1999.15
2262.27
2338.54
2145.08
1981.96
1895.37
1857.6
1857.54
1895.31
1981.96
2145.08
2338.48
2222.71
2056.63
1920.28
1851.11
1821.82
1821.82
1851.11
1920.34
2056.75
2222.71
2076.28
1921.33
1796.29
1734.42
1708.27
1708.27
1734.48
1796.29
1921.45
2076.28
1935.98
1786.59
1665.93
1607.22
1582.31
1582.31
1607.22
1666
1786.59
1935.98
1820.02
1676.87
1559.81
1503.81
1480.01
1480.01
1503.75
1559.87
1676.81
1819.96
1752.59
1622.92
1515.43
1464.99
1444.1
1444.04
1464.87
1515.31
1622.73
1752.41
1748.82
1642.63
1553.01
1511.35
1494.29
1494.23
1511.29
1552.89
1642.57
1748.7
1791.28
1714.76
1648.69
1618.96
1607.34
1607.34
1618.96
1648.63
1714.7
1791.22
1761.19
907.51
732.123
555.992
637.359
665.64
734.046
812.871
895.913
969.714
2088.89
809.149
539.123
412.234
448.328
482.19
556.178
648.585
746.387
890.207
2146.07
862.113
487.4
378.806
403.738
424.7
488.206
569.388
674.012
952.535
2042.63
804.374
461.6
380.047
394.249
394.621
447.15
509.788
619.126
959.419
1910.65
743.534
457.011
388.357
405.288
396.295
438.158
480.454
583.59
903.727
1784.14
691.129
444.607
385.876
403.675
394.187
429.413
460.112
546.441
826.204
1678.02
665.33
428.979
383.148
398.342
390.528
423.769
453.166
514.068
746.201
1612.84
676.245
404.11
363.86
374.403
380.853
409.071
443.987
495.276
672.524
1600.13
776.466
408.761
369.131
367.333
388.853
409.691
444.483
512.393
625.824
1638.52
1103.12
578.442
443.739
456.391
428.049
444.049
499.245
557.79
655.221
714.319
686.407
708.466
725.534
730.216
730.894
726.581
709.883
688.132
716.106
1042.18
983.83
1008.54
1041.01
1054.69
1056.17
1042.67
1010.76
986.849
1045.51
1296.59
1240.4
1255.19
1263.81
1241.45
1242.68
1265.05
1257.04
1243.23
1299.86
1277.06
1206.7
1185.13
1138.73
1060.73
1061.71
1140.03
1186.73
1209.16
1279.96
1151.3
1066.4
1021.91
944.518
837.86
838.723
946.12
1023.7
1068.86
1153.95
1018.21
924.74
862.815
764.598
642.968
643.83
766.693
865.156
927.451
1020.8
887.831
791.463
720.296
614.008
493.116
494.225
616.596
723.315
794.482
890.481
764.537
673.591
605.32
505.255
405.313
406.73
507.904
608.832
676.918
767.31
655.969
584.617
536.248
456.146
365.077
367.111
458.919
539.698
587.821
658.433
604.765
570.568
558.245
505.933
425.523
427.865
508.89
561.511
573.279
606.552
1761.25
907.572
732.247
556.054
637.484
665.578
733.922
812.623
895.541
969.094
2088.95
809.212
539.185
412.234
448.328
482.066
555.806
648.089
745.643
888.657
2146.13
862.175
487.4
378.744
403.613
424.514
487.71
568.706
672.958
950.055
2042.63
804.436
461.6
379.985
394.063
394.311
446.778
509.168
617.886
956.939
1910.71
743.596
456.949
388.357
405.164
396.109
437.847
479.896
582.474
901.618
1784.2
691.253
444.607
385.876
403.675
394.063
429.165
459.678
545.511
824.344
1678.08
665.454
429.041
383.272
398.466
390.528
423.583
452.794
513.323
744.651
1613.03
676.369
404.234
363.86
374.465
380.853
408.885
443.801
494.78
671.221
1600.31
776.714
408.823
369.131
367.333
388.853
409.567
443.863
511.649
624.894
1638.58
1103.3
578.876
443.925
456.453
428.173
443.863
499.059
557.418
654.476
1630
1090.27
641.8
540.041
525.962
495.953
488.605
511.575
559.306
663.72
1558.37
715.526
403.271
340.35
342.265
341.277
349.612
379.251
445.382
569.865
1507.06
556.527
328.248
262.672
267.242
279.9
301.017
335.843
399.751
501.263
1481.99
496.694
351.65
282.123
271.194
270.391
284.099
310.65
346.155
444.827
1470.82
447.79
378.201
315.96
291.385
279.9
280.085
286.136
296.201
377.522
1470.82
447.852
378.387
316.145
291.508
279.962
280.332
286.445
296.88
379.004
1481.99
497.003
351.897
282.246
271.194
270.329
284.099
310.835
346.649
446.432
1507
556.712
328.433
262.796
267.365
279.9
301.017
335.966
400.06
502.56
1558.31
715.65
403.579
340.659
342.45
341.277
349.674
379.436
445.691
570.667
1629.94
1090.33
642.417
540.349
526.086
496.015
488.605
511.699
559.615
664.214
)
;
    }
}


// ************************************************************************* //
