/*--------------------------------*- C++ -*----------------------------------*\
| =========                 |                                                 |
| \\      /  F ield         | OpenFOAM: The Open Source CFD Toolbox           |
|  \\    /   O peration     | Version:  2412                                  |
|   \\  /    A nd           | Website:  www.openfoam.com                      |
|    \\/     M anipulation  |                                                 |
\*---------------------------------------------------------------------------*/
FoamFile
{
    version     2.0;
    format      ascii;
    arch        "LSB;label=32;scalar=64";
    class       volScalarField;
    location    "1.5/solid";
    object      T;
}
// * * * * * * * * * * * * * * * * * * * * * * * * * * * * * * * * * * * * * //

dimensions      [0 0 0 1 0 0 0];

internalField   nonuniform List<scalar> 
1000
(
350.216
350.225
350.229
350.232
350.232
350.233
350.233
350.232
350.23
350.227
350.222
350.228
350.232
350.233
350.234
350.235
350.235
350.234
350.233
350.23
350.224
350.23
350.232
350.234
350.235
350.235
350.235
350.235
350.234
350.231
350.225
350.231
350.233
350.234
350.235
350.235
350.236
350.235
350.234
350.231
350.226
350.231
350.233
350.234
350.235
350.235
350.236
350.235
350.234
350.232
350.226
350.231
350.233
350.234
350.235
350.235
350.236
350.235
350.234
350.232
350.225
350.23
350.233
350.234
350.235
350.235
350.236
350.235
350.234
350.231
350.224
350.23
350.233
350.234
350.235
350.235
350.235
350.235
350.233
350.231
350.222
350.228
350.231
350.233
350.234
350.235
350.235
350.234
350.233
350.23
350.216
350.225
350.229
350.231
350.232
350.233
350.232
350.232
350.23
350.227
344.736
344.753
344.763
344.769
344.771
344.772
344.772
344.77
344.766
344.759
344.746
344.758
344.766
344.771
344.773
344.774
344.775
344.773
344.77
344.764
344.751
344.762
344.768
344.772
344.774
344.775
344.775
344.774
344.772
344.766
344.754
344.764
344.77
344.773
344.775
344.776
344.776
344.776
344.773
344.768
344.755
344.764
344.77
344.773
344.775
344.776
344.777
344.776
344.773
344.768
344.754
344.764
344.77
344.773
344.775
344.776
344.776
344.776
344.773
344.768
344.753
344.763
344.769
344.773
344.775
344.776
344.776
344.775
344.773
344.768
344.751
344.761
344.768
344.772
344.774
344.775
344.775
344.774
344.771
344.766
344.746
344.758
344.766
344.771
344.773
344.774
344.775
344.773
344.77
344.764
344.736
344.752
344.762
344.768
344.77
344.772
344.772
344.77
344.766
344.759
339.475
339.494
339.507
339.514
339.518
339.519
339.52
339.518
339.513
339.504
339.485
339.5
339.51
339.517
339.52
339.521
339.522
339.52
339.516
339.509
339.491
339.503
339.511
339.517
339.52
339.522
339.523
339.521
339.518
339.512
339.495
339.506
339.514
339.518
339.521
339.522
339.524
339.523
339.52
339.514
339.496
339.507
339.514
339.519
339.521
339.523
339.524
339.523
339.52
339.514
339.495
339.506
339.513
339.518
339.52
339.523
339.524
339.523
339.52
339.514
339.495
339.506
339.513
339.518
339.521
339.522
339.523
339.523
339.52
339.514
339.492
339.504
339.512
339.517
339.52
339.522
339.523
339.521
339.518
339.511
339.486
339.5
339.509
339.515
339.519
339.521
339.522
339.52
339.516
339.509
339.475
339.494
339.506
339.512
339.516
339.519
339.519
339.517
339.513
339.504
334.559
334.577
334.59
334.598
334.602
334.604
334.605
334.603
334.598
334.59
334.568
334.582
334.593
334.6
334.604
334.606
334.607
334.606
334.601
334.594
334.573
334.585
334.594
334.601
334.604
334.606
334.608
334.606
334.603
334.597
334.577
334.589
334.596
334.602
334.604
334.607
334.608
334.608
334.606
334.6
334.578
334.589
334.597
334.602
334.604
334.607
334.609
334.608
334.606
334.601
334.578
334.589
334.597
334.602
334.604
334.607
334.609
334.608
334.606
334.601
334.578
334.589
334.597
334.602
334.605
334.607
334.608
334.608
334.606
334.6
334.575
334.588
334.596
334.602
334.604
334.606
334.607
334.606
334.603
334.597
334.569
334.584
334.594
334.6
334.603
334.606
334.607
334.605
334.601
334.594
334.559
334.578
334.59
334.597
334.601
334.604
334.605
334.603
334.598
334.59
330.104
330.121
330.133
330.141
330.145
330.148
330.149
330.148
330.144
330.137
330.112
330.125
330.136
330.143
330.147
330.149
330.151
330.15
330.146
330.141
330.117
330.128
330.136
330.143
330.147
330.149
330.151
330.15
330.148
330.144
330.12
330.131
330.138
330.144
330.147
330.149
330.151
330.152
330.15
330.146
330.121
330.131
330.139
330.144
330.147
330.149
330.151
330.152
330.15
330.147
330.121
330.132
330.139
330.144
330.147
330.149
330.152
330.152
330.15
330.146
330.121
330.132
330.14
330.145
330.148
330.149
330.152
330.152
330.15
330.146
330.119
330.131
330.139
330.145
330.147
330.149
330.15
330.15
330.148
330.143
330.114
330.127
330.137
330.143
330.146
330.149
330.15
330.149
330.146
330.14
330.105
330.122
330.134
330.141
330.144
330.147
330.149
330.148
330.144
330.137
326.22
326.235
326.245
326.252
326.257
326.261
326.263
326.261
326.258
326.253
326.228
326.239
326.248
326.254
326.259
326.262
326.264
326.263
326.261
326.258
326.232
326.242
326.249
326.255
326.26
326.263
326.264
326.264
326.264
326.261
326.234
326.243
326.249
326.256
326.26
326.262
326.264
326.265
326.265
326.263
326.233
326.242
326.249
326.256
326.259
326.261
326.263
326.264
326.265
326.262
326.234
326.243
326.251
326.256
326.258
326.261
326.264
326.265
326.264
326.262
326.235
326.245
326.252
326.257
326.259
326.262
326.265
326.266
326.264
326.26
326.233
326.244
326.251
326.257
326.259
326.261
326.264
326.263
326.262
326.259
326.228
326.241
326.25
326.255
326.258
326.26
326.263
326.263
326.262
326.257
326.22
326.236
326.247
326.253
326.256
326.259
326.262
326.262
326.26
326.254
322.998
323.012
323.021
323.028
323.033
323.036
323.039
323.037
323.036
323.033
323.005
323.016
323.023
323.029
323.034
323.038
323.04
323.039
323.039
323.037
323.009
323.018
323.023
323.03
323.035
323.038
323.04
323.04
323.041
323.04
323.01
323.018
323.024
323.031
323.035
323.038
323.04
323.041
323.042
323.041
323.009
323.017
323.023
323.03
323.033
323.036
323.039
323.04
323.041
323.04
323.009
323.017
323.024
323.029
323.032
323.036
323.04
323.041
323.041
323.039
323.01
323.019
323.025
323.03
323.033
323.037
323.041
323.042
323.04
323.038
323.008
323.018
323.025
323.03
323.033
323.036
323.039
323.039
323.039
323.037
323.004
323.015
323.023
323.029
323.032
323.035
323.039
323.04
323.04
323.037
322.997
323.011
323.021
323.027
323.03
323.035
323.038
323.04
323.038
323.034
320.512
320.524
320.533
320.54
320.545
320.549
320.552
320.551
320.55
320.548
320.518
320.528
320.535
320.541
320.547
320.55
320.553
320.552
320.553
320.552
320.522
320.53
320.535
320.543
320.547
320.551
320.553
320.552
320.555
320.555
320.522
320.53
320.536
320.543
320.547
320.55
320.553
320.554
320.556
320.556
320.52
320.528
320.535
320.542
320.545
320.548
320.551
320.553
320.555
320.554
320.519
320.527
320.534
320.541
320.544
320.548
320.552
320.554
320.555
320.554
320.52
320.528
320.536
320.542
320.545
320.549
320.553
320.555
320.554
320.553
320.518
320.527
320.535
320.542
320.545
320.548
320.552
320.552
320.553
320.552
320.515
320.525
320.533
320.54
320.544
320.547
320.552
320.553
320.554
320.552
320.508
320.521
320.531
320.538
320.542
320.547
320.552
320.553
320.553
320.55
318.819
318.831
318.839
318.847
318.852
318.857
318.86
318.859
318.859
318.858
318.825
318.835
318.841
318.849
318.854
318.858
318.862
318.861
318.861
318.861
318.828
318.836
318.842
318.851
318.855
318.859
318.862
318.861
318.863
318.864
318.829
318.836
318.844
318.851
318.855
318.858
318.861
318.861
318.865
318.865
318.827
318.835
318.843
318.85
318.853
318.856
318.859
318.861
318.863
318.863
318.826
318.835
318.844
318.85
318.853
318.856
318.86
318.862
318.863
318.863
318.827
318.836
318.845
318.852
318.854
318.858
318.861
318.862
318.863
318.862
318.825
318.836
318.845
318.851
318.854
318.856
318.859
318.86
318.862
318.861
318.822
318.833
318.842
318.85
318.853
318.856
318.86
318.863
318.863
318.862
318.815
318.828
318.839
318.848
318.852
318.855
318.86
318.862
318.862
318.86
317.957
317.97
317.98
317.988
317.994
317.999
318.003
318.002
318.002
318.001
317.964
317.975
317.983
317.991
317.997
318.001
318.005
318.004
318.004
318.004
317.967
317.977
317.985
317.994
317.998
318.002
318.005
318.004
318.006
318.007
317.968
317.978
317.986
317.994
317.998
318.001
318.004
318.005
318.008
318.008
317.966
317.977
317.985
317.993
317.996
317.999
318.002
318.004
318.007
318.007
317.966
317.978
317.987
317.993
317.996
318
318.003
318.005
318.006
318.006
317.968
317.98
317.989
317.995
317.998
318.001
318.004
318.005
318.006
318.005
317.966
317.979
317.989
317.995
317.998
317.999
318.002
318.004
318.006
318.004
317.962
317.976
317.986
317.994
317.997
317.999
318.003
318.006
318.007
318.005
317.955
317.97
317.983
317.991
317.994
317.998
318.003
318.005
318.005
318.003
)
;

boundaryField
{
    bodyBottom
    {
        type            fixedValue;
        value           uniform 353;
    }
    solid_to_fluid
    {
        type            compressible::turbulentTemperatureCoupledBaffleMixed;
        refValue        nonuniform List<scalar> 
500
(
320.456
324.571
326.344
327.39
327.908
327.907
327.39
326.343
324.571
320.455
309.429
313.363
316.6
318.334
319.089
319.088
318.334
316.6
313.363
309.428
304.484
307.283
309.638
310.888
311.43
311.43
310.888
309.638
307.283
304.484
302.736
305.063
306.97
307.936
308.343
308.343
307.936
306.97
305.063
302.736
301.757
303.856
305.55
306.386
306.738
306.738
306.386
305.55
303.856
301.757
301.006
302.942
304.504
305.263
305.582
305.582
305.263
304.504
302.942
301.006
300.415
302.209
303.675
304.379
304.674
304.674
304.379
303.675
302.208
300.415
299.681
301.261
302.573
303.191
303.446
303.445
303.191
302.572
301.26
299.68
298.68
299.948
301.023
301.526
301.731
301.73
301.525
301.022
299.947
298.679
297.658
298.564
299.349
299.705
299.845
299.845
299.705
299.349
298.563
297.657
321.684
335.414
338.25
341.14
339.809
339.383
338.274
336.973
335.583
334.227
312.255
332.131
336.504
338.581
338.017
337.492
336.317
334.79
333.104
330.429
307.453
326.653
332.452
334.193
333.846
333.536
332.572
331.278
329.502
324.784
305.4
323.184
328.224
329.507
329.346
329.349
328.604
327.647
325.839
320.62
304.102
320.144
324.103
325.13
324.931
325.067
324.511
323.904
322.291
317.673
303.061
317.423
320.635
321.446
321.227
321.346
320.906
320.506
319.259
315.485
302.259
314.982
317.83
318.385
318.194
318.289
317.884
317.538
316.753
313.835
301.423
312.732
315.824
316.258
316.107
316.013
315.679
315.285
314.708
312.646
300.472
310.114
314.197
314.587
314.549
314.27
314.05
313.674
312.943
311.723
299.46
305.602
311.47
312.958
312.777
313.058
312.834
312.233
311.636
310.596
338.022
338.644
338.449
338.389
338.468
338.469
338.391
338.453
338.649
338.028
327.302
328.39
328.328
328.202
328.259
328.262
328.206
328.335
328.4
327.311
319.188
320.241
320.405
320.721
321.395
321.397
320.724
320.41
320.249
319.197
315.916
317.129
317.814
318.88
320.224
320.225
318.883
317.818
317.136
315.924
314.208
315.576
316.588
318.046
319.698
319.698
318.049
316.594
315.583
314.215
313.021
314.458
315.691
317.35
319.059
319.06
317.354
315.697
314.466
313.028
312.223
313.648
314.962
316.625
318.051
318.053
316.629
314.969
313.656
312.23
311.785
313.089
314.317
315.787
316.833
316.835
315.79
314.323
313.098
311.792
311.662
312.688
313.639
314.756
315.699
315.702
314.759
313.644
312.696
311.668
311.437
312.042
312.521
313.296
314.235
314.238
313.299
312.525
312.046
311.442
321.684
335.415
338.251
341.14
339.81
339.384
338.273
336.972
335.582
334.225
312.255
332.132
336.505
338.582
338.017
337.492
336.316
334.788
333.101
330.424
307.453
326.653
332.453
334.194
333.846
333.535
332.57
331.276
329.499
324.777
305.4
323.184
328.224
329.508
329.346
329.349
328.603
327.646
325.835
320.612
304.102
320.144
324.103
325.131
324.931
325.067
324.51
323.903
322.288
317.666
303.061
317.423
320.635
321.446
321.227
321.346
320.906
320.504
319.255
315.48
302.259
314.983
317.831
318.386
318.195
318.29
317.883
317.536
316.75
313.831
301.424
312.733
315.826
316.26
316.108
316.014
315.679
315.284
314.705
312.642
300.473
310.116
314.197
314.587
314.549
314.27
314.049
313.671
312.94
311.721
299.46
305.603
311.47
312.957
312.777
313.059
312.833
312.231
311.634
310.594
299.422
305.485
310.409
311.66
311.823
312.154
312.225
311.992
311.524
310.449
300.258
309.751
313.187
313.887
313.873
313.895
313.822
313.535
312.869
311.549
300.862
311.619
314.128
314.843
314.787
314.661
314.449
314.099
313.459
312.425
301.159
312.349
313.909
314.727
314.863
314.894
314.749
314.491
314.142
313.279
301.295
313.055
313.625
314.37
314.675
314.839
314.859
314.819
314.757
314.149
301.295
313.055
313.626
314.37
314.675
314.839
314.859
314.819
314.756
314.15
301.159
312.35
313.91
314.727
314.862
314.892
314.748
314.49
314.14
313.278
300.862
311.619
314.129
314.842
314.786
314.659
314.447
314.099
313.458
312.424
300.258
309.752
313.189
313.889
313.872
313.894
313.822
313.536
312.871
311.55
299.421
305.486
310.411
311.661
311.823
312.153
312.225
311.994
311.525
310.451
)
;
        refGradient     uniform 0;
        valueFraction   nonuniform List<scalar> 
500
(
0.000301416
0.000301416
0.000301416
0.000301416
0.000301416
0.000301416
0.000301416
0.000301416
0.000301416
0.000301416
0.000301416
0.000301416
0.000301416
0.000301416
0.000301416
0.000301416
0.000301416
0.000301416
0.000301416
0.000301416
0.000301416
0.000301416
0.000301416
0.000301416
0.000301416
0.000301416
0.000301416
0.000301416
0.000301416
0.000301416
0.000301416
0.000301416
0.000301416
0.000301416
0.000301416
0.000301416
0.000301416
0.000301416
0.000301416
0.000301416
0.000301416
0.000301416
0.000301416
0.000301416
0.000301416
0.000301416
0.000301416
0.000301416
0.000301416
0.000301416
0.000301416
0.000301416
0.000301416
0.000301416
0.000301416
0.000301416
0.000301416
0.000301416
0.000301416
0.000301416
0.000301416
0.000301416
0.000301416
0.000301416
0.000301416
0.000301416
0.000301416
0.000301416
0.000301416
0.000301416
0.000301416
0.000301416
0.000301416
0.000301416
0.000301416
0.000301416
0.000301416
0.000301416
0.000301416
0.000301416
0.000301416
0.000301416
0.000301416
0.000301416
0.000301416
0.000301416
0.000301416
0.000301416
0.000301416
0.000301416
0.000301416
0.000301416
0.000301416
0.000301416
0.000301416
0.000301416
0.000301416
0.000301416
0.000301416
0.000301416
0.000302436
0.000302436
0.000302436
0.000302436
0.000302436
0.000302436
0.000302436
0.000302436
0.000302436
0.000302436
0.000302436
0.000302436
0.000302436
0.000302436
0.000302436
0.000302436
0.000302436
0.000302436
0.000302436
0.000302436
0.000302436
0.000302436
0.000302436
0.000302436
0.000302436
0.000302436
0.000302436
0.000302436
0.000302436
0.000302436
0.000302436
0.000302436
0.000302436
0.000302436
0.000302436
0.000302436
0.000302436
0.000302436
0.000302436
0.000302436
0.000302436
0.000302436
0.000302436
0.000302436
0.000302436
0.000302436
0.000302436
0.000302436
0.000302436
0.000302436
0.000302436
0.000302436
0.000302436
0.000302436
0.000302436
0.000302436
0.000302436
0.000302436
0.000302436
0.000302436
0.000302436
0.000302436
0.000302436
0.000302436
0.000302436
0.000302436
0.000302436
0.000302436
0.000302436
0.000302436
0.000302436
0.000302436
0.000302436
0.000302436
0.000302436
0.000302436
0.000302436
0.000302436
0.000302436
0.000302436
0.000302436
0.000302436
0.000302436
0.000302436
0.000302436
0.000302436
0.000302436
0.000302436
0.000302436
0.000302436
0.000302436
0.000302436
0.000302436
0.000302436
0.000302436
0.000302436
0.000302436
0.000302436
0.000302436
0.000302436
0.000300478
0.000300478
0.000300478
0.000300478
0.000300478
0.000300478
0.000300478
0.000300478
0.000300478
0.000300478
0.000300478
0.000300478
0.000300478
0.000300478
0.000300478
0.000300478
0.000300478
0.000300478
0.000300478
0.000300478
0.000300478
0.000300478
0.000300478
0.000300478
0.000300478
0.000300478
0.000300478
0.000300478
0.000300478
0.000300478
0.000300478
0.000300478
0.000300478
0.000300478
0.000300478
0.000300478
0.000300478
0.000300478
0.000300478
0.000300478
0.000300478
0.000300478
0.000300478
0.000300478
0.000300478
0.000300478
0.000300478
0.000300478
0.000300478
0.000300478
0.000300478
0.000300478
0.000300478
0.000300478
0.000300478
0.000300478
0.000300478
0.000300478
0.000300478
0.000300478
0.000300478
0.000300478
0.000300478
0.000300478
0.000300478
0.000300478
0.000300478
0.000300478
0.000300478
0.000300478
0.000300478
0.000300478
0.000300478
0.000300478
0.000300478
0.000300478
0.000300478
0.000300478
0.000300478
0.000300478
0.000300478
0.000300478
0.000300478
0.000300478
0.000300478
0.000300478
0.000300478
0.000300478
0.000300478
0.000300478
0.000300478
0.000300478
0.000300478
0.000300478
0.000300478
0.000300478
0.000300478
0.000300478
0.000300478
0.000300478
0.000302436
0.000302436
0.000302436
0.000302436
0.000302436
0.000302436
0.000302436
0.000302436
0.000302436
0.000302436
0.000302436
0.000302436
0.000302436
0.000302436
0.000302436
0.000302436
0.000302436
0.000302436
0.000302436
0.000302436
0.000302436
0.000302436
0.000302436
0.000302436
0.000302436
0.000302436
0.000302436
0.000302436
0.000302436
0.000302436
0.000302436
0.000302436
0.000302436
0.000302436
0.000302436
0.000302436
0.000302436
0.000302436
0.000302436
0.000302436
0.000302436
0.000302436
0.000302436
0.000302436
0.000302436
0.000302436
0.000302436
0.000302436
0.000302436
0.000302436
0.000302436
0.000302436
0.000302436
0.000302436
0.000302436
0.000302436
0.000302436
0.000302436
0.000302436
0.000302436
0.000302436
0.000302436
0.000302436
0.000302436
0.000302436
0.000302436
0.000302436
0.000302436
0.000302436
0.000302436
0.000302436
0.000302436
0.000302436
0.000302436
0.000302436
0.000302436
0.000302436
0.000302436
0.000302436
0.000302436
0.000302436
0.000302436
0.000302436
0.000302436
0.000302436
0.000302436
0.000302436
0.000302436
0.000302436
0.000302436
0.000302436
0.000302436
0.000302436
0.000302436
0.000302436
0.000302436
0.000302436
0.000302436
0.000302436
0.000302436
0.000301115
0.000301115
0.000301115
0.000301115
0.000301115
0.000301115
0.000301115
0.000301115
0.000301115
0.000301115
0.000301115
0.000301115
0.000301115
0.000301115
0.000301115
0.000301115
0.000301115
0.000301115
0.000301115
0.000301115
0.000301115
0.000301115
0.000301115
0.000301115
0.000301115
0.000301115
0.000301115
0.000301115
0.000301115
0.000301115
0.000301115
0.000301115
0.000301115
0.000301115
0.000301115
0.000301115
0.000301115
0.000301115
0.000301115
0.000301115
0.000301115
0.000301115
0.000301115
0.000301115
0.000301115
0.000301115
0.000301115
0.000301115
0.000301115
0.000301115
0.000301115
0.000301115
0.000301115
0.000301115
0.000301115
0.000301115
0.000301115
0.000301115
0.000301115
0.000301115
0.000301115
0.000301115
0.000301115
0.000301115
0.000301115
0.000301115
0.000301115
0.000301115
0.000301115
0.000301115
0.000301115
0.000301115
0.000301115
0.000301115
0.000301115
0.000301115
0.000301115
0.000301115
0.000301115
0.000301115
0.000301115
0.000301115
0.000301115
0.000301115
0.000301115
0.000301115
0.000301115
0.000301115
0.000301115
0.000301115
0.000301115
0.000301115
0.000301115
0.000301115
0.000301115
0.000301115
0.000301115
0.000301115
0.000301115
0.000301115
)
;
        source          uniform 0;
        Tnbr            T;
        kappaMethod     solidThermo;
        value           nonuniform List<scalar> 
500
(
350.207
350.214
350.217
350.218
350.219
350.219
350.218
350.217
350.214
350.206
344.725
344.735
344.742
344.745
344.746
344.746
344.744
344.741
344.735
344.724
339.463
339.474
339.481
339.485
339.486
339.485
339.484
339.481
339.475
339.463
334.547
334.557
334.563
334.567
334.568
334.568
334.568
334.565
334.559
334.548
330.093
330.101
330.107
330.11
330.111
330.111
330.112
330.109
330.103
330.094
326.209
326.218
326.222
326.225
326.224
326.225
326.225
326.223
326.218
326.209
322.988
322.996
323
323.001
323
323
323.001
322.999
322.995
322.987
320.502
320.509
320.513
320.513
320.512
320.51
320.511
320.51
320.505
320.498
318.809
318.816
318.819
318.82
318.818
318.817
318.818
318.816
318.812
318.805
317.947
317.954
317.958
317.959
317.957
317.957
317.958
317.957
317.953
317.945
350.207
350.22
350.225
350.228
350.229
350.229
350.229
350.227
350.225
350.222
344.725
344.748
344.759
344.765
344.767
344.769
344.768
344.766
344.762
344.754
339.464
339.489
339.502
339.509
339.513
339.515
339.516
339.513
339.508
339.498
334.549
334.572
334.586
334.594
334.597
334.6
334.601
334.599
334.594
334.584
330.094
330.116
330.13
330.137
330.14
330.143
330.145
330.144
330.139
330.131
326.21
326.23
326.242
326.249
326.252
326.255
326.258
326.258
326.255
326.248
322.987
323.005
323.016
323.022
323.025
323.03
323.034
323.035
323.033
323.028
320.499
320.515
320.526
320.533
320.537
320.542
320.547
320.548
320.548
320.544
318.805
318.822
318.834
318.843
318.847
318.85
318.855
318.857
318.857
318.854
317.946
317.962
317.977
317.985
317.989
317.993
317.997
318
317.999
317.997
350.223
350.226
350.227
350.228
350.228
350.228
350.228
350.227
350.226
350.223
344.753
344.758
344.76
344.762
344.762
344.762
344.762
344.76
344.758
344.753
339.497
339.501
339.504
339.507
339.507
339.507
339.507
339.504
339.501
339.496
334.582
334.587
334.59
334.593
334.594
334.594
334.593
334.59
334.587
334.583
330.129
330.134
330.137
330.14
330.141
330.141
330.139
330.136
330.134
330.13
326.246
326.251
326.255
326.257
326.257
326.257
326.255
326.253
326.251
326.247
323.026
323.031
323.034
323.036
323.035
323.035
323.033
323.031
323.031
323.027
320.542
320.546
320.549
320.551
320.55
320.549
320.548
320.546
320.546
320.544
318.852
318.856
318.858
318.86
318.859
318.858
318.857
318.856
318.856
318.854
317.995
317.999
318.001
318.003
318.002
318.001
318
317.999
317.999
317.997
350.207
350.22
350.225
350.229
350.229
350.229
350.229
350.227
350.225
350.222
344.726
344.748
344.76
344.766
344.768
344.769
344.769
344.766
344.762
344.754
339.464
339.489
339.503
339.511
339.514
339.516
339.516
339.514
339.508
339.498
334.548
334.572
334.586
334.595
334.598
334.601
334.602
334.599
334.594
334.584
330.093
330.115
330.129
330.137
330.141
330.144
330.145
330.143
330.139
330.13
326.21
326.229
326.241
326.248
326.253
326.256
326.258
326.256
326.253
326.247
322.989
323.006
323.016
323.023
323.028
323.032
323.034
323.033
323.031
323.027
320.503
320.519
320.528
320.535
320.54
320.544
320.547
320.546
320.545
320.542
318.809
318.825
318.834
318.842
318.847
318.852
318.855
318.854
318.853
318.852
317.948
317.963
317.974
317.983
317.989
317.994
317.997
317.997
317.996
317.995
317.948
317.963
317.974
317.983
317.989
317.993
317.997
317.997
317.996
317.995
317.955
317.969
317.978
317.986
317.992
317.996
318
317.999
317.999
317.999
317.958
317.971
317.98
317.989
317.994
317.997
318
317.999
318.001
318.001
317.959
317.972
317.981
317.99
317.993
317.997
317.999
318
318.003
318.003
317.958
317.972
317.98
317.988
317.991
317.995
317.998
318
318.002
318.002
317.958
317.973
317.982
317.988
317.992
317.995
317.999
318.001
318.002
318.001
317.959
317.974
317.984
317.991
317.993
317.996
318
318.001
318.001
318
317.957
317.973
317.984
317.991
317.993
317.995
317.997
317.999
318
317.999
317.953
317.969
317.981
317.989
317.992
317.994
317.998
318.001
318.001
317.999
317.946
317.962
317.976
317.985
317.989
317.993
317.997
318
317.999
317.997
)
;
    }
}


// ************************************************************************* //
