/*--------------------------------*- C++ -*----------------------------------*\
| =========                 |                                                 |
| \\      /  F ield         | OpenFOAM: The Open Source CFD Toolbox           |
|  \\    /   O peration     | Version:  2412                                  |
|   \\  /    A nd           | Website:  www.openfoam.com                      |
|    \\/     M anipulation  |                                                 |
\*---------------------------------------------------------------------------*/
FoamFile
{
    version     2.0;
    format      ascii;
    arch        "LSB;label=32;scalar=64";
    class       volScalarField;
    location    "1.5/solid";
    object      wallHeatFlux;
}
// * * * * * * * * * * * * * * * * * * * * * * * * * * * * * * * * * * * * * //

dimensions      [1 0 -3 0 0 0 0];

internalField   uniform 0;

boundaryField
{
    bodyBottom
    {
        type            calculated;
        value           nonuniform List<scalar> 
100
(
570720
569490
569080
568875
568670
568670
568875
569080
569490
570720
568875
568260
567850
567645
567645
567645
567850
567850
568260
568875
568055
567440
567440
567235
567235
567235
567235
567235
567645
568055
567440
567235
567030
567030
567030
567030
567030
567030
567235
567645
567440
567030
566825
566825
566825
566825
566825
566825
567030
567440
567235
566825
566825
566825
566825
566825
566825
566825
566825
567235
567235
566825
566825
566620
566620
566620
566620
566825
566825
567440
567440
567030
566825
566825
566825
566825
566825
566825
567030
567440
567850
567235
567030
567030
567030
567030
567030
567235
567235
567850
568465
567850
567645
567645
567440
567440
567645
567645
567850
568465
)
;
    }
    solid_to_fluid
    {
        type            calculated;
        value           nonuniform List<scalar> 
500
(
-1845
-1640
-1435
-1435
-1435
-1435
-1435
-1435
-1640
-2050
-2255
-2255
-1845
-1845
-1845
-1640
-1845
-2050
-2255
-2460
-2460
-2255
-2050
-2050
-2050
-2050
-2255
-2255
-2255
-2460
-2460
-2255
-2050
-2050
-2050
-2050
-2050
-2050
-2050
-2255
-2255
-2255
-2050
-2050
-2050
-2050
-1845
-2050
-2255
-2255
-2255
-2050
-2050
-1845
-1845
-1845
-2050
-2050
-2050
-2255
-2050
-1845
-1845
-1845
-1845
-1845
-1845
-1845
-1845
-2050
-2050
-1845
-1845
-1845
-1640
-1845
-1845
-1640
-2050
-2050
-2050
-1845
-1845
-1845
-1845
-1845
-1845
-1845
-2050
-2050
-2050
-2050
-1845
-1845
-1845
-1845
-2050
-1845
-1845
-2050
-1845
-1025
-820
-615
-615
-820
-615
-1025
-1025
-1025
-2255
-820
-615
-615
-615
-615
-820
-820
-820
-1025
-2255
-1025
-820
-615
-615
-820
-615
-820
-1025
-1230
-2050
-1230
-820
-615
-820
-820
-820
-820
-820
-1230
-2255
-1230
-820
-820
-820
-820
-820
-820
-1025
-1230
-2050
-1230
-1025
-820
-820
-820
-820
-820
-1025
-1230
-2050
-1230
-1025
-1025
-1025
-1025
-820
-1025
-1025
-1230
-1845
-1230
-1025
-1025
-1025
-1025
-1025
-1025
-1025
-1230
-2050
-1230
-1025
-1025
-1025
-1025
-1025
-1025
-1025
-1230
-1845
-1640
-1230
-1230
-1025
-1025
-1230
-1025
-1230
-1230
-820
-820
-820
-615
-820
-820
-615
-820
-820
-820
-1230
-1230
-1230
-1230
-1230
-1230
-1230
-1230
-1230
-1230
-1435
-1640
-1640
-1435
-1435
-1435
-1435
-1435
-1640
-1640
-1640
-1435
-1435
-1435
-1435
-1435
-1435
-1435
-1435
-1435
-1640
-1435
-1435
-1230
-1230
-1025
-1435
-1435
-1230
-1435
-1435
-1435
-1230
-1230
-1025
-1025
-1025
-1230
-1230
-1435
-1435
-1230
-1230
-1025
-1025
-820
-1025
-1230
-1230
-1435
-1230
-1230
-1230
-1025
-820
-1025
-1025
-1230
-1230
-1230
-1230
-1025
-1230
-1025
-820
-1025
-1025
-1025
-1230
-1230
-1230
-1025
-1230
-1025
-1025
-1025
-1025
-1025
-1230
-1230
-1845
-1025
-820
-615
-615
-820
-820
-1025
-1025
-1025
-2050
-1025
-615
-615
-615
-615
-615
-820
-820
-1025
-2255
-1025
-820
-615
-820
-615
-820
-820
-1025
-1230
-2255
-1025
-820
-615
-820
-615
-615
-820
-820
-1230
-2255
-1230
-820
-820
-820
-820
-820
-1025
-1025
-1435
-2050
-1230
-820
-820
-820
-1025
-1025
-1025
-1025
-1230
-1845
-1230
-1025
-1025
-1025
-820
-1025
-820
-1025
-1230
-1845
-1025
-1025
-1025
-1025
-1025
-1025
-1025
-1025
-1230
-2050
-1230
-1025
-1025
-1025
-1025
-1025
-1025
-1230
-1230
-1845
-1435
-1230
-1025
-1025
-1025
-1230
-1025
-1230
-1230
-1845
-1435
-1230
-1025
-1025
-1230
-1230
-1025
-1230
-1230
-1845
-1230
-1025
-1025
-1025
-1025
-1025
-1025
-1025
-1025
-1845
-1230
-1025
-1025
-820
-1025
-1025
-1025
-1025
-1230
-1845
-1230
-1025
-820
-1025
-820
-1025
-1025
-1025
-1025
-1640
-1025
-1025
-1025
-1025
-820
-820
-820
-1025
-1025
-1640
-1025
-1025
-1025
-820
-1025
-820
-820
-820
-1025
-1845
-1230
-1025
-820
-1025
-1025
-820
-820
-1025
-1025
-1845
-1230
-1025
-820
-1025
-820
-1025
-1025
-1230
-1025
-1845
-1435
-1025
-1025
-1025
-1025
-1025
-1025
-1230
-1230
-1845
-1640
-1435
-1230
-1025
-1025
-1230
-1025
-1230
-1230
)
;
    }
}


// ************************************************************************* //
