/*--------------------------------*- C++ -*----------------------------------*\
| =========                 |                                                 |
| \\      /  F ield         | OpenFOAM: The Open Source CFD Toolbox           |
|  \\    /   O peration     | Version:  2412                                  |
|   \\  /    A nd           | Website:  www.openfoam.com                      |
|    \\/     M anipulation  |                                                 |
\*---------------------------------------------------------------------------*/
FoamFile
{
    version     2.0;
    format      ascii;
    arch        "LSB;label=32;scalar=64";
    class       volScalarField;
    location    "4.5/solid";
    object      T;
}
// * * * * * * * * * * * * * * * * * * * * * * * * * * * * * * * * * * * * * //

dimensions      [0 0 0 1 0 0 0];

internalField   nonuniform List<scalar> 
1000
(
352.38
352.39
352.395
352.398
352.399
352.4
352.4
352.399
352.397
352.394
352.386
352.393
352.397
352.4
352.401
352.402
352.402
352.401
352.4
352.397
352.389
352.395
352.399
352.401
352.402
352.403
352.403
352.403
352.401
352.399
352.391
352.396
352.4
352.402
352.403
352.403
352.404
352.403
352.402
352.399
352.392
352.397
352.4
352.402
352.403
352.404
352.404
352.403
352.402
352.399
352.392
352.397
352.4
352.402
352.403
352.404
352.404
352.403
352.402
352.399
352.391
352.396
352.4
352.402
352.403
352.404
352.404
352.403
352.402
352.399
352.389
352.395
352.399
352.401
352.402
352.403
352.403
352.403
352.402
352.399
352.386
352.393
352.397
352.4
352.401
352.402
352.402
352.402
352.401
352.398
352.38
352.39
352.395
352.398
352.399
352.4
352.4
352.399
352.398
352.395
351.173
351.192
351.205
351.212
351.217
351.219
351.219
351.217
351.212
351.206
351.184
351.199
351.209
351.216
351.22
351.222
351.222
351.221
351.217
351.211
351.191
351.204
351.212
351.218
351.222
351.224
351.224
351.223
351.22
351.215
351.195
351.207
351.215
351.22
351.223
351.225
351.226
351.225
351.222
351.216
351.197
351.208
351.215
351.221
351.224
351.226
351.227
351.225
351.222
351.217
351.197
351.208
351.215
351.221
351.224
351.226
351.227
351.226
351.222
351.217
351.195
351.206
351.214
351.22
351.224
351.225
351.226
351.225
351.222
351.216
351.191
351.204
351.213
351.218
351.222
351.224
351.225
351.224
351.221
351.215
351.184
351.199
351.209
351.216
351.22
351.222
351.223
351.222
351.219
351.213
351.173
351.192
351.205
351.213
351.217
351.219
351.22
351.218
351.215
351.209
350.021
350.045
350.062
350.074
350.08
350.083
350.083
350.081
350.075
350.066
350.035
350.054
350.068
350.078
350.084
350.087
350.088
350.085
350.081
350.073
350.043
350.06
350.072
350.081
350.087
350.09
350.09
350.089
350.084
350.077
350.048
350.064
350.075
350.083
350.088
350.091
350.092
350.091
350.087
350.079
350.051
350.065
350.076
350.084
350.089
350.092
350.093
350.092
350.088
350.08
350.051
350.065
350.076
350.084
350.089
350.092
350.094
350.092
350.088
350.08
350.048
350.064
350.075
350.083
350.088
350.092
350.093
350.092
350.088
350.08
350.043
350.06
350.072
350.081
350.087
350.09
350.091
350.09
350.086
350.078
350.035
350.054
350.068
350.078
350.084
350.088
350.089
350.087
350.083
350.075
350.021
350.046
350.063
350.074
350.08
350.084
350.085
350.083
350.079
350.07
348.949
348.975
348.995
349.008
349.016
349.021
349.021
349.019
349.012
349.002
348.963
348.984
349.001
349.013
349.02
349.025
349.026
349.024
349.018
349.009
348.973
348.991
349.005
349.016
349.024
349.028
349.029
349.027
349.022
349.014
348.978
348.996
349.009
349.019
349.026
349.03
349.031
349.03
349.025
349.017
348.981
348.998
349.01
349.02
349.027
349.031
349.033
349.031
349.027
349.018
348.981
348.998
349.01
349.02
349.027
349.031
349.033
349.032
349.027
349.018
348.979
348.996
349.009
349.019
349.026
349.03
349.032
349.031
349.026
349.018
348.973
348.991
349.006
349.017
349.024
349.028
349.03
349.029
349.024
349.016
348.964
348.985
349.001
349.013
349.021
349.026
349.027
349.026
349.021
349.013
348.949
348.976
348.995
349.009
349.017
349.022
349.024
349.022
349.017
349.007
347.979
348.006
348.027
348.042
348.051
348.056
348.058
348.056
348.049
348.039
347.994
348.015
348.033
348.047
348.056
348.061
348.063
348.061
348.055
348.047
348.003
348.022
348.038
348.05
348.059
348.064
348.066
348.064
348.06
348.052
348.009
348.027
348.042
348.053
348.061
348.066
348.069
348.067
348.063
348.055
348.012
348.029
348.044
348.055
348.063
348.068
348.07
348.069
348.064
348.057
348.012
348.029
348.044
348.055
348.063
348.068
348.07
348.069
348.065
348.057
348.01
348.028
348.042
348.054
348.062
348.067
348.069
348.068
348.064
348.056
348.004
348.023
348.039
348.051
348.059
348.065
348.067
348.066
348.062
348.053
347.994
348.016
348.034
348.047
348.056
348.062
348.064
348.063
348.059
348.05
347.98
348.007
348.028
348.042
348.052
348.058
348.06
348.059
348.054
348.044
347.133
347.16
347.182
347.197
347.208
347.214
347.217
347.215
347.209
347.199
347.148
347.17
347.188
347.203
347.213
347.219
347.221
347.22
347.215
347.207
347.158
347.177
347.193
347.207
347.217
347.223
347.225
347.224
347.22
347.213
347.163
347.182
347.197
347.21
347.219
347.225
347.228
347.227
347.223
347.216
347.166
347.184
347.199
347.211
347.22
347.226
347.229
347.228
347.225
347.217
347.166
347.184
347.199
347.211
347.22
347.226
347.229
347.229
347.225
347.217
347.164
347.182
347.198
347.21
347.219
347.225
347.228
347.228
347.224
347.216
347.158
347.177
347.194
347.207
347.217
347.223
347.226
347.226
347.222
347.214
347.148
347.17
347.189
347.203
347.213
347.22
347.223
347.223
347.219
347.21
347.133
347.161
347.183
347.199
347.209
347.216
347.219
347.219
347.214
347.204
346.429
346.457
346.479
346.496
346.507
346.514
346.517
346.516
346.51
346.502
346.444
346.466
346.486
346.501
346.512
346.519
346.522
346.521
346.517
346.51
346.454
346.474
346.491
346.506
346.516
346.523
346.526
346.525
346.522
346.515
346.46
346.478
346.495
346.509
346.519
346.526
346.529
346.529
346.525
346.519
346.462
346.481
346.497
346.51
346.52
346.527
346.53
346.53
346.527
346.52
346.462
346.481
346.497
346.51
346.52
346.527
346.53
346.53
346.527
346.52
346.46
346.479
346.495
346.509
346.519
346.526
346.53
346.53
346.526
346.519
346.454
346.474
346.491
346.506
346.516
346.523
346.527
346.527
346.524
346.517
346.444
346.466
346.486
346.501
346.513
346.52
346.524
346.524
346.521
346.513
346.429
346.457
346.48
346.497
346.508
346.516
346.52
346.52
346.516
346.507
345.882
345.911
345.934
345.952
345.965
345.973
345.976
345.975
345.97
345.962
345.897
345.921
345.941
345.958
345.97
345.978
345.981
345.98
345.977
345.97
345.907
345.928
345.947
345.963
345.974
345.982
345.985
345.985
345.982
345.976
345.914
345.933
345.951
345.966
345.977
345.984
345.988
345.988
345.985
345.979
345.916
345.935
345.953
345.967
345.978
345.986
345.989
345.99
345.987
345.981
345.916
345.935
345.953
345.967
345.978
345.986
345.99
345.99
345.987
345.981
345.913
345.933
345.951
345.966
345.977
345.985
345.989
345.99
345.986
345.98
345.907
345.928
345.947
345.963
345.974
345.982
345.987
345.987
345.984
345.977
345.897
345.92
345.941
345.958
345.97
345.979
345.983
345.984
345.981
345.974
345.882
345.91
345.935
345.953
345.966
345.975
345.98
345.98
345.976
345.969
345.504
345.534
345.56
345.579
345.593
345.602
345.606
345.605
345.6
345.592
345.52
345.545
345.567
345.586
345.599
345.607
345.611
345.611
345.607
345.6
345.53
345.553
345.574
345.591
345.604
345.612
345.616
345.615
345.612
345.606
345.537
345.559
345.579
345.595
345.607
345.615
345.619
345.619
345.616
345.61
345.539
345.561
345.58
345.597
345.608
345.616
345.62
345.621
345.618
345.612
345.539
345.561
345.581
345.596
345.608
345.616
345.621
345.621
345.618
345.612
345.536
345.559
345.579
345.595
345.607
345.615
345.62
345.62
345.617
345.611
345.53
345.553
345.575
345.592
345.604
345.612
345.617
345.618
345.615
345.609
345.519
345.545
345.568
345.587
345.6
345.609
345.614
345.615
345.612
345.606
345.504
345.534
345.561
345.581
345.595
345.605
345.61
345.611
345.607
345.6
345.302
345.335
345.365
345.386
345.401
345.411
345.415
345.413
345.408
345.4
345.319
345.348
345.374
345.394
345.408
345.417
345.421
345.42
345.416
345.409
345.33
345.358
345.382
345.401
345.414
345.422
345.426
345.426
345.422
345.415
345.337
345.364
345.387
345.405
345.417
345.426
345.429
345.429
345.426
345.419
345.34
345.367
345.389
345.406
345.419
345.427
345.431
345.431
345.428
345.421
345.34
345.367
345.389
345.406
345.418
345.427
345.431
345.432
345.429
345.422
345.337
345.365
345.387
345.405
345.417
345.426
345.43
345.431
345.428
345.421
345.33
345.359
345.383
345.401
345.414
345.423
345.428
345.428
345.426
345.419
345.319
345.349
345.376
345.396
345.41
345.419
345.424
345.425
345.422
345.416
345.303
345.336
345.367
345.389
345.404
345.414
345.419
345.42
345.417
345.41
)
;

boundaryField
{
    bodyBottom
    {
        type            fixedValue;
        value           uniform 353;
    }
    solid_to_fluid
    {
        type            compressible::turbulentTemperatureCoupledBaffleMixed;
        refValue        nonuniform List<scalar> 
500
(
323.163
327.818
329.835
331.004
331.587
331.583
330.996
329.825
327.808
323.161
312.476
317.274
321.226
323.341
324.275
324.272
323.334
321.219
317.269
312.476
307.658
311.345
314.457
316.115
316.847
316.844
316.113
314.456
311.346
307.662
306.416
309.707
312.414
313.793
314.384
314.384
313.794
312.417
309.711
306.423
306.064
309.251
311.826
313.104
313.652
313.654
313.108
311.832
309.258
306.073
306.114
309.334
311.936
313.208
313.755
313.758
313.214
311.944
309.343
306.125
306.082
309.269
311.87
313.119
313.654
313.659
313.128
311.88
309.28
306.094
305.565
308.528
310.974
312.121
312.601
312.608
312.133
310.989
308.543
305.579
304.228
306.699
308.773
309.734
310.132
310.144
309.755
308.799
306.724
304.25
302.49
304.291
305.832
306.524
306.801
306.814
306.551
305.866
304.322
302.517
324.126
337.97
340.803
343.627
342.352
341.956
340.965
339.843
338.676
337.733
315.535
337.409
341.845
343.943
343.41
342.928
341.855
340.543
339.211
337.441
311.3
334.472
341.083
342.973
342.603
342.312
341.355
340.183
338.766
335.004
310.02
333.572
340.097
341.61
341.405
341.446
340.572
339.625
338.057
332.492
309.551
332.942
338.862
340.248
339.979
340.165
339.409
338.734
337.179
331.28
309.469
332.412
337.947
339.263
338.997
339.226
338.544
337.961
336.483
330.81
309.344
331.54
337.334
338.6
338.427
338.615
337.967
337.296
335.996
330.81
308.881
330.114
337.195
338.597
338.629
338.638
338.033
337.064
335.684
331.375
307.846
326.764
336.246
337.953
338.575
338.456
337.934
337.165
335.374
331.913
306.277
318.745
330.689
334.98
335.547
336.13
336.563
336.071
334.198
330.922
342.127
343.216
342.912
342.392
341.798
341.209
340.949
341.345
342.092
342.054
337.165
338.822
338.527
337.609
336.286
334.842
333.959
334.587
335.896
335.724
331.271
332.979
332.711
331.602
330.185
328.601
327.199
327.492
328.814
328.912
328.122
330.145
330.359
329.737
328.706
327.271
325.409
325.039
325.79
325.592
327.891
330.28
330.887
330.499
329.528
327.992
325.936
325.164
325.557
325.051
328.343
330.91
331.672
331.307
330.251
328.598
326.56
325.665
325.925
325.249
329.122
331.704
332.452
331.997
330.824
329.103
327.184
326.352
326.598
325.865
330.062
332.496
333.086
332.484
331.224
329.534
327.84
327.27
327.684
327.103
330.889
332.936
333.193
332.374
331.067
329.521
328.201
328.123
329.043
329.072
330.643
331.997
331.742
330.624
329.278
327.93
327.051
327.601
329.382
330.598
324.124
337.957
340.778
343.576
342.294
341.92
340.973
339.879
338.619
337.25
315.527
337.352
341.7
343.752
343.13
342.643
341.576
340.276
338.921
337.049
311.283
334.28
340.727
342.489
341.991
341.671
340.7
339.572
338.226
334.669
309.998
333.265
339.559
340.887
340.543
340.584
339.715
338.843
337.373
332.282
309.526
332.56
338.221
339.39
339.016
339.295
338.511
337.898
336.457
331.256
309.443
332.008
337.25
338.368
338.015
338.362
337.663
337.154
335.831
330.98
309.319
331.143
336.569
337.611
337.32
337.572
336.945
336.368
335.301
331.033
308.858
329.774
336.299
337.3
337.151
337.109
336.571
335.824
334.779
331.226
307.823
326.747
335.653
336.634
336.799
336.398
335.999
335.253
333.622
331.01
306.256
318.867
331.577
334.546
334.351
335.064
334.545
333.134
331.788
329.132
306.356
319.092
329.548
332.257
332.747
333.511
333.558
332.888
331.574
329.118
308.061
327.783
335.425
336.946
337.011
337.093
336.838
336.026
334.227
330.99
309.276
331.766
337.893
339.252
339.007
338.637
337.993
336.925
335.016
332.191
309.868
333.244
337.794
339.546
339.464
339.021
338.32
337.25
335.76
332.873
310.124
333.75
336.892
338.448
338.845
338.698
338.255
337.534
336.587
332.848
310.164
333.929
336.165
337.584
338.089
338.159
338.046
337.743
336.983
332.539
309.934
333.037
336.046
337.426
337.892
337.919
337.88
337.619
336.937
332.378
309.37
332.02
336.737
338.103
338.018
338.013
337.835
337.239
336.437
332.654
308.17
329.089
336.81
338.182
338.078
337.96
337.544
336.601
335.329
332.626
306.46
320.023
332.706
334.234
334.383
334.942
335.021
334.378
332.775
330.214
)
;
        refGradient     uniform 0;
        valueFraction   nonuniform List<scalar> 
500
(
0.000301416
0.000301416
0.000301416
0.000301416
0.000301416
0.000301416
0.000301416
0.000301416
0.000301416
0.000301416
0.000301416
0.000301416
0.000301416
0.000301416
0.000301416
0.000301416
0.000301416
0.000301416
0.000301416
0.000301416
0.000301416
0.000301416
0.000301416
0.000301416
0.000301416
0.000301416
0.000301416
0.000301416
0.000301416
0.000301416
0.000301416
0.000301416
0.000301416
0.000301416
0.000301416
0.000301416
0.000301416
0.000301416
0.000301416
0.000301416
0.000301416
0.000301416
0.000301416
0.000301416
0.000301416
0.000301416
0.000301416
0.000301416
0.000301416
0.000301416
0.000301416
0.000301416
0.000301416
0.000301416
0.000301416
0.000301416
0.000301416
0.000301416
0.000301416
0.000301416
0.000301416
0.000301416
0.000301416
0.000301416
0.000301416
0.000301416
0.000301416
0.000301416
0.000301416
0.000301416
0.000301416
0.000301416
0.000301416
0.000301416
0.000301416
0.000301416
0.000301416
0.000301416
0.000301416
0.000301416
0.000301416
0.000301416
0.000301416
0.000301416
0.000301416
0.000301416
0.000301416
0.000301416
0.000301416
0.000301416
0.000301416
0.000301416
0.000301416
0.000301416
0.000301416
0.000301416
0.000301416
0.000301416
0.000301416
0.000301416
0.000302436
0.000302436
0.000302436
0.000302436
0.000302436
0.000302436
0.000302436
0.000302436
0.000302436
0.000302436
0.000302436
0.000302436
0.000302436
0.000302436
0.000302436
0.000302436
0.000302436
0.000302436
0.000302436
0.000302436
0.000302436
0.000302436
0.000302436
0.000302436
0.000302436
0.000302436
0.000302436
0.000302436
0.000302436
0.000302436
0.000302436
0.000302436
0.000302436
0.000302436
0.000302436
0.000302436
0.000302436
0.000302436
0.000302436
0.000302436
0.000302436
0.000302436
0.000302436
0.000302436
0.000302436
0.000302436
0.000302436
0.000302436
0.000302436
0.000302436
0.000302436
0.000302436
0.000302436
0.000302436
0.000302436
0.000302436
0.000302436
0.000302436
0.000302436
0.000302436
0.000302436
0.000302436
0.000302436
0.000302436
0.000302436
0.000302436
0.000302436
0.000302436
0.000302436
0.000302436
0.000302436
0.000302436
0.000302436
0.000302436
0.000302436
0.000302436
0.000302436
0.000302436
0.000302436
0.000302436
0.000302436
0.000302436
0.000302436
0.000302436
0.000302436
0.000302436
0.000302436
0.000302436
0.000302436
0.000302436
0.000302436
0.000302436
0.000302436
0.000302436
0.000302436
0.000302436
0.000302436
0.000302436
0.000302436
0.000302436
0.000300478
0.000300478
0.000300478
0.000300478
0.000300478
0.000300478
0.000300478
0.000300478
0.000300478
0.000300478
0.000300478
0.000300478
0.000300478
0.000300478
0.000300478
0.000300478
0.000300478
0.000300478
0.000300478
0.000300478
0.000300478
0.000300478
0.000300478
0.000300478
0.000300478
0.000300478
0.000300478
0.000300478
0.000300478
0.000300478
0.000300478
0.000300478
0.000300478
0.000300478
0.000300478
0.000300478
0.000300478
0.000300478
0.000300478
0.000300478
0.000300478
0.000300478
0.000300478
0.000300478
0.000300478
0.000300478
0.000300478
0.000300478
0.000300478
0.000300478
0.000300478
0.000300478
0.000300478
0.000300478
0.000300478
0.000300478
0.000300478
0.000300478
0.000300478
0.000300478
0.000300478
0.000300478
0.000300478
0.000300478
0.000300478
0.000300478
0.000300478
0.000300478
0.000300478
0.000300478
0.000300478
0.000300478
0.000300478
0.000300478
0.000300478
0.000300478
0.000300478
0.000300478
0.000300478
0.000300478
0.000300478
0.000300478
0.000300478
0.000300478
0.000300478
0.000300478
0.000300478
0.000300478
0.000300478
0.000300478
0.000300478
0.000300478
0.000300478
0.000300478
0.000300478
0.000300478
0.000300478
0.000300478
0.000300478
0.000300478
0.000302436
0.000302436
0.000302436
0.000302436
0.000302436
0.000302436
0.000302436
0.000302436
0.000302436
0.000302436
0.000302436
0.000302436
0.000302436
0.000302436
0.000302436
0.000302436
0.000302436
0.000302436
0.000302436
0.000302436
0.000302436
0.000302436
0.000302436
0.000302436
0.000302436
0.000302436
0.000302436
0.000302436
0.000302436
0.000302436
0.000302436
0.000302436
0.000302436
0.000302436
0.000302436
0.000302436
0.000302436
0.000302436
0.000302436
0.000302436
0.000302436
0.000302436
0.000302436
0.000302436
0.000302436
0.000302436
0.000302436
0.000302436
0.000302436
0.000302436
0.000302436
0.000302436
0.000302436
0.000302436
0.000302436
0.000302436
0.000302436
0.000302436
0.000302436
0.000302436
0.000302436
0.000302436
0.000302436
0.000302436
0.000302436
0.000302436
0.000302436
0.000302436
0.000302436
0.000302436
0.000302436
0.000302436
0.000302436
0.000302436
0.000302436
0.000302436
0.000302436
0.000302436
0.000302436
0.000302436
0.000302436
0.000302436
0.000302436
0.000302436
0.000302436
0.000302436
0.000302436
0.000302436
0.000302436
0.000302436
0.000302436
0.000302436
0.000302436
0.000302436
0.000302436
0.000302436
0.000302436
0.000302436
0.000302436
0.000302436
0.000301115
0.000301115
0.000301115
0.000301115
0.000301115
0.000301115
0.000301115
0.000301115
0.000301115
0.000301115
0.000301115
0.000301115
0.000301115
0.000301115
0.000301115
0.000301115
0.000301115
0.000301115
0.000301115
0.000301115
0.000301115
0.000301115
0.000301115
0.000301115
0.000301115
0.000301115
0.000301115
0.000301115
0.000301115
0.000301115
0.000301115
0.000301115
0.000301115
0.000301115
0.000301115
0.000301115
0.000301115
0.000301115
0.000301115
0.000301115
0.000301115
0.000301115
0.000301115
0.000301115
0.000301115
0.000301115
0.000301115
0.000301115
0.000301115
0.000301115
0.000301115
0.000301115
0.000301115
0.000301115
0.000301115
0.000301115
0.000301115
0.000301115
0.000301115
0.000301115
0.000301115
0.000301115
0.000301115
0.000301115
0.000301115
0.000301115
0.000301115
0.000301115
0.000301115
0.000301115
0.000301115
0.000301115
0.000301115
0.000301115
0.000301115
0.000301115
0.000301115
0.000301115
0.000301115
0.000301115
0.000301115
0.000301115
0.000301115
0.000301115
0.000301115
0.000301115
0.000301115
0.000301115
0.000301115
0.000301115
0.000301115
0.000301115
0.000301115
0.000301115
0.000301115
0.000301115
0.000301115
0.000301115
0.000301115
0.000301115
)
;
        source          uniform 0;
        Tnbr            T;
        kappaMethod     solidThermo;
        value           nonuniform List<scalar> 
500
(
352.371
352.379
352.383
352.384
352.385
352.385
352.384
352.382
352.379
352.371
351.161
351.174
351.182
351.186
351.188
351.188
351.186
351.182
351.174
351.161
350.008
350.023
350.032
350.038
350.04
350.04
350.038
350.032
350.023
350.008
348.936
348.951
348.961
348.967
348.97
348.97
348.968
348.962
348.952
348.936
347.966
347.982
347.992
347.998
348.001
348.001
347.998
347.992
347.982
347.967
347.12
347.136
347.146
347.153
347.155
347.155
347.153
347.146
347.136
347.12
346.417
346.432
346.443
346.449
346.452
346.452
346.449
346.443
346.432
346.416
345.87
345.885
345.896
345.903
345.905
345.905
345.902
345.896
345.885
345.869
345.491
345.507
345.518
345.525
345.528
345.528
345.525
345.518
345.507
345.491
345.289
345.306
345.317
345.325
345.328
345.328
345.325
345.318
345.306
345.289
352.371
352.385
352.391
352.395
352.396
352.397
352.397
352.396
352.394
352.391
351.162
351.188
351.202
351.21
351.214
351.217
351.217
351.215
351.211
351.205
350.009
350.041
350.059
350.071
350.078
350.081
350.082
350.08
350.075
350.065
348.937
348.971
348.992
349.006
349.014
349.019
349.021
349.019
349.013
349.002
347.968
348.002
348.024
348.04
348.049
348.055
348.057
348.056
348.05
348.038
347.121
347.156
347.179
347.196
347.206
347.213
347.216
347.215
347.21
347.199
346.417
346.452
346.476
346.493
346.505
346.513
346.517
346.517
346.512
346.502
345.87
345.905
345.931
345.95
345.963
345.972
345.976
345.977
345.973
345.963
345.492
345.527
345.557
345.578
345.592
345.602
345.607
345.607
345.603
345.595
345.29
345.327
345.361
345.385
345.4
345.41
345.416
345.417
345.413
345.404
352.391
352.395
352.396
352.396
352.396
352.396
352.396
352.396
352.395
352.392
351.202
351.208
351.211
351.212
351.212
351.212
351.211
351.21
351.209
351.204
350.06
350.067
350.071
350.073
350.074
350.073
350.072
350.071
350.069
350.064
348.996
349.003
349.008
349.011
349.012
349.012
349.01
349.008
349.005
348.999
348.033
348.041
348.046
348.049
348.05
348.05
348.048
348.046
348.043
348.037
347.193
347.202
347.207
347.211
347.212
347.211
347.209
347.207
347.203
347.197
346.496
346.505
346.511
346.514
346.515
346.514
346.512
346.51
346.507
346.501
345.957
345.965
345.971
345.975
345.976
345.975
345.973
345.971
345.968
345.962
345.587
345.596
345.602
345.605
345.607
345.606
345.605
345.603
345.6
345.594
345.395
345.404
345.41
345.414
345.416
345.415
345.414
345.413
345.41
345.404
352.371
352.385
352.391
352.395
352.396
352.397
352.396
352.395
352.393
352.389
351.162
351.188
351.202
351.21
351.214
351.216
351.215
351.213
351.209
351.202
350.009
350.04
350.059
350.071
350.077
350.08
350.08
350.077
350.071
350.061
348.937
348.97
348.992
349.005
349.013
349.018
349.018
349.015
349.008
348.997
347.967
348.001
348.024
348.038
348.048
348.053
348.055
348.052
348.045
348.034
347.121
347.155
347.178
347.194
347.205
347.211
347.213
347.211
347.205
347.194
346.417
346.451
346.475
346.492
346.504
346.511
346.514
346.512
346.506
346.497
345.871
345.905
345.93
345.949
345.961
345.969
345.973
345.971
345.966
345.957
345.492
345.527
345.556
345.576
345.59
345.598
345.602
345.601
345.595
345.587
345.29
345.326
345.36
345.382
345.397
345.407
345.411
345.409
345.403
345.395
345.29
345.326
345.359
345.382
345.397
345.406
345.41
345.409
345.403
345.395
345.307
345.342
345.37
345.391
345.405
345.414
345.418
345.417
345.412
345.404
345.319
345.353
345.379
345.398
345.411
345.419
345.423
345.422
345.418
345.411
345.326
345.36
345.384
345.402
345.415
345.423
345.427
345.426
345.422
345.415
345.329
345.363
345.386
345.404
345.416
345.424
345.428
345.428
345.425
345.417
345.329
345.363
345.386
345.403
345.415
345.424
345.428
345.429
345.425
345.417
345.326
345.36
345.384
345.402
345.414
345.423
345.427
345.428
345.425
345.416
345.319
345.354
345.379
345.398
345.411
345.42
345.424
345.425
345.422
345.414
345.307
345.344
345.372
345.393
345.407
345.416
345.421
345.422
345.418
345.411
345.29
345.327
345.362
345.385
345.4
345.41
345.415
345.416
345.412
345.404
)
;
    }
}


// ************************************************************************* //
