/*--------------------------------*- C++ -*----------------------------------*\
| =========                 |                                                 |
| \\      /  F ield         | OpenFOAM: The Open Source CFD Toolbox           |
|  \\    /   O peration     | Version:  2412                                  |
|   \\  /    A nd           | Website:  www.openfoam.com                      |
|    \\/     M anipulation  |                                                 |
\*---------------------------------------------------------------------------*/
FoamFile
{
    version     2.0;
    format      ascii;
    arch        "LSB;label=32;scalar=64";
    class       volScalarField;
    location    "4.5/solid";
    object      wallHeatFlux;
}
// * * * * * * * * * * * * * * * * * * * * * * * * * * * * * * * * * * * * * //

dimensions      [1 0 -3 0 0 0 0];

internalField   uniform 0;

boundaryField
{
    bodyBottom
    {
        type            calculated;
        value           nonuniform List<scalar> 
100
(
127100
125870
125255
124845
124640
124640
124845
125255
125870
127100
125050
124435
124025
123820
123615
123615
123820
124025
124435
125050
124025
123615
123205
123000
123000
123000
123000
123205
123615
124025
123410
123000
122795
122590
122590
122590
122590
122795
123000
123410
123205
122795
122590
122385
122385
122385
122385
122590
122795
123205
123000
122590
122385
122385
122180
122180
122180
122385
122590
123000
123000
122590
122385
122180
122180
122180
122180
122385
122590
123000
123205
122795
122385
122385
122385
122385
122385
122385
122590
123205
123615
123000
122795
122590
122590
122590
122590
122590
122795
123410
124230
123615
123205
123205
123205
123205
123205
123205
123410
124025
)
;
    }
    solid_to_fluid
    {
        type            calculated;
        value           nonuniform List<scalar> 
500
(
-1845
-1435
-1230
-1435
-1435
-1435
-1435
-1435
-1435
-1845
-2460
-2050
-1845
-1845
-1845
-1845
-1845
-1845
-2050
-2460
-2665
-2460
-2255
-2050
-2255
-2255
-2050
-2255
-2460
-2665
-2665
-2460
-2460
-2255
-2255
-2255
-2255
-2255
-2460
-2665
-2665
-2460
-2255
-2255
-2255
-2255
-2460
-2460
-2460
-2665
-2665
-2460
-2460
-2050
-2255
-2255
-2255
-2460
-2460
-2665
-2460
-2460
-2255
-2255
-2050
-2050
-2255
-2255
-2460
-2665
-2460
-2460
-2255
-2255
-2255
-2255
-2255
-2255
-2460
-2665
-2665
-2665
-2460
-2460
-2255
-2255
-2255
-2460
-2460
-2665
-2665
-2665
-2665
-2460
-2460
-2460
-2460
-2460
-2665
-2870
-1845
-1025
-820
-615
-615
-615
-615
-615
-820
-820
-2255
-820
-615
-615
-615
-410
-615
-615
-820
-820
-2460
-1025
-820
-615
-410
-615
-615
-615
-820
-1025
-2460
-1025
-615
-615
-615
-615
-615
-615
-820
-1025
-2460
-1025
-820
-410
-615
-615
-615
-615
-820
-1230
-2460
-1025
-820
-615
-615
-615
-615
-820
-820
-1025
-2460
-1025
-820
-820
-615
-615
-615
-615
-820
-1025
-2460
-1025
-820
-615
-615
-615
-820
-615
-615
-1230
-2460
-1435
-820
-615
-615
-615
-615
-820
-820
-1025
-2665
-1845
-1230
-820
-820
-820
-615
-615
-820
-1230
-615
-410
-615
-615
-615
-615
-615
-615
-615
-615
-820
-615
-820
-820
-1025
-1025
-1025
-1025
-820
-1025
-1230
-1230
-1230
-1230
-1230
-1435
-1640
-1435
-1230
-1230
-1230
-1230
-1230
-1230
-1230
-1230
-1640
-1640
-1640
-1640
-1230
-1230
-1230
-1230
-1435
-1435
-1640
-1435
-1435
-1435
-1230
-1025
-1230
-1025
-1025
-1230
-1435
-1435
-1435
-1435
-1230
-1025
-820
-1025
-1025
-1230
-1435
-1435
-1230
-1230
-1025
-1025
-1025
-820
-1025
-1230
-1435
-1230
-1230
-1435
-1025
-820
-820
-1025
-1025
-1230
-1230
-1230
-1230
-1230
-1025
-1025
-1025
-1025
-1025
-1435
-1435
-1230
-1230
-1230
-1845
-1025
-820
-615
-615
-615
-820
-820
-820
-1025
-2255
-820
-615
-410
-615
-615
-820
-820
-615
-820
-2460
-1025
-615
-615
-615
-615
-615
-820
-820
-1025
-2460
-1025
-615
-615
-615
-615
-615
-820
-820
-1025
-2460
-1025
-615
-820
-615
-615
-615
-820
-820
-1025
-2460
-1025
-820
-615
-615
-615
-820
-820
-820
-1025
-2460
-1230
-820
-820
-615
-615
-615
-820
-820
-1025
-2255
-1230
-820
-615
-820
-820
-615
-820
-820
-1025
-2460
-1435
-820
-615
-615
-820
-820
-820
-1025
-1025
-2460
-1845
-1025
-820
-820
-820
-820
-820
-1025
-1025
-2460
-1845
-1230
-820
-820
-1025
-1025
-820
-1025
-1025
-2460
-1230
-820
-615
-615
-615
-615
-615
-820
-1025
-2255
-1025
-615
-615
-615
-615
-615
-820
-820
-820
-2255
-820
-615
-615
-410
-615
-410
-615
-820
-820
-2255
-820
-615
-410
-615
-615
-615
-615
-615
-820
-2255
-820
-615
-615
-615
-615
-615
-615
-820
-1025
-2255
-1025
-615
-615
-615
-615
-615
-615
-615
-1025
-2255
-1025
-820
-615
-615
-615
-820
-615
-820
-1025
-2460
-1025
-820
-615
-615
-615
-615
-615
-820
-1025
-2665
-1845
-1025
-820
-820
-820
-820
-820
-1025
-1230
)
;
    }
}


// ************************************************************************* //
