/*--------------------------------*- C++ -*----------------------------------*\
| =========                 |                                                 |
| \\      /  F ield         | OpenFOAM: The Open Source CFD Toolbox           |
|  \\    /   O peration     | Version:  2412                                  |
|   \\  /    A nd           | Website:  www.openfoam.com                      |
|    \\/     M anipulation  |                                                 |
\*---------------------------------------------------------------------------*/
FoamFile
{
    version     2.0;
    format      ascii;
    arch        "LSB;label=32;scalar=64";
    class       volScalarField;
    location    "4.3/fluid";
    object      wallHeatFlux;
}
// * * * * * * * * * * * * * * * * * * * * * * * * * * * * * * * * * * * * * //

dimensions      [1 0 -3 0 0 0 0];

internalField   uniform 0;

boundaryField
{
    inlet
    {
        type            calculated;
        value           uniform 0;
    }
    outlet
    {
        type            calculated;
        value           uniform 0;
    }
    walls
    {
        type            calculated;
        value           uniform 0;
    }
    fluid_to_solid
    {
        type            calculated;
        value           nonuniform List<scalar> 
500
(
1804.82
1519.82
1395.83
1323.82
1287.97
1288.78
1325.06
1397.13
1521.12
1808.34
2383.66
2089.88
1847.47
1717.67
1660.74
1661.79
1720.02
1849.94
2092.42
2386.69
2603.27
2378.22
2187.85
2086.42
2041.73
2043.09
2088.15
2189.58
2379.83
2605.31
2607.78
2407.33
2242.18
2158.06
2121.9
2123.01
2159.29
2243.41
2408.57
2609.45
2564.45
2370.62
2213.75
2135.93
2102.55
2103.54
2136.98
2214.74
2371.67
2565.93
2504.93
2309.43
2151.26
2073.93
2040.68
2041.61
2074.92
2152.25
2310.42
2506.35
2459.87
2266.59
2108.61
2032.71
2000.2
2001.12
2033.76
2109.54
2267.58
2461.23
2454.86
2275.31
2126.84
2057.37
2028.26
2029.19
2058.3
2127.77
2276.24
2456.16
2510.86
2361.41
2235.63
2177.59
2153.67
2154.41
2178.45
2236.55
2362.33
2512.16
2603.33
2494.67
2401.34
2359.8
2343.42
2344.04
2360.48
2402.14
2495.41
2604.38
1755.54
898.518
725.115
549.232
631.158
652.926
712.339
782.048
858.02
928.844
2207.1
859.384
587.435
455.895
491.741
520.021
583.776
665.454
747.069
847.229
2391.23
969.838
565.233
449.879
476.919
495.152
551.03
621.483
703.285
901.184
2398.36
959.791
564.426
474.004
490.439
487.586
538.751
593.823
679.904
961.404
2362.33
938.519
584.21
505.261
523.06
504.393
549.232
586.381
665.392
955.822
2310.98
917.681
590.04
515.06
531.929
509.354
547.929
577.14
646.228
914.27
2271.66
926.612
585.885
514.936
527.96
512.021
546.131
577.202
630.786
859.012
2263.47
977.342
565.295
494.222
497.819
497.075
525.541
567.465
624.522
805.366
2301.61
1149.19
590.908
510.967
489.198
506.067
525.417
561.449
659.748
806.607
2384.1
1624.93
880.408
652.058
644.988
601.823
592.893
673.516
790.358
927.976
745.004
728.614
745.004
739.952
700.148
656.523
612.036
571.369
542.902
601.068
1159.56
1108.97
1118.22
1102.56
1017.23
926.157
835.457
764.968
732.804
821.224
1507.94
1448.11
1436.83
1406.46
1319.08
1230.11
1135.65
1050.19
1013.84
1105.58
1595.56
1512.75
1467.15
1392.9
1294.19
1220.62
1155
1101.15
1094.06
1204.35
1540.47
1446.45
1377.93
1259.5
1147.3
1071.33
1019.32
989.498
1012.23
1148.9
1465.18
1373.18
1295.12
1151.36
1027.27
942.362
891.282
871.934
910.691
1061.47
1376.51
1295.18
1219.2
1072.25
941.129
845.932
787.828
767.001
807.976
960.107
1271.21
1210.09
1152.6
1021.72
893.007
791.525
723.007
691.028
719.926
858.687
1146.19
1125.67
1111.87
1015.25
901.387
800.459
721.344
669.832
671.003
777.23
1046.19
1104.91
1159.74
1107.68
1018.03
923.692
835.827
760.47
721.59
777.599
1749.72
892.44
716.619
544.394
624.088
655.655
723.937
800.467
880.222
957.559
2201.45
851.198
580.179
455.647
493.292
531.309
608.335
701.238
800.467
958.179
2387.07
963.016
562.008
452.36
482.748
509.354
581.977
670.043
784.156
1108.7
2394.7
952.721
559.465
474.5
495.648
501.044
566.969
641.329
773.303
1201.41
2358.98
930.395
575.59
497.695
521.572
516.858
573.357
629.235
763.442
1194.1
2307.82
908.44
578.876
504.703
527.836
519.463
569.45
615.529
739.317
1146.71
2268.56
916.751
575.528
507.246
525.355
517.665
565.667
613.483
713.642
1081.97
2260.43
967.916
558.535
488.578
497.509
505.819
548.674
604.614
694.478
1005.75
2298.64
1135.43
580.303
503.276
486.284
510.16
544.456
603.932
723.192
938.457
2381.25
1609.55
844.066
632.336
632.894
584.086
588.055
671.345
782.544
959.667
2363.5
1568.13
883.725
752.08
726.147
680.515
664.214
705.214
804.689
994.191
2260.63
1026.92
556.527
458.596
463.845
465.141
483.604
540.102
658.225
880.391
2187.7
817.409
486.074
383.018
385.426
402.591
434.7
491.569
600.306
863.719
2152.81
748.314
541.276
444.827
422.968
420.313
436.614
477.12
560.17
841.614
2137.81
700.151
574.681
490.89
458.04
447.729
451.187
468.167
521.887
790.302
2138.55
700.46
557.453
474.342
448.161
446.37
453.718
469.217
502.992
732.754
2153.49
734.05
505.709
411.236
405.617
413.953
442.171
485.827
535.78
703.177
2188.63
810.617
466.191
365.111
370.359
393.576
430.872
490.149
582.893
714.291
2261.55
1024.32
545.227
451.866
455.571
460.078
475.947
524.542
627.969
793.883
2364.36
1562.14
852.79
736.397
725.344
685.27
664.585
692.741
763.689
908.609
)
;
    }
}


// ************************************************************************* //
