/*--------------------------------*- C++ -*----------------------------------*\
| =========                 |                                                 |
| \\      /  F ield         | OpenFOAM: The Open Source CFD Toolbox           |
|  \\    /   O peration     | Version:  2412                                  |
|   \\  /    A nd           | Website:  www.openfoam.com                      |
|    \\/     M anipulation  |                                                 |
\*---------------------------------------------------------------------------*/
FoamFile
{
    version     2.0;
    format      ascii;
    arch        "LSB;label=32;scalar=64";
    class       volScalarField;
    location    "3.5/fluid";
    object      wallHeatFlux;
}
// * * * * * * * * * * * * * * * * * * * * * * * * * * * * * * * * * * * * * //

dimensions      [1 0 -3 0 0 0 0];

internalField   uniform 0;

boundaryField
{
    inlet
    {
        type            calculated;
        value           uniform 0;
    }
    outlet
    {
        type            calculated;
        value           uniform 0;
    }
    walls
    {
        type            calculated;
        value           uniform 0;
    }
    fluid_to_solid
    {
        type            calculated;
        value           nonuniform List<scalar> 
500
(
1810.51
1529.71
1408.01
1337.23
1302.07
1302.31
1337.54
1408.38
1530.08
1811.06
2352.51
2066.52
1830.72
1704.63
1649.25
1649.49
1705.06
1831.21
2066.95
2352.94
2534.78
2317.77
2134.51
2036.97
1994.2
1994.45
2037.28
2134.82
2318.02
2535.03
2507.96
2316.41
2158.74
2078.57
2044.33
2044.51
2078.76
2158.92
2316.53
2508.14
2437.87
2254.05
2105.52
2031.97
2000.63
2000.69
2032.09
2105.64
2254.17
2437.99
2357.39
2173.88
2025.54
1953.16
1922.26
1922.32
1953.28
2025.6
2173.88
2357.45
2293.91
2113.68
1966.45
1895.86
1865.82
1865.89
1895.86
1966.45
2113.62
2293.91
2272.71
2106.2
1968.49
1904.08
1877.32
1877.26
1904.02
1968.37
2106.01
2272.59
2313.2
2175.12
2058.92
2005.08
1983.01
1982.95
2004.96
2058.61
2174.87
2313.07
2392.68
2292.43
2206.27
2167.76
2152.62
2152.49
2167.51
2205.96
2292.12
2392.37
1754.61
898.518
723.813
549.728
631.716
662.601
732.991
812.933
893.556
952.349
2174.04
843.383
572.365
445.29
482.562
519.401
596.117
690.013
783.97
905.836
2325.74
939.015
542.906
430.715
458.623
482.314
550.348
636.429
737.767
994.025
2304.34
915.821
533.665
445.91
463.089
465.694
523.866
592.396
696.773
1039.48
2243.44
883.199
545.077
467.43
486.159
475.058
524.363
572.427
670.973
1014.74
2172.62
853.368
546.379
474.686
493.726
479.896
522.44
558.907
645.422
962.272
2115.87
853.12
541.232
478.159
493.726
482.314
521.882
558.845
626.63
899.2
2092.86
893.618
521.944
460.546
468.918
474.128
508.486
552.829
615.529
830.856
2117.85
1044.26
539.867
474.066
461.29
483.245
508.238
551.713
641.701
788.56
2188.87
1481.86
783.164
590.164
593.389
549.79
553.945
625.886
711.347
833.461
686.654
663.054
692.384
721.96
742.478
755.048
743.957
713.58
675.747
682.217
1036.33
979.578
1020.18
1079.09
1124.62
1153.46
1125.36
1064.18
1005.46
1040.64
1360.06
1304.05
1337.45
1376.51
1390.31
1417.12
1424.63
1384.46
1333.19
1367.08
1403.93
1326.23
1317.17
1299
1256.54
1285.5
1363.39
1378.85
1361.91
1411.88
1320.87
1221.3
1182.91
1129.06
1059.56
1093.32
1211.75
1258.08
1260.12
1326.97
1220.99
1106.32
1043.84
962.634
878.712
917.777
1063.5
1133.93
1150.5
1227.4
1111.13
988.821
911.43
815.678
728.553
770.698
925.664
1009.15
1034.42
1116.49
994.982
876.124
799.104
705.077
623.004
665.149
810.071
891.836
915.066
993.627
881.608
785.486
731.942
656.646
584.863
623.497
745.682
807.237
808.469
865.095
828.741
780.557
771.746
726.396
665.642
698.977
797.317
826.4
783.515
791.833
1753.81
898.269
723.565
549.108
630.6
660.616
729.642
808.281
889.277
954.83
2173.42
843.756
573.357
446.592
484.547
520.952
596.986
690.075
785.211
914.952
2325.43
940.938
546.813
436.669
465.88
489.819
557.976
643.003
745.829
1014.24
2304.09
919.418
540.797
456.329
475.182
476.857
536.208
603.684
711.409
1064.97
2243.32
887.974
554.441
480.268
501.478
490.811
540.487
587.807
693.362
1044.14
2172.49
858.516
556.736
488.454
510.098
496.765
540.115
576.52
670.539
993.901
2115.87
857.958
552.147
493.416
511.773
500.424
541.418
578.38
651.376
932.938
2092.86
897.525
533.541
478.345
489.757
496.02
531.185
575.465
641.329
869.059
2117.79
1043.33
547.185
492.113
485.725
510.967
537.945
586.319
676.307
826.577
2188.8
1478.2
766.109
596.8
609.141
567.589
593.451
667.438
741.86
875.819
2174.36
1456.18
860.817
720.095
695.644
651.988
643.899
676.317
743.93
886.072
2079.64
962.947
538.127
452.113
451.927
448.346
459.831
501.202
594.193
766.838
2012.15
747.943
424.141
339.424
346.772
364.617
395.058
445.382
537.324
682.183
1979.43
667.857
448.531
353.688
344.24
348.007
373.632
416.917
472.613
615.187
1965.29
624.14
490.766
407.84
378.14
371.286
375.237
388.143
409.445
546.277
1964.55
616.298
500.399
420.869
389.131
375.052
374.682
381.536
396.911
545.166
1978.56
670.883
475.144
388.143
371.347
370.73
384.808
413.397
456.003
616.051
2010.92
742.324
434.577
340.783
343.87
360.048
387.155
433.218
518.429
664.461
2078.22
942.262
511.637
424.141
427.537
427.599
439.702
482.431
574.002
731.272
2172.94
1441.36
809.999
693.482
675.143
634.02
618.027
647.913
716.452
857.421
)
;
    }
}


// ************************************************************************* //
