/*--------------------------------*- C++ -*----------------------------------*\
| =========                 |                                                 |
| \\      /  F ield         | OpenFOAM: The Open Source CFD Toolbox           |
|  \\    /   O peration     | Version:  2412                                  |
|   \\  /    A nd           | Website:  www.openfoam.com                      |
|    \\/     M anipulation  |                                                 |
\*---------------------------------------------------------------------------*/
FoamFile
{
    version     2.0;
    format      ascii;
    arch        "LSB;label=32;scalar=64";
    class       volScalarField;
    location    "2.2/solid";
    object      T;
}
// * * * * * * * * * * * * * * * * * * * * * * * * * * * * * * * * * * * * * //

dimensions      [0 0 0 1 0 0 0];

internalField   nonuniform List<scalar> 
1000
(
351.057
351.066
351.07
351.073
351.074
351.075
351.074
351.074
351.072
351.069
351.063
351.069
351.073
351.075
351.076
351.077
351.077
351.076
351.075
351.072
351.065
351.071
351.074
351.076
351.077
351.077
351.077
351.077
351.076
351.073
351.067
351.072
351.075
351.076
351.077
351.078
351.078
351.077
351.076
351.073
351.067
351.072
351.075
351.076
351.077
351.078
351.078
351.078
351.076
351.074
351.067
351.072
351.075
351.076
351.077
351.078
351.078
351.077
351.076
351.074
351.066
351.072
351.075
351.076
351.077
351.078
351.078
351.077
351.076
351.073
351.065
351.071
351.074
351.076
351.077
351.077
351.077
351.077
351.076
351.073
351.063
351.069
351.073
351.075
351.076
351.077
351.077
351.076
351.074
351.072
351.056
351.066
351.07
351.073
351.074
351.074
351.074
351.074
351.072
351.069
347.236
347.254
347.265
347.271
347.274
347.276
347.276
347.274
347.27
347.263
347.246
347.26
347.268
347.274
347.277
347.278
347.279
347.277
347.274
347.268
347.252
347.264
347.271
347.275
347.278
347.28
347.28
347.279
347.276
347.27
347.255
347.266
347.273
347.277
347.279
347.28
347.281
347.28
347.277
347.272
347.257
347.267
347.273
347.277
347.279
347.281
347.281
347.28
347.278
347.272
347.256
347.266
347.273
347.277
347.279
347.281
347.281
347.28
347.278
347.272
347.255
347.265
347.272
347.277
347.279
347.28
347.281
347.28
347.277
347.271
347.252
347.263
347.271
347.276
347.278
347.28
347.28
347.279
347.276
347.27
347.246
347.259
347.268
347.274
347.277
347.278
347.279
347.277
347.274
347.268
347.236
347.253
347.264
347.271
347.274
347.275
347.275
347.274
347.27
347.263
343.569
343.59
343.604
343.613
343.618
343.62
343.62
343.618
343.613
343.604
343.58
343.597
343.608
343.616
343.62
343.623
343.623
343.621
343.617
343.609
343.587
343.601
343.611
343.618
343.622
343.624
343.625
343.623
343.619
343.612
343.591
343.604
343.613
343.619
343.623
343.625
343.626
343.625
343.621
343.614
343.593
343.605
343.614
343.62
343.623
343.625
343.627
343.626
343.622
343.615
343.592
343.605
343.613
343.619
343.623
343.625
343.626
343.625
343.622
343.615
343.591
343.604
343.613
343.619
343.623
343.625
343.626
343.625
343.621
343.614
343.587
343.601
343.611
343.618
343.621
343.624
343.625
343.623
343.619
343.612
343.581
343.597
343.608
343.615
343.619
343.622
343.623
343.621
343.617
343.609
343.569
343.59
343.603
343.612
343.617
343.619
343.62
343.618
343.613
343.604
340.141
340.162
340.178
340.188
340.193
340.196
340.197
340.195
340.19
340.18
340.152
340.169
340.182
340.191
340.196
340.199
340.2
340.198
340.193
340.186
340.159
340.173
340.184
340.192
340.197
340.2
340.202
340.2
340.196
340.189
340.163
340.177
340.187
340.194
340.198
340.201
340.203
340.202
340.199
340.192
340.165
340.178
340.188
340.195
340.199
340.202
340.203
340.203
340.199
340.193
340.165
340.178
340.188
340.194
340.199
340.202
340.203
340.203
340.199
340.193
340.164
340.178
340.187
340.194
340.198
340.201
340.203
340.202
340.199
340.192
340.16
340.175
340.185
340.193
340.197
340.2
340.201
340.2
340.196
340.189
340.153
340.17
340.182
340.19
340.195
340.199
340.2
340.198
340.193
340.185
340.141
340.163
340.178
340.187
340.192
340.196
340.197
340.195
340.19
340.18
337.032
337.053
337.068
337.079
337.085
337.089
337.09
337.088
337.083
337.075
337.042
337.059
337.072
337.082
337.088
337.091
337.093
337.092
337.087
337.08
337.049
337.063
337.075
337.084
337.089
337.093
337.094
337.093
337.09
337.084
337.053
337.067
337.077
337.085
337.09
337.093
337.096
337.095
337.093
337.087
337.055
337.068
337.078
337.086
337.09
337.094
337.096
337.096
337.093
337.088
337.055
337.068
337.078
337.086
337.09
337.094
337.096
337.096
337.093
337.088
337.054
337.068
337.078
337.086
337.09
337.093
337.096
337.096
337.092
337.087
337.051
337.065
337.077
337.085
337.089
337.092
337.094
337.093
337.09
337.083
337.044
337.06
337.073
337.082
337.087
337.091
337.093
337.091
337.087
337.08
337.033
337.054
337.069
337.079
337.084
337.088
337.09
337.089
337.084
337.075
334.318
334.338
334.353
334.363
334.37
334.375
334.377
334.375
334.371
334.364
334.329
334.344
334.357
334.366
334.373
334.377
334.38
334.378
334.375
334.37
334.335
334.349
334.359
334.369
334.375
334.379
334.381
334.38
334.379
334.374
334.339
334.351
334.361
334.37
334.376
334.38
334.382
334.382
334.381
334.376
334.339
334.352
334.362
334.37
334.376
334.38
334.382
334.382
334.381
334.377
334.34
334.352
334.363
334.37
334.376
334.38
334.383
334.383
334.381
334.377
334.339
334.352
334.363
334.371
334.376
334.38
334.383
334.383
334.38
334.375
334.336
334.35
334.361
334.37
334.375
334.378
334.381
334.38
334.377
334.372
334.329
334.345
334.358
334.367
334.372
334.376
334.379
334.378
334.376
334.37
334.318
334.339
334.354
334.364
334.37
334.374
334.377
334.376
334.372
334.365
332.064
332.083
332.097
332.108
332.115
332.12
332.123
332.122
332.119
332.113
332.074
332.089
332.101
332.111
332.118
332.123
332.126
332.125
332.123
332.119
332.08
332.093
332.103
332.113
332.12
332.125
332.127
332.127
332.126
332.123
332.083
332.095
332.105
332.115
332.121
332.126
332.128
332.129
332.128
332.125
332.083
332.095
332.106
332.115
332.12
332.125
332.128
332.129
332.128
332.125
332.083
332.096
332.106
332.114
332.12
332.125
332.128
332.129
332.128
332.125
332.083
332.096
332.106
332.114
332.12
332.125
332.129
332.129
332.127
332.123
332.08
332.093
332.104
332.113
332.119
332.123
332.127
332.127
332.125
332.121
332.073
332.089
332.101
332.11
332.116
332.121
332.125
332.125
332.124
332.119
332.063
332.082
332.097
332.107
332.114
332.119
332.123
332.123
332.12
332.114
330.321
330.34
330.354
330.365
330.373
330.379
330.382
330.381
330.379
330.375
330.331
330.346
330.358
330.369
330.376
330.382
330.385
330.384
330.383
330.38
330.337
330.35
330.36
330.371
330.378
330.383
330.386
330.386
330.386
330.384
330.34
330.352
330.362
330.373
330.379
330.384
330.387
330.388
330.388
330.386
330.34
330.352
330.363
330.372
330.379
330.383
330.387
330.388
330.388
330.386
330.339
330.351
330.362
330.372
330.378
330.383
330.387
330.389
330.388
330.386
330.338
330.351
330.362
330.372
330.378
330.383
330.388
330.388
330.387
330.384
330.335
330.348
330.36
330.37
330.377
330.382
330.385
330.385
330.385
330.382
330.328
330.344
330.356
330.367
330.374
330.38
330.384
330.385
330.384
330.38
330.318
330.338
330.353
330.364
330.372
330.378
330.382
330.383
330.381
330.376
329.131
329.15
329.165
329.178
329.186
329.192
329.196
329.195
329.193
329.19
329.141
329.157
329.169
329.181
329.19
329.196
329.199
329.199
329.198
329.195
329.147
329.161
329.172
329.185
329.192
329.198
329.201
329.2
329.201
329.199
329.15
329.163
329.175
329.186
329.193
329.198
329.201
329.202
329.203
329.201
329.15
329.163
329.175
329.186
329.192
329.197
329.201
329.202
329.203
329.201
329.149
329.163
329.176
329.186
329.192
329.197
329.202
329.203
329.203
329.201
329.149
329.163
329.176
329.186
329.193
329.198
329.202
329.202
329.202
329.199
329.145
329.161
329.174
329.185
329.191
329.196
329.199
329.2
329.2
329.197
329.139
329.156
329.17
329.182
329.189
329.194
329.198
329.2
329.199
329.195
329.129
329.148
329.165
329.178
329.186
329.192
329.196
329.197
329.196
329.191
328.522
328.543
328.56
328.574
328.583
328.59
328.593
328.593
328.591
328.587
328.532
328.551
328.565
328.578
328.587
328.593
328.597
328.597
328.595
328.593
328.539
328.556
328.569
328.582
328.59
328.596
328.599
328.599
328.599
328.597
328.542
328.558
328.572
328.584
328.591
328.596
328.6
328.6
328.601
328.599
328.542
328.559
328.573
328.584
328.591
328.596
328.599
328.601
328.601
328.599
328.542
328.56
328.574
328.584
328.591
328.596
328.6
328.601
328.601
328.599
328.542
328.56
328.574
328.585
328.591
328.596
328.6
328.601
328.6
328.597
328.538
328.557
328.572
328.583
328.59
328.594
328.597
328.599
328.598
328.595
328.531
328.551
328.568
328.58
328.587
328.592
328.596
328.598
328.597
328.593
328.521
328.542
328.562
328.575
328.583
328.589
328.594
328.595
328.593
328.589
)
;

boundaryField
{
    bodyBottom
    {
        type            fixedValue;
        value           uniform 353;
    }
    solid_to_fluid
    {
        type            compressible::turbulentTemperatureCoupledBaffleMixed;
        refValue        nonuniform List<scalar> 
500
(
321.52
325.841
327.708
328.801
329.342
329.342
328.801
327.708
325.841
321.521
310.622
314.891
318.403
320.283
321.103
321.103
320.283
318.404
314.892
310.623
305.721
308.864
311.51
312.916
313.529
313.529
312.917
311.511
308.864
305.722
304.167
306.866
309.08
310.204
310.679
310.68
310.204
309.08
306.866
304.168
303.428
305.946
307.977
308.982
309.407
309.407
308.982
307.978
305.946
303.429
302.985
305.413
307.372
308.326
308.73
308.73
308.326
307.372
305.413
302.985
302.607
304.934
306.834
307.744
308.129
308.129
307.744
306.833
304.934
302.607
301.955
304.064
305.809
306.628
306.966
306.966
306.628
305.809
304.064
301.955
300.826
302.554
304.011
304.688
304.964
304.964
304.688
304.011
302.553
300.825
299.529
300.778
301.854
302.338
302.527
302.527
302.338
301.854
300.778
299.529
322.65
336.428
339.261
342.105
340.794
340.338
339.235
337.962
336.621
335.428
313.543
334.202
338.568
340.621
340.042
339.497
338.304
336.812
335.23
332.904
308.953
329.683
335.741
337.501
337.104
336.768
335.745
334.433
332.74
328.239
307.194
327.187
332.731
334.056
333.832
333.83
332.983
331.971
330.202
324.704
306.213
325.059
329.696
330.813
330.546
330.694
330.021
329.337
327.669
322.497
305.54
323.189
327.18
328.138
327.857
328.014
327.449
326.953
325.557
321.037
304.996
321.349
325.176
325.925
325.686
325.818
325.286
324.812
323.827
320.076
304.302
319.428
323.832
324.493
324.33
324.232
323.782
323.219
322.39
319.526
303.317
316.622
322.57
323.222
323.258
322.917
322.585
322.026
320.929
319.095
302.09
310.747
319.229
321.415
321.219
321.682
321.429
320.54
319.594
318.018
339.472
339.928
339.571
339.295
339.219
339.208
339.278
339.548
339.9
339.443
330.343
331.295
330.897
330.371
330.149
330.125
330.344
330.86
331.246
330.289
322.553
323.471
323.234
323.096
323.46
323.44
323.076
323.204
323.425
322.5
319.447
320.594
320.948
321.704
322.971
322.955
321.683
320.922
320.554
319.4
318.382
319.766
320.492
321.752
323.484
323.47
321.725
320.463
319.726
318.34
317.832
319.355
320.365
321.962
323.937
323.922
321.926
320.325
319.311
317.791
317.698
319.268
320.427
322.155
324.118
324.099
322.111
320.376
319.218
317.656
317.96
319.442
320.554
322.181
323.804
323.78
322.136
320.495
319.388
317.917
318.538
319.702
320.491
321.793
323.272
323.238
321.746
320.433
319.65
318.5
318.767
319.327
319.531
320.383
321.689
321.65
320.333
319.477
319.284
318.739
322.649
336.427
339.26
342.104
340.792
340.339
339.237
337.966
336.627
335.438
313.542
334.201
338.568
340.622
340.043
339.5
338.31
336.82
335.242
332.929
308.952
329.683
335.742
337.503
337.107
336.772
335.753
334.444
332.757
328.279
307.193
327.186
332.731
334.058
333.836
333.835
332.99
331.981
330.222
324.744
306.212
325.058
329.696
330.813
330.548
330.698
330.026
329.346
327.687
322.531
305.539
323.187
327.179
328.137
327.857
328.017
327.453
326.959
325.57
321.066
304.996
321.348
325.175
325.924
325.686
325.819
325.289
324.816
323.837
320.1
304.302
319.428
323.832
324.494
324.331
324.234
323.785
323.221
322.396
319.546
303.317
316.62
322.569
323.221
323.259
322.918
322.588
322.034
320.938
319.108
302.09
310.745
319.221
321.411
321.218
321.681
321.432
320.541
319.597
318.029
302.113
310.878
318.16
319.822
320.06
320.552
320.675
320.303
319.527
317.833
303.284
316.957
322.03
323.062
323.04
323.062
322.931
322.45
321.378
319.358
304.122
319.537
323.249
324.324
324.258
324.059
323.72
323.155
322.12
320.473
304.531
320.509
322.873
324.011
324.195
324.214
323.995
323.565
322.991
321.39
304.712
321.302
322.443
323.463
323.868
324.059
324.059
323.963
323.8
322.481
304.712
321.302
322.441
323.46
323.866
324.058
324.056
323.958
323.789
322.456
304.531
320.506
322.871
324.01
324.195
324.214
323.995
323.563
322.982
321.362
304.122
319.536
323.249
324.323
324.256
324.057
323.718
323.153
322.115
320.451
303.284
316.955
322.027
323.059
323.037
323.06
322.929
322.448
321.374
319.346
302.113
310.876
318.152
319.819
320.058
320.551
320.675
320.303
319.525
317.826
)
;
        refGradient     uniform 0;
        valueFraction   nonuniform List<scalar> 
500
(
0.000301416
0.000301416
0.000301416
0.000301416
0.000301416
0.000301416
0.000301416
0.000301416
0.000301416
0.000301416
0.000301416
0.000301416
0.000301416
0.000301416
0.000301416
0.000301416
0.000301416
0.000301416
0.000301416
0.000301416
0.000301416
0.000301416
0.000301416
0.000301416
0.000301416
0.000301416
0.000301416
0.000301416
0.000301416
0.000301416
0.000301416
0.000301416
0.000301416
0.000301416
0.000301416
0.000301416
0.000301416
0.000301416
0.000301416
0.000301416
0.000301416
0.000301416
0.000301416
0.000301416
0.000301416
0.000301416
0.000301416
0.000301416
0.000301416
0.000301416
0.000301416
0.000301416
0.000301416
0.000301416
0.000301416
0.000301416
0.000301416
0.000301416
0.000301416
0.000301416
0.000301416
0.000301416
0.000301416
0.000301416
0.000301416
0.000301416
0.000301416
0.000301416
0.000301416
0.000301416
0.000301416
0.000301416
0.000301416
0.000301416
0.000301416
0.000301416
0.000301416
0.000301416
0.000301416
0.000301416
0.000301416
0.000301416
0.000301416
0.000301416
0.000301416
0.000301416
0.000301416
0.000301416
0.000301416
0.000301416
0.000301416
0.000301416
0.000301416
0.000301416
0.000301416
0.000301416
0.000301416
0.000301416
0.000301416
0.000301416
0.000302436
0.000302436
0.000302436
0.000302436
0.000302436
0.000302436
0.000302436
0.000302436
0.000302436
0.000302436
0.000302436
0.000302436
0.000302436
0.000302436
0.000302436
0.000302436
0.000302436
0.000302436
0.000302436
0.000302436
0.000302436
0.000302436
0.000302436
0.000302436
0.000302436
0.000302436
0.000302436
0.000302436
0.000302436
0.000302436
0.000302436
0.000302436
0.000302436
0.000302436
0.000302436
0.000302436
0.000302436
0.000302436
0.000302436
0.000302436
0.000302436
0.000302436
0.000302436
0.000302436
0.000302436
0.000302436
0.000302436
0.000302436
0.000302436
0.000302436
0.000302436
0.000302436
0.000302436
0.000302436
0.000302436
0.000302436
0.000302436
0.000302436
0.000302436
0.000302436
0.000302436
0.000302436
0.000302436
0.000302436
0.000302436
0.000302436
0.000302436
0.000302436
0.000302436
0.000302436
0.000302436
0.000302436
0.000302436
0.000302436
0.000302436
0.000302436
0.000302436
0.000302436
0.000302436
0.000302436
0.000302436
0.000302436
0.000302436
0.000302436
0.000302436
0.000302436
0.000302436
0.000302436
0.000302436
0.000302436
0.000302436
0.000302436
0.000302436
0.000302436
0.000302436
0.000302436
0.000302436
0.000302436
0.000302436
0.000302436
0.000300478
0.000300478
0.000300478
0.000300478
0.000300478
0.000300478
0.000300478
0.000300478
0.000300478
0.000300478
0.000300478
0.000300478
0.000300478
0.000300478
0.000300478
0.000300478
0.000300478
0.000300478
0.000300478
0.000300478
0.000300478
0.000300478
0.000300478
0.000300478
0.000300478
0.000300478
0.000300478
0.000300478
0.000300478
0.000300478
0.000300478
0.000300478
0.000300478
0.000300478
0.000300478
0.000300478
0.000300478
0.000300478
0.000300478
0.000300478
0.000300478
0.000300478
0.000300478
0.000300478
0.000300478
0.000300478
0.000300478
0.000300478
0.000300478
0.000300478
0.000300478
0.000300478
0.000300478
0.000300478
0.000300478
0.000300478
0.000300478
0.000300478
0.000300478
0.000300478
0.000300478
0.000300478
0.000300478
0.000300478
0.000300478
0.000300478
0.000300478
0.000300478
0.000300478
0.000300478
0.000300478
0.000300478
0.000300478
0.000300478
0.000300478
0.000300478
0.000300478
0.000300478
0.000300478
0.000300478
0.000300478
0.000300478
0.000300478
0.000300478
0.000300478
0.000300478
0.000300478
0.000300478
0.000300478
0.000300478
0.000300478
0.000300478
0.000300478
0.000300478
0.000300478
0.000300478
0.000300478
0.000300478
0.000300478
0.000300478
0.000302436
0.000302436
0.000302436
0.000302436
0.000302436
0.000302436
0.000302436
0.000302436
0.000302436
0.000302436
0.000302436
0.000302436
0.000302436
0.000302436
0.000302436
0.000302436
0.000302436
0.000302436
0.000302436
0.000302436
0.000302436
0.000302436
0.000302436
0.000302436
0.000302436
0.000302436
0.000302436
0.000302436
0.000302436
0.000302436
0.000302436
0.000302436
0.000302436
0.000302436
0.000302436
0.000302436
0.000302436
0.000302436
0.000302436
0.000302436
0.000302436
0.000302436
0.000302436
0.000302436
0.000302436
0.000302436
0.000302436
0.000302436
0.000302436
0.000302436
0.000302436
0.000302436
0.000302436
0.000302436
0.000302436
0.000302436
0.000302436
0.000302436
0.000302436
0.000302436
0.000302436
0.000302436
0.000302436
0.000302436
0.000302436
0.000302436
0.000302436
0.000302436
0.000302436
0.000302436
0.000302436
0.000302436
0.000302436
0.000302436
0.000302436
0.000302436
0.000302436
0.000302436
0.000302436
0.000302436
0.000302436
0.000302436
0.000302436
0.000302436
0.000302436
0.000302436
0.000302436
0.000302436
0.000302436
0.000302436
0.000302436
0.000302436
0.000302436
0.000302436
0.000302436
0.000302436
0.000302436
0.000302436
0.000302436
0.000302436
0.000301115
0.000301115
0.000301115
0.000301115
0.000301115
0.000301115
0.000301115
0.000301115
0.000301115
0.000301115
0.000301115
0.000301115
0.000301115
0.000301115
0.000301115
0.000301115
0.000301115
0.000301115
0.000301115
0.000301115
0.000301115
0.000301115
0.000301115
0.000301115
0.000301115
0.000301115
0.000301115
0.000301115
0.000301115
0.000301115
0.000301115
0.000301115
0.000301115
0.000301115
0.000301115
0.000301115
0.000301115
0.000301115
0.000301115
0.000301115
0.000301115
0.000301115
0.000301115
0.000301115
0.000301115
0.000301115
0.000301115
0.000301115
0.000301115
0.000301115
0.000301115
0.000301115
0.000301115
0.000301115
0.000301115
0.000301115
0.000301115
0.000301115
0.000301115
0.000301115
0.000301115
0.000301115
0.000301115
0.000301115
0.000301115
0.000301115
0.000301115
0.000301115
0.000301115
0.000301115
0.000301115
0.000301115
0.000301115
0.000301115
0.000301115
0.000301115
0.000301115
0.000301115
0.000301115
0.000301115
0.000301115
0.000301115
0.000301115
0.000301115
0.000301115
0.000301115
0.000301115
0.000301115
0.000301115
0.000301115
0.000301115
0.000301115
0.000301115
0.000301115
0.000301115
0.000301115
0.000301115
0.000301115
0.000301115
0.000301115
)
;
        source          uniform 0;
        Tnbr            T;
        kappaMethod     solidThermo;
        value           nonuniform List<scalar> 
500
(
351.047
351.055
351.058
351.06
351.06
351.06
351.06
351.058
351.055
351.047
347.224
347.236
347.243
347.247
347.248
347.248
347.246
347.243
347.236
347.224
343.556
343.569
343.576
343.581
343.583
343.582
343.581
343.577
343.569
343.556
340.128
340.14
340.148
340.153
340.154
340.155
340.153
340.149
340.142
340.129
337.02
337.031
337.039
337.043
337.045
337.045
337.044
337.04
337.033
337.021
334.307
334.318
334.325
334.329
334.33
334.33
334.329
334.326
334.318
334.307
332.053
332.064
332.07
332.074
332.074
332.074
332.073
332.07
332.063
332.052
330.31
330.321
330.327
330.33
330.33
330.329
330.328
330.325
330.318
330.307
329.12
329.13
329.137
329.14
329.14
329.139
329.139
329.135
329.128
329.117
328.51
328.521
328.528
328.531
328.532
328.532
328.531
328.527
328.52
328.509
351.048
351.061
351.066
351.07
351.071
351.071
351.071
351.069
351.067
351.064
347.225
347.249
347.261
347.268
347.271
347.272
347.272
347.27
347.265
347.258
343.557
343.584
343.6
343.609
343.614
343.616
343.617
343.614
343.608
343.598
340.13
340.157
340.174
340.184
340.189
340.193
340.193
340.191
340.185
340.174
337.021
337.048
337.065
337.075
337.081
337.084
337.086
337.084
337.079
337.069
334.308
334.333
334.349
334.36
334.366
334.37
334.373
334.372
334.368
334.359
332.053
332.077
332.093
332.103
332.109
332.115
332.119
332.119
332.116
332.108
330.308
330.332
330.348
330.36
330.367
330.373
330.378
330.378
330.376
330.37
329.118
329.142
329.161
329.174
329.181
329.187
329.191
329.193
329.191
329.186
328.51
328.534
328.556
328.57
328.578
328.584
328.589
328.59
328.588
328.583
351.065
351.068
351.069
351.07
351.07
351.07
351.07
351.069
351.068
351.065
347.257
347.262
347.265
347.266
347.266
347.266
347.266
347.264
347.262
347.257
343.596
343.602
343.605
343.607
343.608
343.608
343.607
343.605
343.602
343.596
340.173
340.178
340.182
340.185
340.186
340.186
340.185
340.182
340.178
340.173
337.067
337.073
337.077
337.081
337.082
337.082
337.08
337.077
337.073
337.068
334.357
334.363
334.368
334.371
334.372
334.371
334.369
334.366
334.363
334.358
332.107
332.113
332.117
332.12
332.121
332.12
332.118
332.115
332.112
332.108
330.369
330.374
330.378
330.381
330.382
330.381
330.379
330.376
330.374
330.37
329.184
329.19
329.194
329.196
329.197
329.196
329.194
329.192
329.19
329.186
328.582
328.587
328.591
328.594
328.595
328.594
328.592
328.59
328.588
328.583
351.048
351.061
351.067
351.07
351.071
351.071
351.071
351.069
351.067
351.064
347.225
347.249
347.262
347.269
347.272
347.273
347.272
347.27
347.265
347.258
343.557
343.585
343.601
343.61
343.615
343.617
343.617
343.614
343.608
343.598
340.129
340.157
340.174
340.185
340.19
340.193
340.194
340.191
340.185
340.174
337.021
337.048
337.064
337.075
337.081
337.085
337.086
337.084
337.079
337.069
334.308
334.333
334.348
334.359
334.366
334.371
334.373
334.371
334.366
334.358
332.054
332.078
332.093
332.104
332.111
332.116
332.119
332.117
332.114
332.107
330.311
330.334
330.35
330.361
330.369
330.375
330.378
330.377
330.374
330.369
329.121
329.144
329.161
329.173
329.182
329.188
329.192
329.191
329.188
329.184
328.511
328.535
328.555
328.569
328.578
328.585
328.589
328.588
328.585
328.582
328.511
328.535
328.554
328.568
328.578
328.584
328.588
328.588
328.585
328.582
328.522
328.545
328.561
328.574
328.583
328.589
328.593
328.592
328.591
328.587
328.529
328.55
328.565
328.578
328.586
328.592
328.595
328.594
328.594
328.591
328.532
328.553
328.568
328.58
328.587
328.593
328.596
328.596
328.597
328.594
328.532
328.554
328.568
328.58
328.587
328.592
328.595
328.597
328.597
328.595
328.532
328.555
328.569
328.58
328.587
328.592
328.596
328.597
328.597
328.594
328.532
328.555
328.57
328.581
328.587
328.592
328.596
328.597
328.596
328.592
328.528
328.552
328.568
328.579
328.586
328.59
328.593
328.594
328.594
328.59
328.521
328.545
328.563
328.576
328.583
328.587
328.592
328.593
328.592
328.588
328.51
328.534
328.556
328.57
328.578
328.584
328.588
328.59
328.588
328.583
)
;
    }
}


// ************************************************************************* //
