/*--------------------------------*- C++ -*----------------------------------*\
| =========                 |                                                 |
| \\      /  F ield         | OpenFOAM: The Open Source CFD Toolbox           |
|  \\    /   O peration     | Version:  2412                                  |
|   \\  /    A nd           | Website:  www.openfoam.com                      |
|    \\/     M anipulation  |                                                 |
\*---------------------------------------------------------------------------*/
FoamFile
{
    version     2.0;
    format      ascii;
    arch        "LSB;label=32;scalar=64";
    class       volScalarField;
    location    "2.2/solid";
    object      wallHeatFlux;
}
// * * * * * * * * * * * * * * * * * * * * * * * * * * * * * * * * * * * * * //

dimensions      [1 0 -3 0 0 0 0];

internalField   uniform 0;

boundaryField
{
    bodyBottom
    {
        type            calculated;
        value           nonuniform List<scalar> 
100
(
398315
397085
396675
396265
396265
396265
396470
396675
397085
398520
396470
395855
395445
395240
395240
395240
395240
395445
395855
396470
395650
395035
394830
394625
394625
394625
394625
394830
395035
395650
395035
394625
394420
394420
394420
394420
394420
394420
394625
395035
394830
394420
394215
394215
394215
394215
394215
394215
394420
394830
394625
394215
394215
394010
394010
394010
394010
394215
394215
394830
394830
394215
394215
394010
394010
394010
394010
394215
394215
394830
394830
394420
394215
394215
394010
394215
394215
394215
394420
394830
395240
394625
394420
394420
394420
394420
394420
394420
394830
395240
395855
395240
395035
395035
394830
394830
395035
395035
395240
395855
)
;
    }
    solid_to_fluid
    {
        type            calculated;
        value           nonuniform List<scalar> 
500
(
-2050
-1640
-1435
-1435
-1435
-1435
-1230
-1435
-1640
-1845
-2460
-2050
-1845
-1640
-1845
-1640
-1845
-1845
-2050
-2460
-2665
-2255
-2255
-2050
-2050
-2050
-2050
-2050
-2460
-2665
-2665
-2460
-2255
-2050
-2255
-2050
-2255
-2255
-2255
-2460
-2460
-2255
-2050
-2050
-2050
-2050
-2050
-2255
-2255
-2460
-2255
-2255
-2050
-2050
-1845
-2050
-2050
-2050
-2255
-2255
-2255
-2050
-2050
-1845
-1845
-1845
-2050
-2050
-2050
-2255
-2255
-2050
-2050
-2050
-2050
-2050
-2050
-2050
-2050
-2255
-2255
-2255
-2050
-2050
-2050
-2050
-2050
-2050
-2255
-2460
-2460
-2255
-2255
-2255
-2050
-2050
-2255
-2255
-2255
-2460
-1640
-1025
-820
-615
-615
-615
-615
-1025
-1025
-1025
-2255
-820
-615
-615
-615
-615
-615
-820
-1025
-1025
-2460
-1230
-615
-615
-615
-615
-615
-820
-1025
-1230
-2255
-1230
-820
-615
-615
-615
-820
-820
-1025
-1230
-2460
-1230
-820
-820
-615
-820
-820
-1025
-1025
-1230
-2050
-1230
-1025
-820
-820
-820
-820
-820
-820
-1230
-2050
-1025
-820
-820
-1025
-820
-820
-820
-820
-1230
-2050
-1230
-1025
-820
-1025
-1025
-820
-1025
-1025
-1230
-2255
-1230
-820
-820
-1025
-1025
-1025
-820
-1025
-1025
-2255
-1640
-1230
-1025
-1025
-1025
-1025
-1025
-1025
-1230
-820
-820
-820
-615
-820
-820
-615
-820
-820
-820
-1230
-1230
-1025
-1230
-1230
-1230
-1025
-1230
-1230
-1230
-1640
-1435
-1435
-1435
-1435
-1435
-1435
-1435
-1435
-1640
-1435
-1640
-1435
-1435
-1435
-1435
-1435
-1435
-1435
-1435
-1640
-1435
-1435
-1230
-1230
-1230
-1435
-1230
-1435
-1435
-1435
-1435
-1230
-1025
-1025
-1230
-1230
-1230
-1435
-1435
-1230
-1230
-1230
-1025
-820
-1025
-1025
-1230
-1435
-1230
-1230
-1230
-1230
-1025
-820
-1025
-1025
-1230
-1230
-1230
-1230
-1025
-1025
-1025
-820
-1025
-1025
-1025
-1025
-1025
-1025
-1230
-1230
-1025
-820
-1025
-1025
-1025
-1025
-1230
-1845
-1025
-615
-615
-615
-820
-615
-1025
-1025
-1025
-2255
-1025
-615
-410
-410
-615
-820
-820
-1025
-1025
-2460
-1025
-615
-615
-615
-615
-615
-820
-1025
-1230
-2460
-1025
-820
-615
-615
-615
-615
-820
-1025
-1230
-2255
-1025
-820
-820
-820
-820
-820
-820
-820
-1230
-2050
-1025
-1025
-820
-820
-820
-820
-820
-1025
-1230
-2050
-1025
-820
-820
-820
-820
-820
-1025
-1025
-1230
-2050
-1230
-820
-820
-820
-820
-820
-820
-1025
-1230
-2050
-1230
-820
-1025
-820
-820
-820
-820
-1025
-1230
-2255
-1640
-1025
-1025
-1025
-1025
-820
-1025
-1230
-1025
-2255
-1640
-1230
-1230
-1025
-1230
-1025
-1025
-1230
-1025
-2050
-1230
-820
-820
-820
-820
-820
-1025
-820
-1230
-2050
-1230
-820
-820
-820
-820
-820
-1025
-1025
-1230
-2050
-1025
-820
-820
-820
-615
-820
-820
-820
-1025
-2050
-1025
-1025
-820
-820
-820
-820
-820
-820
-820
-2050
-1025
-1025
-820
-820
-820
-820
-820
-820
-1025
-2050
-1025
-820
-820
-820
-820
-820
-820
-820
-1025
-2050
-1025
-820
-820
-820
-820
-820
-1025
-820
-1025
-2050
-1230
-1025
-820
-820
-1025
-820
-1025
-1025
-1025
-2255
-1640
-1230
-1025
-1025
-1025
-1230
-1025
-1025
-1230
)
;
    }
}


// ************************************************************************* //
