/*--------------------------------*- C++ -*----------------------------------*\
| =========                 |                                                 |
| \\      /  F ield         | OpenFOAM: The Open Source CFD Toolbox           |
|  \\    /   O peration     | Version:  2412                                  |
|   \\  /    A nd           | Website:  www.openfoam.com                      |
|    \\/     M anipulation  |                                                 |
\*---------------------------------------------------------------------------*/
FoamFile
{
    version     2.0;
    format      ascii;
    arch        "LSB;label=32;scalar=64";
    class       volScalarField;
    location    "1.2/solid";
    object      T;
}
// * * * * * * * * * * * * * * * * * * * * * * * * * * * * * * * * * * * * * //

dimensions      [0 0 0 1 0 0 0];

internalField   nonuniform List<scalar> 
1000
(
349.735
349.744
349.749
349.751
349.751
349.752
349.752
349.751
349.749
349.746
349.741
349.748
349.751
349.752
349.753
349.754
349.754
349.753
349.752
349.749
349.743
349.749
349.752
349.753
349.754
349.754
349.754
349.754
349.752
349.75
349.745
349.75
349.752
349.753
349.754
349.754
349.754
349.754
349.753
349.75
349.745
349.75
349.752
349.753
349.754
349.754
349.754
349.754
349.753
349.75
349.745
349.75
349.752
349.753
349.754
349.754
349.754
349.754
349.753
349.75
349.744
349.75
349.752
349.753
349.754
349.754
349.754
349.754
349.753
349.75
349.743
349.749
349.752
349.753
349.754
349.754
349.754
349.753
349.752
349.75
349.741
349.747
349.751
349.752
349.753
349.753
349.754
349.753
349.751
349.749
349.735
349.744
349.748
349.75
349.751
349.752
349.751
349.751
349.749
349.746
343.311
343.327
343.337
343.342
343.344
343.344
343.344
343.343
343.339
343.332
343.32
343.332
343.339
343.344
343.346
343.347
343.347
343.345
343.342
343.336
343.325
343.335
343.341
343.344
343.346
343.347
343.347
343.346
343.344
343.338
343.327
343.337
343.342
343.345
343.346
343.347
343.348
343.347
343.345
343.34
343.328
343.337
343.342
343.345
343.346
343.347
343.348
343.347
343.345
343.34
343.327
343.336
343.342
343.345
343.346
343.347
343.348
343.347
343.345
343.34
343.327
343.336
343.342
343.345
343.346
343.347
343.348
343.347
343.345
343.34
343.324
343.335
343.341
343.345
343.346
343.347
343.347
343.346
343.343
343.338
343.32
343.331
343.339
343.343
343.345
343.346
343.347
343.345
343.342
343.336
343.31
343.326
343.335
343.341
343.343
343.344
343.344
343.343
343.339
343.332
337.15
337.168
337.179
337.186
337.189
337.19
337.191
337.188
337.184
337.176
337.159
337.173
337.182
337.188
337.19
337.192
337.192
337.19
337.186
337.18
337.164
337.176
337.182
337.188
337.19
337.192
337.192
337.191
337.188
337.182
337.167
337.178
337.185
337.189
337.19
337.192
337.193
337.193
337.19
337.184
337.168
337.178
337.185
337.189
337.19
337.192
337.193
337.193
337.19
337.184
337.167
337.178
337.184
337.188
337.19
337.192
337.193
337.193
337.19
337.184
337.167
337.177
337.184
337.188
337.19
337.192
337.193
337.192
337.19
337.184
337.165
337.176
337.183
337.188
337.19
337.191
337.192
337.19
337.188
337.182
337.159
337.173
337.181
337.186
337.189
337.191
337.192
337.19
337.186
337.179
337.15
337.167
337.178
337.184
337.187
337.189
337.19
337.188
337.184
337.175
331.404
331.421
331.433
331.44
331.442
331.444
331.446
331.444
331.439
331.432
331.412
331.425
331.435
331.441
331.444
331.446
331.447
331.445
331.441
331.435
331.417
331.427
331.435
331.441
331.443
331.445
331.446
331.445
331.442
331.437
331.42
331.43
331.437
331.441
331.443
331.445
331.447
331.446
331.445
331.44
331.42
331.431
331.437
331.441
331.443
331.445
331.447
331.447
331.445
331.44
331.421
331.431
331.437
331.441
331.443
331.445
331.447
331.447
331.445
331.44
331.421
331.431
331.438
331.442
331.443
331.445
331.447
331.447
331.445
331.439
331.419
331.43
331.437
331.442
331.443
331.445
331.446
331.445
331.443
331.437
331.414
331.427
331.436
331.44
331.443
331.445
331.446
331.445
331.441
331.435
331.405
331.422
331.433
331.438
331.441
331.443
331.445
331.444
331.439
331.432
326.213
326.228
326.238
326.244
326.247
326.25
326.251
326.25
326.247
326.24
326.219
326.231
326.24
326.246
326.248
326.251
326.252
326.251
326.248
326.243
326.223
326.233
326.239
326.245
326.248
326.25
326.252
326.251
326.249
326.246
326.226
326.235
326.241
326.245
326.247
326.249
326.251
326.252
326.251
326.248
326.226
326.235
326.241
326.245
326.247
326.249
326.251
326.252
326.251
326.248
326.226
326.236
326.242
326.246
326.247
326.249
326.251
326.252
326.251
326.247
326.228
326.237
326.243
326.247
326.248
326.249
326.252
326.252
326.251
326.247
326.226
326.236
326.243
326.247
326.248
326.249
326.251
326.25
326.249
326.245
326.222
326.234
326.242
326.246
326.248
326.25
326.252
326.251
326.248
326.243
326.214
326.229
326.239
326.245
326.247
326.249
326.251
326.25
326.247
326.241
321.701
321.714
321.722
321.727
321.731
321.734
321.736
321.734
321.732
321.729
321.708
321.717
321.723
321.729
321.732
321.735
321.737
321.735
321.734
321.732
321.711
321.719
321.723
321.729
321.732
321.734
321.736
321.735
321.736
321.734
321.712
321.719
321.723
321.729
321.731
321.733
321.735
321.736
321.737
321.735
321.711
321.718
321.723
321.728
321.73
321.732
321.734
321.735
321.736
321.734
321.711
321.719
321.724
321.728
321.73
321.732
321.735
321.736
321.736
321.734
321.713
321.721
321.727
321.73
321.731
321.733
321.736
321.737
321.735
321.733
321.712
321.721
321.727
321.731
321.731
321.733
321.735
321.735
321.734
321.732
321.708
321.719
321.726
321.73
321.731
321.732
321.735
321.736
321.735
321.732
321.702
321.715
321.724
321.728
321.73
321.732
321.736
321.736
321.734
321.73
317.972
317.983
317.989
317.994
317.997
318
318.003
318.002
318.001
317.999
317.977
317.985
317.99
317.995
317.998
318.001
318.003
318.002
318.003
318.002
317.98
317.986
317.989
317.995
317.998
318.001
318.002
318.002
318.005
318.004
317.98
317.985
317.989
317.995
317.997
318
318.002
318.003
318.005
318.005
317.978
317.983
317.988
317.993
317.995
317.997
318
318.002
318.004
318.003
317.978
317.984
317.988
317.992
317.994
317.997
318.001
318.003
318.003
318.002
317.979
317.986
317.99
317.994
317.995
317.999
318.002
318.004
318.003
318.001
317.979
317.986
317.991
317.994
317.996
317.998
318.001
318.002
318.002
318.001
317.976
317.985
317.991
317.994
317.995
317.998
318.002
318.003
318.004
318.002
317.97
317.982
317.989
317.993
317.994
317.998
318.002
318.004
318.004
318.001
315.103
315.112
315.117
315.122
315.126
315.129
315.132
315.131
315.131
315.131
315.108
315.115
315.118
315.123
315.127
315.13
315.132
315.131
315.133
315.133
315.109
315.115
315.117
315.123
315.127
315.129
315.131
315.13
315.134
315.135
315.109
315.114
315.117
315.123
315.126
315.128
315.13
315.131
315.135
315.135
315.106
315.111
315.116
315.121
315.123
315.125
315.128
315.13
315.133
315.133
315.105
315.11
315.115
315.12
315.122
315.125
315.129
315.131
315.132
315.132
315.106
315.112
315.117
315.122
315.123
315.127
315.131
315.132
315.132
315.132
315.106
315.112
315.117
315.122
315.124
315.126
315.13
315.13
315.132
315.132
315.103
315.111
315.116
315.121
315.123
315.126
315.13
315.133
315.134
315.133
315.098
315.108
315.115
315.12
315.123
315.127
315.131
315.134
315.134
315.133
313.155
313.163
313.168
313.173
313.177
313.181
313.184
313.183
313.184
313.184
313.159
313.166
313.169
313.174
313.178
313.181
313.185
313.184
313.185
313.187
313.16
313.165
313.168
313.176
313.178
313.181
313.184
313.182
313.186
313.188
313.16
313.165
313.169
313.175
313.177
313.18
313.182
313.183
313.187
313.188
313.157
313.163
313.168
313.173
313.175
313.177
313.18
313.182
313.185
313.186
313.156
313.163
313.169
313.173
313.175
313.177
313.181
313.183
313.185
313.185
313.158
313.165
313.172
313.176
313.177
313.179
313.182
313.184
313.185
313.184
313.158
313.165
313.172
313.176
313.177
313.178
313.181
313.182
313.185
313.185
313.155
313.164
313.17
313.175
313.177
313.178
313.182
313.186
313.188
313.187
313.15
313.16
313.168
313.174
313.176
313.179
313.184
313.187
313.188
313.186
312.167
312.176
312.182
312.187
312.191
312.195
312.199
312.198
312.199
312.2
312.171
312.179
312.183
312.189
312.193
312.196
312.2
312.199
312.201
312.202
312.173
312.179
312.184
312.191
312.194
312.196
312.199
312.198
312.201
312.203
312.173
312.179
312.185
312.191
312.193
312.195
312.197
312.198
312.202
312.203
312.17
312.177
312.183
312.189
312.19
312.192
312.195
312.197
312.2
312.201
312.17
312.179
312.185
312.189
312.19
312.192
312.196
312.198
312.2
312.2
312.172
312.181
312.188
312.192
312.193
312.194
312.198
312.199
312.2
312.2
312.172
312.182
312.188
312.193
312.193
312.193
312.196
312.198
312.201
312.2
312.17
312.18
312.187
312.192
312.193
312.194
312.198
312.201
312.203
312.202
312.165
312.175
312.185
312.19
312.192
312.194
312.199
312.202
312.203
312.202
)
;

boundaryField
{
    bodyBottom
    {
        type            fixedValue;
        value           uniform 353;
    }
    solid_to_fluid
    {
        type            compressible::turbulentTemperatureCoupledBaffleMixed;
        refValue        nonuniform List<scalar> 
500
(
319.835
323.838
325.557
326.578
327.084
327.084
326.578
325.557
323.838
319.834
308.739
312.485
315.567
317.22
317.942
317.941
317.219
315.566
312.485
308.739
303.777
306.383
308.574
309.737
310.24
310.24
309.737
308.574
306.384
303.777
301.927
304.045
305.781
306.659
307.027
307.027
306.659
305.781
304.046
301.927
300.818
302.685
304.191
304.934
305.246
305.246
304.934
304.191
302.686
300.818
299.903
301.568
302.912
303.563
303.836
303.836
303.563
302.912
301.568
299.904
299.202
300.703
301.932
302.523
302.77
302.77
302.523
301.932
300.702
299.201
298.428
299.719
300.796
301.304
301.513
301.513
301.304
300.795
299.718
298.427
297.503
298.52
299.387
299.795
299.961
299.961
299.794
299.386
298.519
297.502
296.633
297.352
297.978
298.265
298.377
298.377
298.265
297.978
297.351
296.632
321.114
334.82
337.657
340.562
339.206
338.767
337.621
336.274
334.863
333.532
311.508
330.932
335.317
337.414
336.857
336.323
335.145
333.576
331.842
329.035
306.594
324.921
330.607
332.368
332.058
331.762
330.828
329.524
327.721
323.044
304.383
320.927
325.743
327.045
326.936
326.924
326.252
325.314
323.556
318.578
302.915
317.403
321.048
322.06
321.934
322.081
321.587
321.005
319.503
315.259
301.678
314.223
317.076
317.838
317.688
317.806
317.44
317.08
315.99
312.695
300.742
311.462
313.844
314.332
314.194
314.273
313.957
313.681
313.065
310.688
299.836
309.037
311.474
311.827
311.704
311.613
311.365
311.075
310.673
309.17
298.91
306.521
309.632
309.939
309.897
309.688
309.535
309.277
308.767
307.952
298.019
302.771
307.183
308.371
308.215
308.417
308.27
307.845
307.441
306.775
337.208
337.723
337.532
337.488
337.541
337.541
337.488
337.53
337.722
337.208
325.443
326.435
326.419
326.339
326.32
326.319
326.337
326.417
326.434
325.442
317.289
318.276
318.561
319.024
319.669
319.669
319.023
318.559
318.275
317.288
314.011
315.159
315.93
317.055
318.259
318.259
317.053
315.927
315.157
314.01
311.993
313.25
314.304
315.748
317.193
317.193
315.745
314.3
313.248
311.992
310.467
311.739
312.937
314.497
315.943
315.942
314.494
312.932
311.737
310.466
309.314
310.517
311.706
313.188
314.319
314.319
313.184
311.702
310.515
309.313
308.519
309.564
310.592
311.822
312.622
312.621
311.818
310.588
309.563
308.519
308.056
308.837
309.564
310.443
311.145
311.144
310.44
309.561
308.837
308.057
307.626
308.076
308.394
308.965
309.652
309.652
308.962
308.392
308.075
307.629
321.114
334.82
337.657
340.563
339.207
338.767
337.622
336.275
334.863
333.532
311.508
330.933
335.317
337.415
336.858
336.323
335.145
333.576
331.841
329.034
306.593
324.922
330.608
332.369
332.059
331.762
330.828
329.523
327.721
323.043
304.382
320.926
325.743
327.045
326.937
326.924
326.251
325.313
323.555
318.577
302.914
317.403
321.047
322.06
321.934
322.08
321.587
321.004
319.501
315.258
301.678
314.222
317.075
317.837
317.688
317.806
317.439
317.078
315.988
312.694
300.742
311.462
313.844
314.332
314.195
314.273
313.956
313.679
313.062
310.687
299.837
309.038
311.475
311.828
311.705
311.613
311.364
311.073
310.671
309.168
298.911
306.522
309.632
309.939
309.897
309.688
309.534
309.274
308.764
307.95
298.019
302.772
307.183
308.369
308.215
308.417
308.269
307.842
307.438
306.773
297.953
302.568
306.301
307.256
307.366
307.606
307.666
307.507
307.194
306.484
298.606
305.828
308.411
308.93
308.912
308.923
308.873
308.675
308.217
307.324
299.081
307.257
309.114
309.652
309.607
309.514
309.362
309.118
308.672
307.988
299.317
307.825
308.949
309.581
309.689
309.721
309.617
309.443
309.212
308.669
299.426
308.429
308.745
309.327
309.569
309.706
309.73
309.713
309.691
309.323
299.426
308.43
308.746
309.327
309.568
309.706
309.731
309.714
309.691
309.322
299.317
307.826
308.949
309.579
309.687
309.719
309.616
309.442
309.21
308.666
299.081
307.258
309.115
309.652
309.606
309.512
309.36
309.118
308.672
307.987
298.606
305.829
308.414
308.931
308.912
308.922
308.873
308.677
308.219
307.325
297.952
302.568
306.303
307.258
307.366
307.605
307.667
307.51
307.197
306.486
)
;
        refGradient     uniform 0;
        valueFraction   nonuniform List<scalar> 
500
(
0.000301416
0.000301416
0.000301416
0.000301416
0.000301416
0.000301416
0.000301416
0.000301416
0.000301416
0.000301416
0.000301416
0.000301416
0.000301416
0.000301416
0.000301416
0.000301416
0.000301416
0.000301416
0.000301416
0.000301416
0.000301416
0.000301416
0.000301416
0.000301416
0.000301416
0.000301416
0.000301416
0.000301416
0.000301416
0.000301416
0.000301416
0.000301416
0.000301416
0.000301416
0.000301416
0.000301416
0.000301416
0.000301416
0.000301416
0.000301416
0.000301416
0.000301416
0.000301416
0.000301416
0.000301416
0.000301416
0.000301416
0.000301416
0.000301416
0.000301416
0.000301416
0.000301416
0.000301416
0.000301416
0.000301416
0.000301416
0.000301416
0.000301416
0.000301416
0.000301416
0.000301416
0.000301416
0.000301416
0.000301416
0.000301416
0.000301416
0.000301416
0.000301416
0.000301416
0.000301416
0.000301416
0.000301416
0.000301416
0.000301416
0.000301416
0.000301416
0.000301416
0.000301416
0.000301416
0.000301416
0.000301416
0.000301416
0.000301416
0.000301416
0.000301416
0.000301416
0.000301416
0.000301416
0.000301416
0.000301416
0.000301416
0.000301416
0.000301416
0.000301416
0.000301416
0.000301416
0.000301416
0.000301416
0.000301416
0.000301416
0.000302436
0.000302436
0.000302436
0.000302436
0.000302436
0.000302436
0.000302436
0.000302436
0.000302436
0.000302436
0.000302436
0.000302436
0.000302436
0.000302436
0.000302436
0.000302436
0.000302436
0.000302436
0.000302436
0.000302436
0.000302436
0.000302436
0.000302436
0.000302436
0.000302436
0.000302436
0.000302436
0.000302436
0.000302436
0.000302436
0.000302436
0.000302436
0.000302436
0.000302436
0.000302436
0.000302436
0.000302436
0.000302436
0.000302436
0.000302436
0.000302436
0.000302436
0.000302436
0.000302436
0.000302436
0.000302436
0.000302436
0.000302436
0.000302436
0.000302436
0.000302436
0.000302436
0.000302436
0.000302436
0.000302436
0.000302436
0.000302436
0.000302436
0.000302436
0.000302436
0.000302436
0.000302436
0.000302436
0.000302436
0.000302436
0.000302436
0.000302436
0.000302436
0.000302436
0.000302436
0.000302436
0.000302436
0.000302436
0.000302436
0.000302436
0.000302436
0.000302436
0.000302436
0.000302436
0.000302436
0.000302436
0.000302436
0.000302436
0.000302436
0.000302436
0.000302436
0.000302436
0.000302436
0.000302436
0.000302436
0.000302436
0.000302436
0.000302436
0.000302436
0.000302436
0.000302436
0.000302436
0.000302436
0.000302436
0.000302436
0.000300478
0.000300478
0.000300478
0.000300478
0.000300478
0.000300478
0.000300478
0.000300478
0.000300478
0.000300478
0.000300478
0.000300478
0.000300478
0.000300478
0.000300478
0.000300478
0.000300478
0.000300478
0.000300478
0.000300478
0.000300478
0.000300478
0.000300478
0.000300478
0.000300478
0.000300478
0.000300478
0.000300478
0.000300478
0.000300478
0.000300478
0.000300478
0.000300478
0.000300478
0.000300478
0.000300478
0.000300478
0.000300478
0.000300478
0.000300478
0.000300478
0.000300478
0.000300478
0.000300478
0.000300478
0.000300478
0.000300478
0.000300478
0.000300478
0.000300478
0.000300478
0.000300478
0.000300478
0.000300478
0.000300478
0.000300478
0.000300478
0.000300478
0.000300478
0.000300478
0.000300478
0.000300478
0.000300478
0.000300478
0.000300478
0.000300478
0.000300478
0.000300478
0.000300478
0.000300478
0.000300478
0.000300478
0.000300478
0.000300478
0.000300478
0.000300478
0.000300478
0.000300478
0.000300478
0.000300478
0.000300478
0.000300478
0.000300478
0.000300478
0.000300478
0.000300478
0.000300478
0.000300478
0.000300478
0.000300478
0.000300478
0.000300478
0.000300478
0.000300478
0.000300478
0.000300478
0.000300478
0.000300478
0.000300478
0.000300478
0.000302436
0.000302436
0.000302436
0.000302436
0.000302436
0.000302436
0.000302436
0.000302436
0.000302436
0.000302436
0.000302436
0.000302436
0.000302436
0.000302436
0.000302436
0.000302436
0.000302436
0.000302436
0.000302436
0.000302436
0.000302436
0.000302436
0.000302436
0.000302436
0.000302436
0.000302436
0.000302436
0.000302436
0.000302436
0.000302436
0.000302436
0.000302436
0.000302436
0.000302436
0.000302436
0.000302436
0.000302436
0.000302436
0.000302436
0.000302436
0.000302436
0.000302436
0.000302436
0.000302436
0.000302436
0.000302436
0.000302436
0.000302436
0.000302436
0.000302436
0.000302436
0.000302436
0.000302436
0.000302436
0.000302436
0.000302436
0.000302436
0.000302436
0.000302436
0.000302436
0.000302436
0.000302436
0.000302436
0.000302436
0.000302436
0.000302436
0.000302436
0.000302436
0.000302436
0.000302436
0.000302436
0.000302436
0.000302436
0.000302436
0.000302436
0.000302436
0.000302436
0.000302436
0.000302436
0.000302436
0.000302436
0.000302436
0.000302436
0.000302436
0.000302436
0.000302436
0.000302436
0.000302436
0.000302436
0.000302436
0.000302436
0.000302436
0.000302436
0.000302436
0.000302436
0.000302436
0.000302436
0.000302436
0.000302436
0.000302436
0.000301115
0.000301115
0.000301115
0.000301115
0.000301115
0.000301115
0.000301115
0.000301115
0.000301115
0.000301115
0.000301115
0.000301115
0.000301115
0.000301115
0.000301115
0.000301115
0.000301115
0.000301115
0.000301115
0.000301115
0.000301115
0.000301115
0.000301115
0.000301115
0.000301115
0.000301115
0.000301115
0.000301115
0.000301115
0.000301115
0.000301115
0.000301115
0.000301115
0.000301115
0.000301115
0.000301115
0.000301115
0.000301115
0.000301115
0.000301115
0.000301115
0.000301115
0.000301115
0.000301115
0.000301115
0.000301115
0.000301115
0.000301115
0.000301115
0.000301115
0.000301115
0.000301115
0.000301115
0.000301115
0.000301115
0.000301115
0.000301115
0.000301115
0.000301115
0.000301115
0.000301115
0.000301115
0.000301115
0.000301115
0.000301115
0.000301115
0.000301115
0.000301115
0.000301115
0.000301115
0.000301115
0.000301115
0.000301115
0.000301115
0.000301115
0.000301115
0.000301115
0.000301115
0.000301115
0.000301115
0.000301115
0.000301115
0.000301115
0.000301115
0.000301115
0.000301115
0.000301115
0.000301115
0.000301115
0.000301115
0.000301115
0.000301115
0.000301115
0.000301115
0.000301115
0.000301115
0.000301115
0.000301115
0.000301115
0.000301115
)
;
        source          uniform 0;
        Tnbr            T;
        kappaMethod     solidThermo;
        value           nonuniform List<scalar> 
500
(
349.726
349.733
349.736
349.737
349.738
349.738
349.737
349.736
349.733
349.726
343.299
343.31
343.315
343.319
343.319
343.319
343.318
343.315
343.309
343.299
337.138
337.148
337.154
337.157
337.158
337.158
337.157
337.154
337.148
337.138
331.393
331.401
331.406
331.41
331.411
331.411
331.411
331.409
331.403
331.394
326.202
326.209
326.214
326.217
326.217
326.217
326.218
326.217
326.212
326.203
321.691
321.698
321.702
321.703
321.702
321.702
321.704
321.703
321.699
321.692
317.962
317.968
317.971
317.971
317.969
317.969
317.971
317.97
317.967
317.961
315.094
315.099
315.101
315.101
315.098
315.096
315.098
315.097
315.095
315.089
313.146
313.15
313.152
313.152
313.149
313.148
313.149
313.149
313.146
313.141
312.158
312.163
312.164
312.164
312.162
312.162
312.164
312.164
312.161
312.156
349.726
349.739
349.744
349.747
349.748
349.748
349.747
349.746
349.744
349.74
343.299
343.321
343.332
343.338
343.34
343.341
343.341
343.338
343.334
343.327
337.139
337.162
337.174
337.18
337.183
337.186
337.186
337.184
337.179
337.169
331.394
331.416
331.429
331.435
331.437
331.44
331.441
331.439
331.434
331.425
326.204
326.223
326.235
326.24
326.242
326.245
326.247
326.246
326.242
326.234
321.692
321.709
321.719
321.724
321.725
321.728
321.731
321.731
321.729
321.723
317.961
317.976
317.984
317.988
317.989
317.993
317.997
317.999
317.998
317.995
315.09
315.102
315.11
315.114
315.117
315.122
315.126
315.129
315.129
315.127
313.142
313.154
313.163
313.169
313.171
313.174
313.178
313.181
313.182
313.181
312.156
312.168
312.179
312.184
312.186
312.189
312.193
312.196
312.197
312.196
349.742
349.745
349.746
349.746
349.746
349.746
349.746
349.746
349.745
349.742
343.326
343.33
343.332
343.333
343.334
343.333
343.333
343.332
343.33
343.326
337.168
337.172
337.175
337.177
337.177
337.177
337.177
337.174
337.172
337.168
331.424
331.428
331.43
331.433
331.433
331.433
331.433
331.43
331.428
331.424
326.233
326.236
326.239
326.242
326.242
326.241
326.241
326.238
326.236
326.234
321.722
321.726
321.728
321.73
321.729
321.728
321.727
321.726
321.725
321.723
317.993
317.996
317.998
317.999
317.998
317.997
317.996
317.995
317.996
317.994
315.125
315.128
315.129
315.13
315.128
315.127
315.127
315.126
315.128
315.127
313.179
313.181
313.182
313.183
313.181
313.18
313.179
313.179
313.181
313.181
312.194
312.196
312.197
312.198
312.196
312.195
312.194
312.195
312.197
312.196
349.726
349.739
349.745
349.748
349.748
349.748
349.747
349.746
349.744
349.74
343.3
343.322
343.333
343.339
343.341
343.341
343.341
343.339
343.334
343.327
337.139
337.162
337.176
337.183
337.185
337.187
337.187
337.184
337.179
337.169
331.393
331.415
331.429
331.436
331.439
331.441
331.442
331.439
331.434
331.425
326.203
326.222
326.233
326.24
326.243
326.245
326.247
326.246
326.242
326.234
321.692
321.708
321.717
321.723
321.726
321.729
321.731
321.729
321.727
321.723
317.963
317.977
317.983
317.989
317.992
317.995
317.998
317.996
317.995
317.993
315.094
315.106
315.112
315.117
315.12
315.124
315.127
315.126
315.126
315.125
313.146
313.157
313.163
313.168
313.172
313.175
313.178
313.178
313.178
313.178
312.158
312.169
312.176
312.182
312.186
312.19
312.193
312.193
312.193
312.194
312.158
312.169
312.176
312.181
312.186
312.189
312.193
312.193
312.193
312.193
312.163
312.173
312.178
312.184
312.188
312.191
312.194
312.194
312.195
312.196
312.165
312.174
312.178
312.186
312.188
312.191
312.194
312.193
312.196
312.197
312.164
312.173
312.179
312.185
312.188
312.19
312.192
312.193
312.197
312.198
312.162
312.172
312.178
312.183
312.185
312.187
312.19
312.192
312.195
312.196
312.162
312.173
312.179
312.184
312.185
312.187
312.191
312.193
312.195
312.195
312.164
312.176
312.182
312.187
312.187
312.189
312.192
312.194
312.195
312.194
312.164
312.176
312.183
312.187
312.188
312.188
312.191
312.193
312.195
312.195
312.161
312.173
312.182
312.186
312.187
312.188
312.192
312.196
312.197
312.197
312.156
312.168
312.178
312.184
312.186
312.188
312.193
312.196
312.197
312.196
)
;
    }
}


// ************************************************************************* //
