/*--------------------------------*- C++ -*----------------------------------*\
| =========                 |                                                 |
| \\      /  F ield         | OpenFOAM: The Open Source CFD Toolbox           |
|  \\    /   O peration     | Version:  2412                                  |
|   \\  /    A nd           | Website:  www.openfoam.com                      |
|    \\/     M anipulation  |                                                 |
\*---------------------------------------------------------------------------*/
FoamFile
{
    version     2.0;
    format      ascii;
    arch        "LSB;label=32;scalar=64";
    class       volScalarField;
    location    "1.2/solid";
    object      wallHeatFlux;
}
// * * * * * * * * * * * * * * * * * * * * * * * * * * * * * * * * * * * * * //

dimensions      [1 0 -3 0 0 0 0];

internalField   uniform 0;

boundaryField
{
    bodyBottom
    {
        type            calculated;
        value           nonuniform List<scalar> 
100
(
669325
668095
667685
667275
667275
667275
667480
667685
668095
669325
667480
666660
666455
666250
666250
666250
666250
666455
666865
667480
666455
666045
665840
665840
665840
665840
665840
665840
666045
666660
666045
665840
665635
665635
665635
665635
665635
665635
665840
666250
666045
665635
665430
665430
665430
665430
665430
665430
665635
666045
665840
665430
665430
665430
665430
665430
665430
665430
665635
665840
665840
665430
665430
665430
665430
665430
665430
665430
665430
666045
666045
665635
665430
665430
665430
665430
665430
665635
665635
666045
666455
665840
665840
665635
665635
665635
665635
665840
666045
666455
667070
666455
666250
666250
666250
666250
666250
666250
666455
667070
)
;
    }
    solid_to_fluid
    {
        type            calculated;
        value           nonuniform List<scalar> 
500
(
-1845
-1640
-1435
-1640
-1435
-1435
-1435
-1435
-1640
-1845
-2460
-2050
-2050
-1640
-1845
-1640
-1845
-1845
-2255
-2255
-2460
-2255
-2050
-2050
-2050
-1845
-2050
-2255
-2255
-2460
-2255
-2255
-2255
-2050
-1845
-2050
-2050
-2050
-2255
-2255
-2255
-2050
-1845
-1845
-1845
-1845
-2050
-1845
-2050
-2255
-2050
-2050
-1845
-1845
-1845
-1845
-1845
-1845
-1845
-2050
-2050
-1845
-1845
-1845
-1845
-1845
-1640
-1845
-1845
-1845
-1845
-1845
-1640
-1640
-1640
-1845
-1640
-1845
-1640
-1845
-1845
-1845
-1640
-1640
-1640
-1640
-1845
-1845
-1845
-1845
-1845
-1640
-1845
-1845
-1640
-1640
-1640
-1640
-1845
-1845
-1845
-1025
-820
-615
-615
-820
-820
-1025
-1025
-1230
-2255
-1025
-615
-615
-615
-615
-615
-1025
-1025
-1025
-2255
-1025
-820
-820
-820
-615
-820
-820
-1025
-1230
-2255
-1230
-820
-615
-820
-615
-820
-1025
-1025
-1435
-2050
-1230
-820
-1025
-1025
-820
-820
-820
-1025
-1435
-2050
-1230
-1025
-820
-1025
-820
-1025
-1025
-1025
-1435
-1845
-1230
-1025
-1025
-1025
-1025
-1025
-1025
-1230
-1230
-1640
-1230
-1025
-1230
-1230
-1025
-1025
-1025
-1025
-1230
-1640
-1230
-1025
-1025
-1025
-1025
-1230
-1230
-1230
-1025
-1845
-1435
-1230
-1230
-1230
-1025
-1230
-1230
-1230
-1230
-820
-820
-820
-820
-820
-820
-820
-820
-820
-820
-1230
-1230
-1230
-1435
-1230
-1435
-1435
-1230
-1230
-1230
-1640
-1640
-1435
-1435
-1435
-1435
-1435
-1640
-1435
-1435
-1640
-1435
-1435
-1435
-1435
-1435
-1230
-1435
-1435
-1640
-1435
-1435
-1435
-1230
-1230
-1230
-1230
-1435
-1435
-1435
-1435
-1230
-1230
-1025
-1025
-1230
-1230
-1230
-1435
-1435
-1230
-1230
-1230
-1230
-1025
-1025
-1025
-1230
-1230
-1435
-1230
-1025
-1230
-1025
-1025
-1025
-1025
-1230
-1025
-1230
-1025
-1230
-1230
-1025
-1025
-1025
-1025
-1230
-1230
-1025
-1230
-1230
-1230
-1025
-1025
-1025
-1230
-1025
-1025
-1230
-1845
-1025
-820
-615
-615
-820
-1025
-1025
-1025
-1230
-2255
-1025
-820
-615
-615
-615
-615
-820
-1025
-1025
-2255
-1230
-615
-615
-820
-615
-820
-820
-1025
-1435
-2255
-1230
-820
-820
-615
-615
-820
-1025
-1025
-1435
-2050
-1230
-1025
-820
-820
-1025
-820
-820
-1025
-1230
-1845
-1230
-1025
-820
-1025
-1025
-1025
-1025
-1025
-1230
-1845
-1230
-1230
-1025
-1025
-1025
-1025
-1230
-1230
-1230
-1845
-1230
-1025
-1025
-1230
-1025
-1025
-1025
-1025
-1230
-1845
-1230
-1025
-1025
-1025
-1230
-1230
-1025
-1230
-1230
-1845
-1435
-1230
-1025
-1025
-1025
-1230
-1025
-1230
-1230
-1845
-1435
-1230
-1230
-1025
-1230
-1230
-1025
-1230
-1435
-1640
-1230
-1025
-1025
-1025
-1025
-1230
-1025
-1230
-1230
-1640
-1025
-1230
-1025
-1230
-1025
-1025
-1025
-1025
-1230
-1845
-1230
-1230
-1230
-1025
-1025
-1025
-1025
-1025
-1025
-1640
-1025
-1025
-1230
-1025
-1025
-1025
-1025
-1025
-1025
-1640
-1230
-1230
-1025
-1025
-1025
-1025
-1025
-1025
-1025
-1640
-1025
-1230
-1025
-1230
-1025
-1230
-1025
-1025
-1230
-1640
-1230
-1025
-1230
-1025
-1025
-1025
-1025
-1230
-1025
-1845
-1435
-1025
-1230
-1230
-1230
-1230
-1025
-1230
-1025
-1845
-1435
-1435
-1230
-1230
-1230
-1230
-1230
-1230
-1230
)
;
    }
}


// ************************************************************************* //
