# Probe 0 (0.0901 0.055 0.01)
# Probe 1 (0.09 0.06 0.01)
# Probe 2 (0.09 0.065 0.01)
# Time        0             1             2            
0             293           293           293          
0.1           294.795       294.795       294.795      
0.2           300.1         300.096       300.103      
0.3           305.121       305.115       305.124      
0.4           309.191       309.184       309.193      
0.5           312.486       312.48        312.487      
0.6           315.226       315.221       315.226      
0.7           317.575       317.571       317.575      
0.8           319.644       319.64        319.643      
0.9           321.505       321.501       321.504      
1             323.207       323.203       323.206      
1.1           324.781       324.778       324.78       
1.2           326.25        326.247       326.248      
1.3           327.627       327.624       327.626      
1.4           328.925       328.922       328.923      
1.5           330.149       330.147       330.147      
1.6           331.308       331.305       331.305      
1.7           332.404       332.402       332.402      
1.8           333.444       333.441       333.441      
1.9           334.429       334.427       334.427      
2             335.364       335.362       335.361      
2.1           336.251       336.249       336.248      
2.2           337.093       337.09        337.089      
2.3           337.891       337.889       337.888      
2.4           338.649       338.647       338.645      
2.5           339.368       339.366       339.365      
2.6           340.051       340.049       340.047      
2.7           340.699       340.697       340.695      
2.8           341.313       341.311       341.31       
2.9           341.897       341.895       341.893      
3             342.451       342.449       342.447      
3.1           342.977       342.975       342.973      
3.2           343.476       343.474       343.472      
3.3           343.95        343.948       343.945      
3.4           344.399       344.397       344.395      
3.5           344.826       344.824       344.821      
3.6           345.231       345.229       345.226      
3.7           345.615       345.613       345.611      
3.8           345.98        345.978       345.975      
3.9           346.326       346.325       346.322      
4             346.655       346.653       346.65       
4.1           346.967       346.965       346.962      
4.2           347.263       347.261       347.258      
4.3           347.545       347.543       347.539      
4.4           347.811       347.809       347.806      
4.5           348.064       348.063       348.059      
4.6           348.304       348.303       348.3        
4.7           348.533       348.531       348.528      
4.8           348.75        348.748       348.744      
4.9           348.955       348.953       348.95       
5             349.15        349.148       349.145      
