/*--------------------------------*- C++ -*----------------------------------*\
| =========                 |                                                 |
| \\      /  F ield         | OpenFOAM: The Open Source CFD Toolbox           |
|  \\    /   O peration     | Version:  2412                                  |
|   \\  /    A nd           | Website:  www.openfoam.com                      |
|    \\/     M anipulation  |                                                 |
\*---------------------------------------------------------------------------*/
FoamFile
{
    version     2.0;
    format      ascii;
    arch        "LSB;label=32;scalar=64";
    class       volScalarField;
    location    "0.4/fluid";
    object      wallHeatFlux;
}
// * * * * * * * * * * * * * * * * * * * * * * * * * * * * * * * * * * * * * //

dimensions      [1 0 -3 0 0 0 0];

internalField   uniform 0;

boundaryField
{
    inlet
    {
        type            calculated;
        value           uniform 0;
    }
    outlet
    {
        type            calculated;
        value           uniform 0;
    }
    walls
    {
        type            calculated;
        value           uniform 0;
    }
    fluid_to_solid
    {
        type            calculated;
        value           nonuniform List<scalar> 
500
(
1889
1677.25
1587.87
1532.98
1505.11
1505.05
1532.98
1587.93
1677.31
1888.94
1885.23
1712.6
1570.13
1492.99
1457.14
1457.02
1492.87
1570.01
1712.48
1884.92
1545.53
1441.82
1354.85
1308.86
1288.9
1288.84
1308.68
1354.79
1441.82
1545.28
1126.9
1054.4
995.185
965.64
953.216
953.216
965.64
995.432
1054.58
1126.9
769.397
715.499
671.986
650.662
641.7
641.7
650.847
672.295
715.809
769.582
505.349
468.14
438.039
423.514
417.395
417.457
423.7
438.287
468.326
505.473
310.775
283.641
261.019
249.955
245.196
245.258
250.079
261.142
283.765
310.775
186.539
167.564
151.246
143.026
139.564
139.503
142.964
151.123
167.502
186.416
117.56
105.137
93.9495
88.2013
85.7289
85.6671
88.1394
93.7641
104.951
117.313
89.5611
81.7731
74.6033
70.9566
69.3496
69.3496
70.8948
74.5415
81.7113
89.4374
1802.24
971.017
799.847
611.312
710.479
744.589
838.422
980.443
1181.2
1514.79
1741.78
708.68
440.266
307.051
346.433
389.101
477.353
615.963
805.304
1141.19
1425.17
589.171
292.229
193.434
209.063
231.451
289.81
382.093
531.061
835.321
1040.23
409.629
204.163
135.075
136.068
140.843
175.883
233.436
343.456
571.496
710.045
262.398
142.517
100.097
99.539
94.2054
114.299
145.37
215.885
366.527
466.314
165.154
88.9959
65.6771
67.4756
66.6694
77.8327
92.779
132.036
221.156
284.787
90.3603
48.25
39.6295
43.1646
46.3275
53.7696
62.5762
79.5071
126.269
168.875
46.7616
21.6443
18.1093
22.5126
28.3422
33.3037
39.3194
47.1957
67.5997
104.624
31.071
11.6594
7.81427
11.1012
16.0007
19.4737
23.0087
27.598
34.8541
80.1893
43.4747
19.7838
10.7291
10.7291
10.9772
13.0238
15.5045
18.1713
21.9544
1446.75
1278.36
1089.63
1013.41
917.222
917.161
1013.34
1089.63
1278.36
1446.75
1258.58
1076.44
814.138
669.339
540.438
540.376
669.339
814.138
1076.38
1258.58
925.91
746.73
483.258
336.549
232.171
232.171
336.549
483.196
746.73
925.91
614.87
446.473
224.9
114.237
40.8517
40.8517
114.237
224.9
446.473
614.87
374.258
226.071
72.9539
-7.57882
-64.4508
-64.4508
-7.64044
72.9539
226.071
374.32
210.174
94.7045
-0.123233
-60.569
-106.535
-106.535
-60.6922
-0.246466
94.6428
210.174
108.507
32.1022
-26.4951
-71.7215
-109.862
-109.862
-71.7832
-26.6183
32.1022
108.63
50.3406
6.90104
-29.7607
-63.4033
-95.4439
-95.4439
-63.4649
-29.884
6.90104
50.3406
20.2718
-0.801014
-23.8456
-49.0467
-76.8357
-76.8357
-49.0467
-23.8456
-0.801014
20.2718
11.9536
2.15658
-13.3092
-35.9224
-65.7447
-65.8064
-36.0456
-13.4324
2.15658
12.0152
1802.24
970.955
799.785
611.374
710.479
744.527
838.422
980.443
1181.2
1514.79
1742.02
708.804
440.39
307.175
346.557
389.163
477.353
615.963
805.304
1141.19
1425.36
589.233
292.353
193.682
209.311
231.513
289.872
382.093
531.061
835.383
1040.23
409.567
204.101
135.199
136.192
140.967
175.883
233.436
343.394
571.434
709.921
262.274
142.393
99.9731
99.601
94.2674
114.361
145.37
215.947
366.465
466.19
165.03
88.7478
65.4911
67.5377
66.7314
77.8327
92.779
131.912
221.094
284.787
90.2983
48.064
39.5055
43.2266
46.4515
53.8937
62.5142
79.4451
126.207
168.937
46.8236
21.6443
18.1713
22.6986
28.4663
33.3657
39.2574
47.0717
67.5997
104.811
31.1951
11.6594
7.75226
11.1632
16.0007
19.5357
23.0087
27.536
34.8541
80.3134
43.4747
19.7217
10.6671
10.7291
11.0392
13.0858
15.4425
18.1093
21.9544
85.3963
62.9204
45.4459
36.4308
32.8495
30.7501
29.7004
29.2682
29.6386
30.5648
79.6538
46.4956
34.6402
31.2441
30.1326
29.1447
28.5272
28.2185
28.5889
28.7124
75.0228
37.7893
29.6386
28.0332
27.9715
27.6627
27.354
26.9835
26.0573
22.1672
72.5529
34.2697
30.1944
26.613
26.1808
25.7486
24.9459
23.1552
18.9564
7.16267
71.3797
30.5648
30.5648
25.6251
22.8464
20.747
17.9684
13.3374
4.19881
-17.7214
71.318
30.5031
30.6266
25.6251
22.8464
20.747
18.0302
13.3991
4.26055
-17.7214
72.4912
34.3314
30.3179
26.613
26.2425
25.7486
25.0076
23.1552
18.9564
7.03918
74.9611
37.7893
29.7621
28.0332
27.9715
27.601
27.2922
26.9835
25.9956
22.1055
79.5921
46.4339
34.7019
31.3058
30.0709
29.0829
28.4654
28.2185
28.6507
28.7124
85.2728
62.9204
45.5077
36.4926
32.8495
30.6883
29.7004
29.3299
29.7621
30.5648
)
;
    }
}


// ************************************************************************* //
