/*--------------------------------*- C++ -*----------------------------------*\
| =========                 |                                                 |
| \\      /  F ield         | OpenFOAM: The Open Source CFD Toolbox           |
|  \\    /   O peration     | Version:  2412                                  |
|   \\  /    A nd           | Website:  www.openfoam.com                      |
|    \\/     M anipulation  |                                                 |
\*---------------------------------------------------------------------------*/
FoamFile
{
    version     2.0;
    format      ascii;
    arch        "LSB;label=32;scalar=64";
    class       volScalarField;
    location    "0.2/solid";
    object      T;
}
// * * * * * * * * * * * * * * * * * * * * * * * * * * * * * * * * * * * * * //

dimensions      [0 0 0 1 0 0 0];

internalField   nonuniform List<scalar> 
1000
(
344.614
344.621
344.624
344.625
344.623
344.622
344.624
344.623
344.621
344.615
344.617
344.622
344.624
344.625
344.623
344.623
344.625
344.624
344.622
344.618
344.618
344.622
344.622
344.622
344.621
344.621
344.622
344.622
344.623
344.619
344.619
344.624
344.624
344.623
344.62
344.62
344.623
344.625
344.625
344.621
344.618
344.622
344.623
344.622
344.62
344.62
344.623
344.624
344.624
344.62
344.616
344.621
344.623
344.623
344.621
344.62
344.623
344.624
344.623
344.62
344.618
344.622
344.625
344.625
344.622
344.621
344.623
344.624
344.624
344.62
344.618
344.623
344.625
344.625
344.623
344.622
344.623
344.622
344.621
344.618
344.616
344.622
344.624
344.625
344.623
344.624
344.625
344.625
344.622
344.618
344.611
344.619
344.622
344.623
344.622
344.622
344.624
344.623
344.621
344.615
328.891
328.901
328.906
328.907
328.902
328.901
328.906
328.905
328.902
328.896
328.891
328.898
328.901
328.904
328.9
328.899
328.903
328.901
328.9
328.895
328.892
328.897
328.895
328.895
328.892
328.892
328.895
328.896
328.899
328.897
328.896
328.901
328.901
328.896
328.89
328.891
328.897
328.903
328.904
328.901
328.89
328.896
328.897
328.896
328.89
328.89
328.897
328.9
328.901
328.898
328.884
328.89
328.895
328.895
328.89
328.89
328.897
328.9
328.901
328.898
328.887
328.893
328.899
328.9
328.895
328.892
328.897
328.899
328.902
328.9
328.888
328.894
328.9
328.902
328.897
328.894
328.898
328.896
328.896
328.895
328.886
328.893
328.896
328.901
328.898
328.899
328.905
328.905
328.9
328.895
328.88
328.89
328.894
328.899
328.897
328.9
328.906
328.906
328.903
328.896
315.878
315.886
315.89
315.891
315.885
315.885
315.891
315.891
315.889
315.885
315.875
315.88
315.883
315.886
315.881
315.881
315.886
315.884
315.883
315.881
315.875
315.877
315.872
315.874
315.871
315.871
315.874
315.874
315.881
315.881
315.88
315.883
315.881
315.875
315.868
315.868
315.876
315.883
315.887
315.887
315.873
315.876
315.876
315.873
315.866
315.867
315.876
315.881
315.883
315.883
315.866
315.867
315.867
315.869
315.863
315.867
315.876
315.881
315.883
315.883
315.871
315.872
315.871
315.874
315.868
315.869
315.877
315.88
315.885
315.886
315.873
315.873
315.871
315.875
315.871
315.871
315.877
315.874
315.877
315.88
315.873
315.876
315.871
315.873
315.873
315.879
315.887
315.887
315.883
315.881
315.869
315.875
315.873
315.873
315.873
315.881
315.89
315.892
315.89
315.885
306.338
306.344
306.347
306.347
306.341
306.341
306.347
306.349
306.347
306.345
306.334
306.337
306.341
306.342
306.337
306.337
306.343
306.342
306.34
306.34
306.332
306.331
306.328
306.332
306.327
306.327
306.333
306.329
306.334
306.339
306.337
306.338
306.333
306.331
306.324
306.324
306.332
306.336
306.342
306.344
306.332
306.333
306.332
306.329
306.322
306.323
306.331
306.336
306.339
306.34
306.331
306.331
306.327
306.325
306.318
306.322
306.331
306.336
306.339
306.34
306.337
306.338
306.333
306.33
306.323
306.324
306.332
306.338
306.342
306.344
306.34
306.34
306.335
306.333
306.326
306.326
306.33
306.329
306.337
306.339
306.34
306.342
306.339
306.334
306.329
306.334
306.341
306.34
306.34
306.34
306.338
306.341
306.34
306.335
306.33
306.337
306.346
306.348
306.347
306.346
300.111
300.113
300.115
300.114
300.11
300.11
300.115
300.116
300.116
300.116
300.107
300.108
300.111
300.111
300.107
300.107
300.112
300.112
300.11
300.111
300.105
300.103
300.102
300.104
300.1
300.1
300.104
300.103
300.106
300.11
300.108
300.108
300.104
300.102
300.097
300.097
300.103
300.106
300.111
300.114
300.105
300.105
300.103
300.101
300.096
300.096
300.102
300.106
300.108
300.111
300.105
300.106
300.104
300.101
300.096
300.096
300.103
300.106
300.109
300.11
300.111
300.112
300.11
300.107
300.1
300.098
300.103
300.109
300.111
300.113
300.114
300.114
300.112
300.109
300.103
300.099
300.102
300.103
300.108
300.11
300.114
300.115
300.114
300.111
300.105
300.105
300.11
300.109
300.111
300.111
300.113
300.115
300.115
300.112
300.107
300.108
300.114
300.116
300.117
300.117
296.473
296.473
296.472
296.471
296.47
296.471
296.474
296.473
296.473
296.476
296.472
296.472
296.47
296.469
296.468
296.469
296.471
296.469
296.471
296.475
296.471
296.47
296.466
296.467
296.466
296.466
296.467
296.467
296.471
296.474
296.47
296.468
296.465
296.467
296.464
296.464
296.466
296.468
296.472
296.474
296.467
296.466
296.465
296.465
296.462
296.462
296.464
296.466
296.469
296.471
296.468
296.468
296.467
296.466
296.462
296.462
296.466
296.468
296.469
296.471
296.473
296.473
296.472
296.47
296.465
296.465
296.468
296.47
296.47
296.471
296.474
296.475
296.474
296.472
296.467
296.464
296.466
296.467
296.468
296.471
296.475
296.475
296.475
296.473
296.468
296.466
296.469
296.47
296.473
296.474
296.474
296.476
296.475
296.473
296.469
296.469
296.473
296.475
296.476
296.477
294.562
294.562
294.561
294.56
294.56
294.56
294.562
294.561
294.562
294.564
294.562
294.562
294.56
294.559
294.559
294.559
294.561
294.559
294.561
294.564
294.561
294.561
294.558
294.558
294.558
294.558
294.559
294.558
294.562
294.564
294.561
294.559
294.557
294.559
294.557
294.557
294.558
294.559
294.562
294.563
294.559
294.557
294.556
294.557
294.555
294.555
294.556
294.557
294.56
294.561
294.559
294.559
294.558
294.557
294.555
294.555
294.558
294.559
294.56
294.561
294.562
294.561
294.56
294.559
294.557
294.557
294.559
294.56
294.56
294.561
294.563
294.563
294.561
294.56
294.557
294.557
294.558
294.558
294.559
294.561
294.563
294.563
294.563
294.561
294.558
294.557
294.559
294.56
294.562
294.564
294.563
294.563
294.563
294.561
294.559
294.56
294.562
294.563
294.564
294.565
293.651
293.65
293.649
293.649
293.649
293.649
293.65
293.65
293.65
293.652
293.65
293.65
293.649
293.649
293.649
293.649
293.649
293.649
293.65
293.651
293.65
293.649
293.648
293.648
293.648
293.648
293.648
293.648
293.65
293.651
293.649
293.648
293.647
293.648
293.648
293.648
293.648
293.648
293.65
293.651
293.648
293.647
293.647
293.647
293.646
293.647
293.647
293.648
293.649
293.65
293.648
293.647
293.646
293.646
293.645
293.646
293.648
293.648
293.649
293.649
293.649
293.648
293.647
293.647
293.646
293.647
293.649
293.649
293.649
293.65
293.65
293.649
293.647
293.647
293.646
293.647
293.648
293.648
293.649
293.65
293.65
293.65
293.648
293.648
293.647
293.647
293.649
293.649
293.65
293.651
293.65
293.65
293.649
293.648
293.647
293.649
293.65
293.651
293.652
293.652
293.258
293.258
293.257
293.257
293.257
293.257
293.258
293.258
293.258
293.259
293.258
293.258
293.257
293.257
293.257
293.257
293.257
293.257
293.258
293.259
293.258
293.257
293.256
293.257
293.257
293.257
293.257
293.256
293.258
293.258
293.257
293.257
293.256
293.257
293.257
293.257
293.257
293.257
293.258
293.258
293.257
293.256
293.256
293.256
293.256
293.256
293.256
293.256
293.257
293.258
293.256
293.256
293.256
293.256
293.256
293.256
293.257
293.257
293.257
293.257
293.257
293.256
293.257
293.257
293.256
293.256
293.257
293.257
293.257
293.257
293.257
293.257
293.257
293.257
293.256
293.256
293.256
293.256
293.257
293.258
293.257
293.257
293.257
293.257
293.256
293.256
293.257
293.258
293.258
293.259
293.257
293.257
293.257
293.257
293.257
293.257
293.258
293.258
293.259
293.259
293.118
293.118
293.118
293.118
293.118
293.118
293.118
293.118
293.118
293.119
293.118
293.118
293.118
293.118
293.118
293.118
293.118
293.118
293.118
293.119
293.118
293.118
293.117
293.118
293.118
293.118
293.118
293.118
293.118
293.119
293.118
293.118
293.117
293.118
293.118
293.118
293.118
293.117
293.118
293.118
293.118
293.117
293.117
293.117
293.117
293.117
293.117
293.117
293.118
293.118
293.117
293.117
293.117
293.117
293.117
293.117
293.117
293.118
293.118
293.118
293.118
293.118
293.118
293.118
293.117
293.117
293.118
293.118
293.118
293.118
293.118
293.118
293.118
293.118
293.117
293.117
293.117
293.118
293.118
293.118
293.118
293.118
293.118
293.118
293.118
293.117
293.118
293.118
293.118
293.119
293.118
293.118
293.118
293.118
293.118
293.118
293.118
293.119
293.119
293.119
)
;

boundaryField
{
    bodyBottom
    {
        type            fixedValue;
        value           uniform 353;
    }
    solid_to_fluid
    {
        type            compressible::turbulentTemperatureCoupledBaffleMixed;
        refValue        nonuniform List<scalar> 
500
(
313.663
316.656
317.882
318.661
319.06
319.058
318.659
317.881
316.655
313.662
302.33
304.402
306.118
307.055
307.503
307.501
307.052
306.116
304.401
302.328
297.763
298.809
299.684
300.148
300.344
300.342
300.146
299.684
298.809
297.762
295.767
296.373
296.865
297.111
297.21
297.21
297.111
296.867
296.374
295.768
294.587
294.951
295.244
295.388
295.447
295.447
295.389
295.246
294.953
294.588
293.79
293.976
294.125
294.196
294.225
294.225
294.197
294.126
293.977
293.791
293.428
293.538
293.63
293.676
293.694
293.695
293.676
293.631
293.538
293.428
293.221
293.285
293.341
293.37
293.382
293.382
293.37
293.341
293.285
293.221
293.109
293.144
293.177
293.195
293.203
293.203
293.195
293.177
293.144
293.108
293.055
293.075
293.094
293.105
293.109
293.109
293.105
293.094
293.075
293.055
315.263
328.385
331.146
333.814
331.546
329.491
326.571
323.339
320.06
315.604
304.358
318.669
322.877
324.818
323.804
322.347
320.089
317.394
314.56
310.493
299.138
308.931
313.236
314.904
314.701
314.119
312.993
311.234
309.125
305.79
296.563
302.77
305.578
306.891
307.068
307.017
306.6
305.786
304.403
301.902
295.01
298.642
300.229
301.105
301.362
301.514
301.466
301.176
300.47
298.974
294.002
296.037
297.036
297.526
297.713
297.787
297.853
297.814
297.556
296.877
293.534
294.648
295.225
295.527
295.639
295.618
295.632
295.651
295.602
295.426
293.274
293.862
294.2
294.463
294.545
294.534
294.492
294.481
294.454
294.464
293.135
293.409
293.602
293.843
293.949
293.993
293.981
293.942
293.915
293.923
293.068
293.158
293.249
293.419
293.546
293.64
293.691
293.697
293.682
293.683
314.734
316.553
317.983
318.15
319.114
319.114
318.15
317.983
316.553
314.734
309.06
311.266
313.721
314.807
316.494
316.494
314.807
313.72
311.266
309.06
304.769
307.036
309.697
311.14
312.667
312.668
311.139
309.696
307.036
304.769
301.479
303.567
305.87
307.002
307.926
307.926
307.002
305.87
303.567
301.479
299.012
300.703
302.189
302.926
303.472
303.472
302.926
302.189
300.703
299.012
297.177
298.327
299.079
299.494
299.765
299.765
299.493
299.078
298.326
297.178
295.78
296.34
296.7
296.883
296.96
296.96
296.881
296.699
296.339
295.78
294.692
294.886
295.042
295.089
295.05
295.05
295.088
295.041
294.886
294.692
293.952
293.966
294.023
294.019
293.927
293.926
294.018
294.023
293.966
293.952
293.578
293.482
293.481
293.476
293.391
293.391
293.476
293.481
293.482
293.578
315.265
328.388
331.148
333.816
331.547
329.491
326.571
323.339
320.06
315.604
304.361
318.675
322.883
324.822
323.806
322.347
320.089
317.393
314.56
310.493
299.14
308.938
313.245
314.912
314.705
314.12
312.993
311.233
309.124
305.79
296.562
302.772
305.584
306.898
307.073
307.019
306.6
305.786
304.403
301.902
295.009
298.642
300.23
301.107
301.364
301.515
301.466
301.176
300.47
298.974
294.001
296.036
297.035
297.525
297.714
297.788
297.852
297.813
297.555
296.877
293.533
294.647
295.224
295.527
295.64
295.618
295.631
295.649
295.601
295.425
293.274
293.862
294.201
294.463
294.546
294.535
294.492
294.48
294.453
294.464
293.135
293.41
293.602
293.843
293.949
293.994
293.981
293.941
293.914
293.923
293.068
293.158
293.25
293.419
293.546
293.64
293.691
293.697
293.682
293.683
293.047
293.06
293.085
293.145
293.214
293.278
293.329
293.35
293.35
293.348
293.058
293.071
293.081
293.107
293.136
293.161
293.18
293.187
293.186
293.19
293.069
293.076
293.08
293.089
293.101
293.112
293.119
293.121
293.121
293.126
293.075
293.075
293.075
293.079
293.083
293.087
293.09
293.091
293.092
293.103
293.077
293.072
293.068
293.072
293.074
293.075
293.076
293.079
293.085
293.112
293.077
293.072
293.068
293.072
293.074
293.075
293.077
293.079
293.085
293.112
293.075
293.075
293.075
293.079
293.082
293.087
293.09
293.091
293.092
293.103
293.069
293.076
293.08
293.089
293.101
293.111
293.119
293.121
293.121
293.126
293.058
293.071
293.081
293.107
293.136
293.161
293.18
293.187
293.186
293.19
293.047
293.06
293.085
293.145
293.214
293.278
293.329
293.351
293.35
293.348
)
;
        refGradient     uniform 0;
        valueFraction   nonuniform List<scalar> 
500
(
0.000301416
0.000301416
0.000301416
0.000301416
0.000301416
0.000301416
0.000301416
0.000301416
0.000301416
0.000301416
0.000301416
0.000301416
0.000301416
0.000301416
0.000301416
0.000301416
0.000301416
0.000301416
0.000301416
0.000301416
0.000301416
0.000301416
0.000301416
0.000301416
0.000301416
0.000301416
0.000301416
0.000301416
0.000301416
0.000301416
0.000301416
0.000301416
0.000301416
0.000301416
0.000301416
0.000301416
0.000301416
0.000301416
0.000301416
0.000301416
0.000301416
0.000301416
0.000301416
0.000301416
0.000301416
0.000301416
0.000301416
0.000301416
0.000301416
0.000301416
0.000301416
0.000301416
0.000301416
0.000301416
0.000301416
0.000301416
0.000301416
0.000301416
0.000301416
0.000301416
0.000301416
0.000301416
0.000301416
0.000301416
0.000301416
0.000301416
0.000301416
0.000301416
0.000301416
0.000301416
0.000301416
0.000301416
0.000301416
0.000301416
0.000301416
0.000301416
0.000301416
0.000301416
0.000301416
0.000301416
0.000301416
0.000301416
0.000301416
0.000301416
0.000301416
0.000301416
0.000301416
0.000301416
0.000301416
0.000301416
0.000301416
0.000301416
0.000301416
0.000301416
0.000301416
0.000301416
0.000301416
0.000301416
0.000301416
0.000301416
0.000302436
0.000302436
0.000302436
0.000302436
0.000302436
0.000302436
0.000302436
0.000302436
0.000302436
0.000302436
0.000302436
0.000302436
0.000302436
0.000302436
0.000302436
0.000302436
0.000302436
0.000302436
0.000302436
0.000302436
0.000302436
0.000302436
0.000302436
0.000302436
0.000302436
0.000302436
0.000302436
0.000302436
0.000302436
0.000302436
0.000302436
0.000302436
0.000302436
0.000302436
0.000302436
0.000302436
0.000302436
0.000302436
0.000302436
0.000302436
0.000302436
0.000302436
0.000302436
0.000302436
0.000302436
0.000302436
0.000302436
0.000302436
0.000302436
0.000302436
0.000302436
0.000302436
0.000302436
0.000302436
0.000302436
0.000302436
0.000302436
0.000302436
0.000302436
0.000302436
0.000302436
0.000302436
0.000302436
0.000302436
0.000302436
0.000302436
0.000302436
0.000302436
0.000302436
0.000302436
0.000302436
0.000302436
0.000302436
0.000302436
0.000302436
0.000302436
0.000302436
0.000302436
0.000302436
0.000302436
0.000302436
0.000302436
0.000302436
0.000302436
0.000302436
0.000302436
0.000302436
0.000302436
0.000302436
0.000302436
0.000302436
0.000302436
0.000302436
0.000302436
0.000302436
0.000302436
0.000302436
0.000302436
0.000302436
0.000302436
0.000300478
0.000300478
0.000300478
0.000300478
0.000300478
0.000300478
0.000300478
0.000300478
0.000300478
0.000300478
0.000300478
0.000300478
0.000300478
0.000300478
0.000300478
0.000300478
0.000300478
0.000300478
0.000300478
0.000300478
0.000300478
0.000300478
0.000300478
0.000300478
0.000300478
0.000300478
0.000300478
0.000300478
0.000300478
0.000300478
0.000300478
0.000300478
0.000300478
0.000300478
0.000300478
0.000300478
0.000300478
0.000300478
0.000300478
0.000300478
0.000300478
0.000300478
0.000300478
0.000300478
0.000300478
0.000300478
0.000300478
0.000300478
0.000300478
0.000300478
0.000300478
0.000300478
0.000300478
0.000300478
0.000300478
0.000300478
0.000300478
0.000300478
0.000300478
0.000300478
0.000300478
0.000300478
0.000300478
0.000300478
0.000300478
0.000300478
0.000300478
0.000300478
0.000300478
0.000300478
0.000300478
0.000300478
0.000300478
0.000300478
0.000300478
0.000300478
0.000300478
0.000300478
0.000300478
0.000300478
0.000300478
0.000300478
0.000300478
0.000300478
0.000300478
0.000300478
0.000300478
0.000300478
0.000300478
0.000300478
0.000300478
0.000300478
0.000300478
0.000300478
0.000300478
0.000300478
0.000300478
0.000300478
0.000300478
0.000300478
0.000302436
0.000302436
0.000302436
0.000302436
0.000302436
0.000302436
0.000302436
0.000302436
0.000302436
0.000302436
0.000302436
0.000302436
0.000302436
0.000302436
0.000302436
0.000302436
0.000302436
0.000302436
0.000302436
0.000302436
0.000302436
0.000302436
0.000302436
0.000302436
0.000302436
0.000302436
0.000302436
0.000302436
0.000302436
0.000302436
0.000302436
0.000302436
0.000302436
0.000302436
0.000302436
0.000302436
0.000302436
0.000302436
0.000302436
0.000302436
0.000302436
0.000302436
0.000302436
0.000302436
0.000302436
0.000302436
0.000302436
0.000302436
0.000302436
0.000302436
0.000302436
0.000302436
0.000302436
0.000302436
0.000302436
0.000302436
0.000302436
0.000302436
0.000302436
0.000302436
0.000302436
0.000302436
0.000302436
0.000302436
0.000302436
0.000302436
0.000302436
0.000302436
0.000302436
0.000302436
0.000302436
0.000302436
0.000302436
0.000302436
0.000302436
0.000302436
0.000302436
0.000302436
0.000302436
0.000302436
0.000302436
0.000302436
0.000302436
0.000302436
0.000302436
0.000302436
0.000302436
0.000302436
0.000302436
0.000302436
0.000302436
0.000302436
0.000302436
0.000302436
0.000302436
0.000302436
0.000302436
0.000302436
0.000302436
0.000302436
0.000301115
0.000301115
0.000301115
0.000301115
0.000301115
0.000301115
0.000301115
0.000301115
0.000301115
0.000301115
0.000301115
0.000301115
0.000301115
0.000301115
0.000301115
0.000301115
0.000301115
0.000301115
0.000301115
0.000301115
0.000301115
0.000301115
0.000301115
0.000301115
0.000301115
0.000301115
0.000301115
0.000301115
0.000301115
0.000301115
0.000301115
0.000301115
0.000301115
0.000301115
0.000301115
0.000301115
0.000301115
0.000301115
0.000301115
0.000301115
0.000301115
0.000301115
0.000301115
0.000301115
0.000301115
0.000301115
0.000301115
0.000301115
0.000301115
0.000301115
0.000301115
0.000301115
0.000301115
0.000301115
0.000301115
0.000301115
0.000301115
0.000301115
0.000301115
0.000301115
0.000301115
0.000301115
0.000301115
0.000301115
0.000301115
0.000301115
0.000301115
0.000301115
0.000301115
0.000301115
0.000301115
0.000301115
0.000301115
0.000301115
0.000301115
0.000301115
0.000301115
0.000301115
0.000301115
0.000301115
0.000301115
0.000301115
0.000301115
0.000301115
0.000301115
0.000301115
0.000301115
0.000301115
0.000301115
0.000301115
0.000301115
0.000301115
0.000301115
0.000301115
0.000301115
0.000301115
0.000301115
0.000301115
0.000301115
0.000301115
)
;
        source          uniform 0;
        Tnbr            T;
        kappaMethod     solidThermo;
        value           nonuniform List<scalar> 
500
(
344.6
344.604
344.605
344.607
344.605
344.604
344.605
344.605
344.603
344.598
328.871
328.872
328.874
328.878
328.872
328.866
328.869
328.87
328.867
328.861
315.857
315.855
315.855
315.86
315.853
315.847
315.852
315.854
315.853
315.849
306.321
306.316
306.315
306.32
306.315
306.314
306.32
306.323
306.323
306.32
300.098
300.094
300.093
300.096
300.092
300.093
300.099
300.101
300.101
300.1
296.464
296.464
296.463
296.462
296.459
296.46
296.465
296.466
296.467
296.466
294.558
294.557
294.557
294.556
294.554
294.555
294.557
294.558
294.559
294.558
293.648
293.648
293.648
293.647
293.646
293.646
293.647
293.647
293.648
293.648
293.257
293.257
293.257
293.256
293.256
293.255
293.255
293.256
293.256
293.256
293.118
293.118
293.118
293.117
293.117
293.117
293.117
293.117
293.117
293.117
344.598
344.609
344.613
344.615
344.613
344.613
344.614
344.612
344.609
344.602
328.861
328.875
328.881
328.886
328.884
328.886
328.892
328.891
328.887
328.879
315.849
315.858
315.858
315.858
315.858
315.865
315.875
315.876
315.873
315.867
306.321
306.326
306.326
306.321
306.316
306.323
306.332
306.333
306.333
306.33
300.1
300.103
300.104
300.101
300.096
300.097
300.104
300.105
300.106
300.105
296.466
296.468
296.468
296.466
296.462
296.462
296.466
296.468
296.469
296.47
294.558
294.559
294.559
294.557
294.555
294.556
294.558
294.559
294.56
294.561
293.648
293.648
293.647
293.646
293.645
293.647
293.648
293.649
293.65
293.65
293.256
293.256
293.256
293.256
293.256
293.256
293.257
293.257
293.258
293.258
293.117
293.117
293.117
293.117
293.117
293.117
293.118
293.118
293.118
293.119
344.602
344.605
344.607
344.608
344.608
344.607
344.608
344.606
344.605
344.602
328.879
328.879
328.88
328.885
328.883
328.882
328.885
328.879
328.878
328.879
315.867
315.863
315.864
315.87
315.867
315.867
315.87
315.863
315.863
315.867
306.33
306.325
306.324
306.33
306.326
306.326
306.33
306.324
306.325
306.33
300.105
300.1
300.1
300.104
300.1
300.1
300.103
300.099
300.101
300.105
296.469
296.468
296.468
296.468
296.465
296.464
296.465
296.464
296.468
296.47
294.56
294.56
294.56
294.56
294.558
294.557
294.557
294.557
294.56
294.561
293.65
293.65
293.65
293.649
293.648
293.648
293.648
293.648
293.649
293.65
293.258
293.258
293.258
293.257
293.257
293.257
293.257
293.257
293.258
293.258
293.118
293.118
293.118
293.118
293.118
293.117
293.118
293.118
293.118
293.119
344.601
344.612
344.616
344.617
344.614
344.613
344.614
344.612
344.609
344.602
328.872
328.886
328.892
328.894
328.888
328.888
328.891
328.89
328.886
328.879
315.858
315.869
315.875
315.876
315.869
315.869
315.875
315.875
315.872
315.867
306.321
306.328
306.332
306.333
306.327
306.327
306.333
306.334
306.332
306.33
300.098
300.102
300.104
300.103
300.099
300.099
300.105
300.105
300.105
300.105
296.465
296.466
296.465
296.464
296.463
296.464
296.467
296.466
296.466
296.469
294.558
294.558
294.557
294.556
294.556
294.556
294.558
294.557
294.558
294.56
293.648
293.648
293.647
293.647
293.647
293.647
293.648
293.648
293.648
293.65
293.257
293.257
293.256
293.256
293.256
293.257
293.257
293.257
293.257
293.258
293.118
293.118
293.117
293.117
293.117
293.118
293.118
293.118
293.118
293.118
293.118
293.118
293.117
293.117
293.117
293.118
293.118
293.118
293.118
293.118
293.118
293.117
293.117
293.117
293.117
293.117
293.117
293.117
293.118
293.118
293.118
293.117
293.117
293.117
293.117
293.117
293.117
293.117
293.117
293.118
293.117
293.117
293.117
293.117
293.117
293.117
293.117
293.117
293.117
293.118
293.117
293.117
293.117
293.117
293.117
293.117
293.117
293.117
293.117
293.117
293.117
293.117
293.117
293.117
293.117
293.117
293.117
293.117
293.117
293.117
293.117
293.117
293.117
293.117
293.117
293.117
293.117
293.117
293.117
293.117
293.117
293.117
293.117
293.117
293.117
293.117
293.117
293.117
293.117
293.118
293.117
293.117
293.117
293.117
293.117
293.117
293.117
293.118
293.118
293.118
293.117
293.117
293.117
293.117
293.117
293.117
293.118
293.118
293.118
293.119
)
;
    }
}


// ************************************************************************* //
