/*--------------------------------*- C++ -*----------------------------------*\
| =========                 |                                                 |
| \\      /  F ield         | OpenFOAM: The Open Source CFD Toolbox           |
|  \\    /   O peration     | Version:  2412                                  |
|   \\  /    A nd           | Website:  www.openfoam.com                      |
|    \\/     M anipulation  |                                                 |
\*---------------------------------------------------------------------------*/
FoamFile
{
    version     2.0;
    format      ascii;
    arch        "LSB;label=32;scalar=64";
    class       volScalarField;
    location    "0.2/solid";
    object      wallHeatFlux;
}
// * * * * * * * * * * * * * * * * * * * * * * * * * * * * * * * * * * * * * //

dimensions      [1 0 -3 0 0 0 0];

internalField   uniform 0;

boundaryField
{
    bodyBottom
    {
        type            calculated;
        value           nonuniform List<scalar> 
100
(
1.71913e+06
1.71851e+06
1.71831e+06
1.7181e+06
1.71831e+06
1.71872e+06
1.71831e+06
1.71831e+06
1.71872e+06
1.71975e+06
1.7177e+06
1.71749e+06
1.71749e+06
1.71708e+06
1.71749e+06
1.7177e+06
1.71749e+06
1.71729e+06
1.71749e+06
1.7181e+06
1.71708e+06
1.71708e+06
1.71749e+06
1.71708e+06
1.71729e+06
1.71729e+06
1.71688e+06
1.71688e+06
1.71708e+06
1.71749e+06
1.71688e+06
1.71687e+06
1.71749e+06
1.71729e+06
1.71749e+06
1.71729e+06
1.71688e+06
1.71687e+06
1.71687e+06
1.71729e+06
1.71729e+06
1.71729e+06
1.7177e+06
1.7179e+06
1.7179e+06
1.7177e+06
1.71749e+06
1.71729e+06
1.71729e+06
1.71749e+06
1.71749e+06
1.71729e+06
1.7177e+06
1.7179e+06
1.7179e+06
1.7179e+06
1.7177e+06
1.71749e+06
1.71708e+06
1.71749e+06
1.71708e+06
1.71688e+06
1.71749e+06
1.71729e+06
1.71729e+06
1.71729e+06
1.71729e+06
1.71729e+06
1.71687e+06
1.71708e+06
1.71729e+06
1.71708e+06
1.71749e+06
1.71687e+06
1.71708e+06
1.71708e+06
1.71708e+06
1.71749e+06
1.71687e+06
1.71729e+06
1.7177e+06
1.71749e+06
1.71729e+06
1.71687e+06
1.71708e+06
1.71729e+06
1.71708e+06
1.7177e+06
1.71749e+06
1.7177e+06
1.71892e+06
1.71831e+06
1.7181e+06
1.7177e+06
1.7179e+06
1.7179e+06
1.7179e+06
1.71831e+06
1.71831e+06
1.71892e+06
)
;
    }
    solid_to_fluid
    {
        type            calculated;
        value           nonuniform List<scalar> 
500
(
-2870
-2665
-2665
-2460
-2665
-2460
-2665
-2665
-2665
-2665
-4100
-3895
-3690
-3690
-3690
-3690
-3690
-3690
-3895
-3895
-4305
-4100
-4100
-4100
-4100
-3895
-3895
-3895
-4100
-4100
-3485
-3690
-3485
-3485
-3485
-3485
-3485
-3485
-3485
-3690
-2665
-2665
-2460
-2460
-2665
-2460
-2460
-2665
-2665
-2665
-1845
-1640
-1640
-1640
-1640
-1640
-1640
-1640
-1640
-1640
-820
-1025
-820
-1025
-1025
-820
-1025
-1025
-820
-1025
-615
-410
-410
-410
-410
-410
-410
-615
-410
-410
-205
-205
-205
-205
-205
-205
-410
-205
-205
-205
0
0
0
-205
-205
0
-205
-205
-205
-205
-2665
-2050
-1845
-1640
-1845
-1845
-2050
-2255
-2460
-2665
-3895
-3075
-2665
-2665
-2665
-2870
-2870
-3075
-3280
-3485
-4100
-3485
-3075
-3075
-3075
-3280
-3075
-3280
-3485
-3690
-3485
-3075
-2870
-2870
-2870
-2870
-2870
-3075
-2870
-3280
-2665
-2460
-2255
-2255
-2255
-2255
-2050
-2255
-2255
-2460
-1640
-1640
-1435
-1435
-1435
-1435
-1435
-1435
-1435
-1435
-1025
-820
-820
-820
-820
-820
-820
-820
-820
-820
-410
-410
-410
-410
-410
-410
-410
-410
-410
-410
-205
-205
-205
-205
-205
-205
-205
-205
-205
-205
-205
-205
-205
-205
-205
-205
0
-205
-205
0
-2665
-2665
-2460
-2665
-2460
-2665
-2460
-2460
-2665
-2665
-3485
-3280
-3485
-3280
-3075
-3280
-3075
-3280
-3485
-3485
-3690
-3690
-3485
-3485
-3280
-3280
-3280
-3485
-3690
-3690
-3075
-3075
-3075
-2870
-2870
-2870
-2870
-3075
-3075
-3280
-2255
-2255
-2050
-2050
-2255
-2050
-2050
-2255
-2050
-2460
-1435
-1435
-1230
-1230
-1230
-1435
-1230
-1435
-1230
-1435
-820
-820
-820
-615
-615
-820
-820
-820
-820
-820
-410
-205
-205
-410
-410
-205
-410
-410
-410
-410
-205
-205
0
-205
-205
0
0
-205
-205
-205
-205
-205
-205
0
0
-205
0
0
-205
0
-2665
-1845
-1640
-1640
-1845
-1845
-2050
-2255
-2460
-2665
-3895
-3075
-2870
-2665
-2870
-2665
-3075
-3075
-3280
-3485
-4100
-3485
-3075
-3075
-3280
-3280
-3280
-3280
-3485
-3690
-3485
-3280
-3075
-2870
-2870
-2870
-2870
-3075
-3075
-3075
-2665
-2255
-2255
-2255
-2255
-2255
-2050
-2255
-2255
-2255
-1640
-1435
-1435
-1435
-1435
-1435
-1435
-1435
-1435
-1435
-820
-820
-820
-820
-820
-820
-820
-820
-820
-820
-615
-410
-410
-410
-410
-410
-410
-410
-410
-410
-205
-205
-205
-205
-205
0
-205
-205
-205
-205
0
0
-205
-205
-205
0
0
0
0
-205
0
0
-205
-205
-205
0
0
0
0
-205
0
-205
-205
-205
-205
-205
-205
-205
0
-205
0
-205
0
-205
-205
-205
-205
-205
-205
-205
-205
-205
0
-205
-205
-205
-205
0
-205
0
-205
0
0
0
0
0
0
0
-205
-205
0
0
0
0
0
0
0
-205
-205
-205
-205
-205
-205
-205
0
0
-205
-205
-205
-205
-205
-205
-205
-205
0
0
0
-205
-205
0
-205
-205
-205
-205
-205
0
-205
0
0
-205
-205
-205
-205
-205
-205
-205
0
-205
-205
0
)
;
    }
}


// ************************************************************************* //
