/*--------------------------------*- C++ -*----------------------------------*\
| =========                 |                                                 |
| \\      /  F ield         | OpenFOAM: The Open Source CFD Toolbox           |
|  \\    /   O peration     | Version:  2412                                  |
|   \\  /    A nd           | Website:  www.openfoam.com                      |
|    \\/     M anipulation  |                                                 |
\*---------------------------------------------------------------------------*/
FoamFile
{
    version     2.0;
    format      ascii;
    arch        "LSB;label=32;scalar=64";
    class       volScalarField;
    location    "4.1/solid";
    object      T;
}
// * * * * * * * * * * * * * * * * * * * * * * * * * * * * * * * * * * * * * //

dimensions      [0 0 0 1 0 0 0];

internalField   nonuniform List<scalar> 
1000
(
352.248
352.257
352.262
352.265
352.267
352.267
352.267
352.266
352.265
352.262
352.254
352.261
352.265
352.267
352.269
352.269
352.27
352.269
352.268
352.265
352.257
352.263
352.266
352.268
352.27
352.27
352.27
352.27
352.269
352.266
352.258
352.264
352.267
352.269
352.27
352.271
352.271
352.271
352.269
352.266
352.259
352.264
352.267
352.269
352.27
352.271
352.271
352.271
352.269
352.266
352.259
352.264
352.267
352.269
352.27
352.271
352.271
352.271
352.269
352.266
352.258
352.264
352.267
352.269
352.27
352.271
352.271
352.27
352.269
352.266
352.257
352.263
352.266
352.269
352.27
352.27
352.271
352.27
352.268
352.265
352.254
352.261
352.265
352.267
352.269
352.269
352.27
352.269
352.267
352.264
352.248
352.257
352.262
352.265
352.267
352.267
352.267
352.266
352.264
352.261
350.779
350.799
350.811
350.818
350.823
350.824
350.824
350.822
350.819
350.813
350.791
350.805
350.815
350.822
350.826
350.828
350.828
350.826
350.823
350.817
350.797
350.81
350.818
350.824
350.828
350.83
350.83
350.829
350.826
350.82
350.801
350.813
350.82
350.826
350.829
350.831
350.831
350.83
350.827
350.821
350.803
350.814
350.821
350.826
350.83
350.831
350.832
350.831
350.827
350.821
350.803
350.814
350.821
350.826
350.83
350.831
350.832
350.831
350.827
350.821
350.801
350.812
350.82
350.826
350.829
350.831
350.831
350.83
350.827
350.82
350.797
350.81
350.818
350.824
350.828
350.83
350.83
350.829
350.825
350.818
350.791
350.805
350.815
350.822
350.826
350.828
350.828
350.826
350.822
350.816
350.779
350.798
350.811
350.818
350.822
350.824
350.824
350.822
350.818
350.81
349.376
349.4
349.417
349.428
349.434
349.437
349.437
349.435
349.43
349.421
349.389
349.408
349.422
349.432
349.437
349.441
349.441
349.439
349.435
349.427
349.398
349.414
349.426
349.434
349.44
349.443
349.444
349.442
349.438
349.43
349.403
349.418
349.429
349.437
349.442
349.445
349.446
349.444
349.44
349.432
349.405
349.419
349.43
349.438
349.443
349.446
349.447
349.445
349.441
349.433
349.405
349.419
349.43
349.438
349.443
349.446
349.447
349.445
349.44
349.432
349.403
349.418
349.429
349.437
349.442
349.445
349.446
349.444
349.44
349.431
349.398
349.414
349.426
349.435
349.44
349.443
349.444
349.442
349.437
349.429
349.39
349.408
349.422
349.431
349.437
349.441
349.442
349.439
349.434
349.425
349.376
349.4
349.417
349.427
349.434
349.437
349.437
349.435
349.429
349.418
348.068
348.094
348.113
348.126
348.134
348.138
348.14
348.137
348.131
348.122
348.082
348.103
348.119
348.131
348.138
348.142
348.144
348.142
348.136
348.128
348.091
348.109
348.123
348.134
348.141
348.145
348.146
348.145
348.14
348.132
348.097
348.114
348.127
348.136
348.143
348.147
348.148
348.147
348.143
348.135
348.099
348.116
348.128
348.138
348.144
348.148
348.149
348.148
348.144
348.135
348.099
348.116
348.128
348.138
348.144
348.148
348.15
348.148
348.143
348.135
348.097
348.114
348.127
348.137
348.143
348.147
348.149
348.147
348.142
348.133
348.092
348.11
348.124
348.134
348.141
348.145
348.147
348.145
348.14
348.13
348.083
348.103
348.119
348.131
348.138
348.143
348.144
348.142
348.136
348.126
348.069
348.095
348.114
348.126
348.134
348.139
348.14
348.137
348.13
348.119
346.885
346.911
346.931
346.945
346.955
346.96
346.962
346.96
346.954
346.945
346.899
346.92
346.937
346.95
346.959
346.964
346.966
346.964
346.959
346.951
346.908
346.926
346.942
346.954
346.962
346.967
346.969
346.968
346.963
346.956
346.914
346.931
346.945
346.956
346.964
346.969
346.971
346.97
346.966
346.959
346.916
346.933
346.947
346.958
346.965
346.97
346.972
346.971
346.967
346.96
346.916
346.933
346.947
346.958
346.965
346.97
346.972
346.971
346.967
346.959
346.914
346.932
346.946
346.957
346.965
346.969
346.971
346.97
346.966
346.957
346.909
346.927
346.943
346.954
346.962
346.967
346.969
346.968
346.963
346.954
346.899
346.92
346.938
346.951
346.959
346.964
346.966
346.964
346.959
346.949
346.885
346.911
346.932
346.946
346.955
346.96
346.962
346.96
346.953
346.942
345.852
345.878
345.899
345.914
345.924
345.931
345.933
345.932
345.927
345.918
345.866
345.887
345.905
345.919
345.929
345.935
345.938
345.936
345.932
345.925
345.875
345.894
345.91
345.923
345.932
345.938
345.941
345.94
345.937
345.93
345.881
345.898
345.913
345.926
345.935
345.94
345.943
345.943
345.939
345.933
345.883
345.901
345.915
345.927
345.936
345.941
345.944
345.944
345.94
345.934
345.883
345.901
345.915
345.927
345.936
345.941
345.944
345.944
345.94
345.933
345.881
345.899
345.914
345.926
345.935
345.941
345.944
345.943
345.939
345.931
345.876
345.895
345.911
345.924
345.933
345.938
345.941
345.94
345.936
345.928
345.866
345.888
345.906
345.92
345.929
345.935
345.938
345.937
345.932
345.923
345.852
345.879
345.9
345.915
345.925
345.931
345.934
345.932
345.926
345.916
344.993
345.019
345.041
345.057
345.068
345.075
345.079
345.078
345.073
345.066
345.007
345.028
345.047
345.062
345.073
345.08
345.083
345.082
345.079
345.073
345.016
345.036
345.052
345.066
345.077
345.083
345.086
345.086
345.083
345.078
345.022
345.04
345.056
345.069
345.079
345.086
345.089
345.089
345.086
345.081
345.024
345.042
345.057
345.071
345.08
345.086
345.09
345.09
345.087
345.082
345.024
345.042
345.058
345.07
345.08
345.086
345.09
345.09
345.087
345.081
345.022
345.04
345.056
345.069
345.079
345.086
345.089
345.089
345.085
345.079
345.016
345.036
345.053
345.066
345.076
345.083
345.087
345.086
345.082
345.075
345.007
345.029
345.047
345.062
345.073
345.08
345.083
345.083
345.079
345.071
344.993
345.019
345.041
345.057
345.068
345.076
345.079
345.079
345.074
345.064
344.326
344.353
344.376
344.394
344.406
344.414
344.418
344.417
344.413
344.407
344.34
344.363
344.383
344.399
344.411
344.418
344.422
344.422
344.419
344.414
344.35
344.37
344.388
344.403
344.415
344.422
344.426
344.426
344.424
344.419
344.356
344.375
344.392
344.407
344.417
344.424
344.428
344.429
344.427
344.422
344.358
344.377
344.394
344.408
344.418
344.425
344.429
344.43
344.428
344.423
344.358
344.377
344.393
344.408
344.418
344.425
344.43
344.43
344.427
344.422
344.355
344.375
344.392
344.406
344.417
344.425
344.429
344.429
344.426
344.42
344.349
344.37
344.388
344.403
344.414
344.422
344.426
344.426
344.423
344.416
344.34
344.362
344.382
344.399
344.411
344.418
344.423
344.423
344.419
344.412
344.325
344.353
344.376
344.394
344.406
344.414
344.419
344.418
344.414
344.405
343.867
343.895
343.92
343.939
343.953
343.962
343.966
343.966
343.962
343.956
343.882
343.906
343.927
343.945
343.958
343.967
343.971
343.971
343.968
343.963
343.892
343.914
343.933
343.951
343.963
343.971
343.975
343.975
343.973
343.968
343.898
343.919
343.938
343.954
343.965
343.973
343.977
343.978
343.976
343.972
343.9
343.921
343.94
343.955
343.966
343.974
343.978
343.979
343.977
343.972
343.9
343.921
343.94
343.955
343.966
343.974
343.979
343.979
343.977
343.971
343.897
343.919
343.939
343.954
343.966
343.973
343.978
343.978
343.975
343.969
343.891
343.914
343.935
343.951
343.963
343.971
343.975
343.975
343.972
343.966
343.881
343.906
343.928
343.946
343.959
343.967
343.971
343.972
343.969
343.962
343.866
343.895
343.921
343.94
343.954
343.962
343.967
343.967
343.963
343.955
343.624
343.656
343.684
343.706
343.72
343.729
343.734
343.734
343.73
343.724
343.64
343.669
343.693
343.713
343.727
343.735
343.74
343.74
343.737
343.731
343.651
343.678
343.701
343.719
343.732
343.74
343.744
343.744
343.742
343.737
343.657
343.684
343.705
343.723
343.735
343.743
343.747
343.747
343.745
343.74
343.66
343.686
343.707
343.724
343.736
343.744
343.748
343.749
343.747
343.741
343.66
343.686
343.707
343.724
343.736
343.744
343.748
343.749
343.746
343.74
343.657
343.684
343.706
343.723
343.735
343.743
343.747
343.748
343.745
343.738
343.651
343.678
343.702
343.72
343.732
343.74
343.744
343.745
343.741
343.734
343.64
343.669
343.695
343.714
343.727
343.736
343.741
343.741
343.738
343.73
343.624
343.656
343.686
343.707
343.721
343.73
343.735
343.736
343.731
343.723
)
;

boundaryField
{
    bodyBottom
    {
        type            fixedValue;
        value           uniform 353;
    }
    solid_to_fluid
    {
        type            compressible::turbulentTemperatureCoupledBaffleMixed;
        refValue        nonuniform List<scalar> 
500
(
322.97
327.606
329.608
330.772
331.358
331.375
330.799
329.636
327.633
323.034
312.267
317.014
320.921
323.017
323.955
323.975
323.062
320.968
317.061
312.323
307.453
311.086
314.15
315.783
316.51
316.536
315.815
314.18
311.116
307.488
306.186
309.419
312.074
313.428
314.012
314.032
313.45
312.095
309.439
306.213
305.798
308.919
311.438
312.688
313.227
313.243
312.706
311.455
308.937
305.821
305.801
308.943
311.478
312.717
313.252
313.267
312.733
311.493
308.958
305.822
305.735
308.837
311.366
312.58
313.102
313.116
312.595
311.38
308.851
305.755
305.206
308.086
310.46
311.573
312.04
312.052
311.585
310.471
308.098
305.225
303.894
306.294
308.306
309.237
309.621
309.63
309.245
308.313
306.302
303.91
302.205
303.954
305.45
306.119
306.382
306.387
306.121
305.451
303.957
302.214
324.034
337.856
340.695
343.479
342.187
341.647
340.5
339.218
337.887
336.639
315.386
337.098
341.464
343.463
342.834
342.188
340.893
339.339
337.689
335.151
311.099
333.921
340.337
342.074
341.561
341.116
339.895
338.423
336.536
331.315
309.764
332.797
339.042
340.367
340.005
339.922
338.839
337.608
335.471
328.79
309.241
331.993
337.581
338.792
338.379
338.458
337.546
336.643
334.505
327.913
309.1
331.343
336.489
337.632
337.225
337.356
336.548
335.822
333.879
327.711
308.934
330.394
335.685
336.694
336.363
336.501
335.714
334.982
333.453
327.899
308.449
328.962
335.287
336.278
336.076
335.934
335.242
334.375
333.019
328.404
307.419
325.967
334.584
335.58
335.722
335.293
334.744
333.757
332.034
328.916
305.884
318.247
330.71
333.465
333.382
334.125
333.587
332.254
330.79
328.05
342.326
342.782
342.087
341.299
340.62
340.156
340.139
340.426
340.726
340.255
336.517
337.388
336.277
334.654
333.224
332.27
332.459
333.116
333.393
332.252
330.104
330.864
329.546
327.822
326.563
325.838
325.839
326.341
326.424
325.228
327.677
328.764
327.978
326.912
326.316
325.915
325.261
324.985
324.442
322.886
327.405
328.974
328.753
328.224
328.009
327.691
326.66
325.876
324.887
323.009
327.768
329.708
329.964
329.858
329.851
329.453
328.092
326.712
325.416
323.412
328.664
330.815
331.381
331.507
331.508
330.912
329.36
327.451
326.03
324.103
329.963
332.067
332.666
332.773
332.606
331.772
330.118
328.114
326.804
325.164
331.319
332.992
333.261
333.101
332.655
331.629
330.036
328.406
327.649
326.618
331.589
332.454
332.106
331.536
330.79
329.647
328.279
327.303
327.585
327.632
323.931
337.76
340.563
343.4
342.07
341.673
340.648
339.454
338.211
337.256
315.289
336.989
341.392
343.513
342.94
342.447
341.351
339.959
338.587
336.988
311.029
333.879
340.414
342.294
341.873
341.561
340.611
339.398
338.009
334.687
309.707
332.796
339.175
340.667
340.43
340.463
339.615
338.673
337.255
332.597
309.19
332.006
337.713
339.026
338.763
339.04
338.312
337.676
336.355
331.488
309.051
331.342
336.597
337.833
337.574
337.904
337.273
336.774
335.595
331.034
308.886
330.365
335.804
336.953
336.752
336.996
336.426
335.895
334.963
331.049
308.402
328.911
335.473
336.63
336.578
336.578
336.103
335.423
334.473
331.395
307.372
325.725
334.61
335.93
336.298
336.031
335.737
335.2
333.685
331.277
305.838
317.921
329.714
333.424
333.602
334.287
334.57
333.459
331.714
329.412
305.988
318.87
330.393
332.168
332.338
332.958
333.323
332.94
331.76
329.491
307.642
327.519
335.16
336.716
336.643
336.569
336.337
335.597
334.027
331.685
308.813
330.83
336.174
337.849
337.854
337.555
337.057
336.221
334.977
333.164
309.376
332.004
335.419
336.875
337.095
337.071
336.84
336.425
335.896
333.657
309.614
332.697
334.832
336.19
336.695
336.86
336.867
336.752
336.395
333.406
309.609
332.58
334.86
336.302
336.853
336.988
336.916
336.601
335.828
332.404
309.363
331.891
335.642
337.337
337.576
337.558
337.126
336.348
335.008
331.372
308.794
330.608
336.242
337.755
337.665
337.381
336.848
335.89
334.096
330.633
307.618
326.922
334.304
335.886
335.918
336.015
335.796
334.966
333.114
329.677
305.965
318.382
328.581
331.207
331.765
332.594
332.735
332.1
330.713
327.872
)
;
        refGradient     uniform 0;
        valueFraction   nonuniform List<scalar> 
500
(
0.000301416
0.000301416
0.000301416
0.000301416
0.000301416
0.000301416
0.000301416
0.000301416
0.000301416
0.000301416
0.000301416
0.000301416
0.000301416
0.000301416
0.000301416
0.000301416
0.000301416
0.000301416
0.000301416
0.000301416
0.000301416
0.000301416
0.000301416
0.000301416
0.000301416
0.000301416
0.000301416
0.000301416
0.000301416
0.000301416
0.000301416
0.000301416
0.000301416
0.000301416
0.000301416
0.000301416
0.000301416
0.000301416
0.000301416
0.000301416
0.000301416
0.000301416
0.000301416
0.000301416
0.000301416
0.000301416
0.000301416
0.000301416
0.000301416
0.000301416
0.000301416
0.000301416
0.000301416
0.000301416
0.000301416
0.000301416
0.000301416
0.000301416
0.000301416
0.000301416
0.000301416
0.000301416
0.000301416
0.000301416
0.000301416
0.000301416
0.000301416
0.000301416
0.000301416
0.000301416
0.000301416
0.000301416
0.000301416
0.000301416
0.000301416
0.000301416
0.000301416
0.000301416
0.000301416
0.000301416
0.000301416
0.000301416
0.000301416
0.000301416
0.000301416
0.000301416
0.000301416
0.000301416
0.000301416
0.000301416
0.000301416
0.000301416
0.000301416
0.000301416
0.000301416
0.000301416
0.000301416
0.000301416
0.000301416
0.000301416
0.000302436
0.000302436
0.000302436
0.000302436
0.000302436
0.000302436
0.000302436
0.000302436
0.000302436
0.000302436
0.000302436
0.000302436
0.000302436
0.000302436
0.000302436
0.000302436
0.000302436
0.000302436
0.000302436
0.000302436
0.000302436
0.000302436
0.000302436
0.000302436
0.000302436
0.000302436
0.000302436
0.000302436
0.000302436
0.000302436
0.000302436
0.000302436
0.000302436
0.000302436
0.000302436
0.000302436
0.000302436
0.000302436
0.000302436
0.000302436
0.000302436
0.000302436
0.000302436
0.000302436
0.000302436
0.000302436
0.000302436
0.000302436
0.000302436
0.000302436
0.000302436
0.000302436
0.000302436
0.000302436
0.000302436
0.000302436
0.000302436
0.000302436
0.000302436
0.000302436
0.000302436
0.000302436
0.000302436
0.000302436
0.000302436
0.000302436
0.000302436
0.000302436
0.000302436
0.000302436
0.000302436
0.000302436
0.000302436
0.000302436
0.000302436
0.000302436
0.000302436
0.000302436
0.000302436
0.000302436
0.000302436
0.000302436
0.000302436
0.000302436
0.000302436
0.000302436
0.000302436
0.000302436
0.000302436
0.000302436
0.000302436
0.000302436
0.000302436
0.000302436
0.000302436
0.000302436
0.000302436
0.000302436
0.000302436
0.000302436
0.000300478
0.000300478
0.000300478
0.000300478
0.000300478
0.000300478
0.000300478
0.000300478
0.000300478
0.000300478
0.000300478
0.000300478
0.000300478
0.000300478
0.000300478
0.000300478
0.000300478
0.000300478
0.000300478
0.000300478
0.000300478
0.000300478
0.000300478
0.000300478
0.000300478
0.000300478
0.000300478
0.000300478
0.000300478
0.000300478
0.000300478
0.000300478
0.000300478
0.000300478
0.000300478
0.000300478
0.000300478
0.000300478
0.000300478
0.000300478
0.000300478
0.000300478
0.000300478
0.000300478
0.000300478
0.000300478
0.000300478
0.000300478
0.000300478
0.000300478
0.000300478
0.000300478
0.000300478
0.000300478
0.000300478
0.000300478
0.000300478
0.000300478
0.000300478
0.000300478
0.000300478
0.000300478
0.000300478
0.000300478
0.000300478
0.000300478
0.000300478
0.000300478
0.000300478
0.000300478
0.000300478
0.000300478
0.000300478
0.000300478
0.000300478
0.000300478
0.000300478
0.000300478
0.000300478
0.000300478
0.000300478
0.000300478
0.000300478
0.000300478
0.000300478
0.000300478
0.000300478
0.000300478
0.000300478
0.000300478
0.000300478
0.000300478
0.000300478
0.000300478
0.000300478
0.000300478
0.000300478
0.000300478
0.000300478
0.000300478
0.000302436
0.000302436
0.000302436
0.000302436
0.000302436
0.000302436
0.000302436
0.000302436
0.000302436
0.000302436
0.000302436
0.000302436
0.000302436
0.000302436
0.000302436
0.000302436
0.000302436
0.000302436
0.000302436
0.000302436
0.000302436
0.000302436
0.000302436
0.000302436
0.000302436
0.000302436
0.000302436
0.000302436
0.000302436
0.000302436
0.000302436
0.000302436
0.000302436
0.000302436
0.000302436
0.000302436
0.000302436
0.000302436
0.000302436
0.000302436
0.000302436
0.000302436
0.000302436
0.000302436
0.000302436
0.000302436
0.000302436
0.000302436
0.000302436
0.000302436
0.000302436
0.000302436
0.000302436
0.000302436
0.000302436
0.000302436
0.000302436
0.000302436
0.000302436
0.000302436
0.000302436
0.000302436
0.000302436
0.000302436
0.000302436
0.000302436
0.000302436
0.000302436
0.000302436
0.000302436
0.000302436
0.000302436
0.000302436
0.000302436
0.000302436
0.000302436
0.000302436
0.000302436
0.000302436
0.000302436
0.000302436
0.000302436
0.000302436
0.000302436
0.000302436
0.000302436
0.000302436
0.000302436
0.000302436
0.000302436
0.000302436
0.000302436
0.000302436
0.000302436
0.000302436
0.000302436
0.000302436
0.000302436
0.000302436
0.000302436
0.000301115
0.000301115
0.000301115
0.000301115
0.000301115
0.000301115
0.000301115
0.000301115
0.000301115
0.000301115
0.000301115
0.000301115
0.000301115
0.000301115
0.000301115
0.000301115
0.000301115
0.000301115
0.000301115
0.000301115
0.000301115
0.000301115
0.000301115
0.000301115
0.000301115
0.000301115
0.000301115
0.000301115
0.000301115
0.000301115
0.000301115
0.000301115
0.000301115
0.000301115
0.000301115
0.000301115
0.000301115
0.000301115
0.000301115
0.000301115
0.000301115
0.000301115
0.000301115
0.000301115
0.000301115
0.000301115
0.000301115
0.000301115
0.000301115
0.000301115
0.000301115
0.000301115
0.000301115
0.000301115
0.000301115
0.000301115
0.000301115
0.000301115
0.000301115
0.000301115
0.000301115
0.000301115
0.000301115
0.000301115
0.000301115
0.000301115
0.000301115
0.000301115
0.000301115
0.000301115
0.000301115
0.000301115
0.000301115
0.000301115
0.000301115
0.000301115
0.000301115
0.000301115
0.000301115
0.000301115
0.000301115
0.000301115
0.000301115
0.000301115
0.000301115
0.000301115
0.000301115
0.000301115
0.000301115
0.000301115
0.000301115
0.000301115
0.000301115
0.000301115
0.000301115
0.000301115
0.000301115
0.000301115
0.000301115
0.000301115
)
;
        source          uniform 0;
        Tnbr            T;
        kappaMethod     solidThermo;
        value           nonuniform List<scalar> 
500
(
352.239
352.246
352.25
352.252
352.253
352.253
352.252
352.25
352.247
352.239
350.767
350.78
350.788
350.792
350.794
350.794
350.792
350.788
350.78
350.767
349.363
349.377
349.387
349.392
349.395
349.395
349.392
349.387
349.378
349.363
348.055
348.07
348.08
348.086
348.089
348.089
348.086
348.081
348.071
348.056
346.872
346.886
346.897
346.903
346.905
346.906
346.903
346.897
346.887
346.872
345.839
345.854
345.864
345.87
345.873
345.873
345.87
345.864
345.854
345.839
344.98
344.995
345.005
345.011
345.014
345.014
345.011
345.005
344.995
344.98
344.313
344.329
344.339
344.345
344.348
344.347
344.345
344.338
344.328
344.313
343.854
343.869
343.88
343.886
343.889
343.889
343.886
343.88
343.869
343.853
343.611
343.627
343.638
343.645
343.648
343.648
343.645
343.638
343.627
343.611
352.239
352.253
352.259
352.263
352.264
352.264
352.264
352.262
352.26
352.256
350.768
350.794
350.808
350.816
350.82
350.822
350.821
350.819
350.814
350.805
349.364
349.395
349.413
349.425
349.431
349.434
349.434
349.431
349.424
349.413
348.057
348.089
348.11
348.123
348.131
348.136
348.136
348.133
348.126
348.113
346.873
346.906
346.928
346.943
346.952
346.957
346.959
346.956
346.949
346.936
345.84
345.873
345.896
345.911
345.921
345.928
345.93
345.929
345.922
345.91
344.981
345.014
345.038
345.054
345.065
345.072
345.076
345.075
345.069
345.058
344.314
344.347
344.372
344.39
344.403
344.411
344.415
344.415
344.41
344.4
343.854
343.889
343.917
343.937
343.95
343.959
343.963
343.963
343.959
343.95
343.612
343.647
343.681
343.703
343.717
343.727
343.731
343.731
343.727
343.718
352.259
352.262
352.263
352.263
352.263
352.263
352.262
352.262
352.261
352.257
350.808
350.813
350.815
350.816
350.816
350.815
350.814
350.813
350.81
350.805
349.415
349.421
349.424
349.425
349.425
349.425
349.424
349.421
349.418
349.411
348.115
348.122
348.126
348.128
348.128
348.128
348.126
348.123
348.118
348.111
346.938
346.945
346.95
346.952
346.953
346.953
346.951
346.947
346.942
346.934
345.912
345.92
345.924
345.927
345.928
345.927
345.925
345.921
345.916
345.908
345.06
345.068
345.073
345.076
345.077
345.076
345.073
345.069
345.064
345.057
344.402
344.409
344.414
344.417
344.418
344.417
344.414
344.41
344.406
344.399
343.951
343.959
343.964
343.967
343.968
343.967
343.964
343.96
343.956
343.949
343.719
343.727
343.732
343.736
343.736
343.735
343.732
343.728
343.724
343.718
352.239
352.253
352.259
352.263
352.264
352.264
352.264
352.262
352.26
352.257
350.768
350.794
350.808
350.816
350.82
350.822
350.821
350.819
350.815
350.808
349.364
349.395
349.414
349.425
349.431
349.434
349.434
349.432
349.426
349.416
348.056
348.089
348.11
348.123
348.131
348.136
348.136
348.134
348.128
348.117
346.873
346.906
346.928
346.942
346.951
346.957
346.959
346.956
346.95
346.94
345.84
345.873
345.895
345.911
345.921
345.928
345.93
345.928
345.923
345.913
344.981
345.014
345.037
345.054
345.065
345.072
345.075
345.074
345.069
345.061
344.314
344.348
344.372
344.39
344.403
344.411
344.414
344.413
344.409
344.402
343.855
343.889
343.917
343.936
343.95
343.958
343.962
343.962
343.958
343.951
343.612
343.647
343.679
343.702
343.716
343.726
343.73
343.73
343.725
343.719
343.612
343.647
343.679
343.701
343.716
343.725
343.73
343.729
343.725
343.719
343.628
343.663
343.69
343.71
343.723
343.732
343.737
343.736
343.733
343.727
343.639
343.673
343.697
343.716
343.729
343.737
343.741
343.741
343.738
343.733
343.646
343.679
343.702
343.72
343.732
343.74
343.744
343.744
343.742
343.736
343.649
343.682
343.703
343.721
343.733
343.741
343.745
343.746
343.743
343.737
343.649
343.682
343.704
343.721
343.733
343.741
343.745
343.746
343.743
343.736
343.646
343.68
343.703
343.72
343.732
343.74
343.744
343.745
343.741
343.733
343.639
343.674
343.699
343.717
343.729
343.737
343.741
343.741
343.738
343.729
343.628
343.663
343.691
343.711
343.724
343.732
343.737
343.738
343.733
343.725
343.612
343.647
343.68
343.702
343.716
343.726
343.731
343.731
343.727
343.718
)
;
    }
}


// ************************************************************************* //
