/*--------------------------------*- C++ -*----------------------------------*\
| =========                 |                                                 |
| \\      /  F ield         | OpenFOAM: The Open Source CFD Toolbox           |
|  \\    /   O peration     | Version:  2412                                  |
|   \\  /    A nd           | Website:  www.openfoam.com                      |
|    \\/     M anipulation  |                                                 |
\*---------------------------------------------------------------------------*/
FoamFile
{
    version     2.0;
    format      ascii;
    arch        "LSB;label=32;scalar=64";
    class       volScalarField;
    location    "4.1/solid";
    object      wallHeatFlux;
}
// * * * * * * * * * * * * * * * * * * * * * * * * * * * * * * * * * * * * * //

dimensions      [1 0 -3 0 0 0 0];

internalField   uniform 0;

boundaryField
{
    bodyBottom
    {
        type            calculated;
        value           nonuniform List<scalar> 
100
(
154160
152930
152315
152110
151905
151905
152110
152315
152930
154160
152315
151495
151085
150880
150880
150880
150880
151085
151495
152315
151290
150675
150470
150265
150265
150265
150265
150470
150675
151290
150675
150265
150060
149855
149855
149855
149855
149855
150265
150675
150265
149855
149650
149650
149650
149650
149650
149650
149855
150265
150265
149855
149650
149445
149445
149445
149445
149650
149855
150265
150265
149650
149650
149445
149445
149445
149445
149445
149650
150265
150470
149855
149650
149445
149445
149445
149650
149650
149855
150470
150675
150060
149855
149855
149855
149855
149855
150060
150265
150880
151290
150675
150470
150470
150470
150470
150470
150675
150880
151495
)
;
    }
    solid_to_fluid
    {
        type            calculated;
        value           nonuniform List<scalar> 
500
(
-1845
-1640
-1435
-1230
-1230
-1230
-1230
-1435
-1435
-1845
-2460
-2255
-1845
-1845
-1845
-1845
-1845
-1845
-2255
-2460
-2665
-2460
-2255
-2255
-2050
-2050
-2255
-2255
-2460
-2665
-2665
-2460
-2255
-2255
-2050
-2050
-2255
-2255
-2460
-2665
-2665
-2665
-2255
-2255
-2255
-2050
-2255
-2460
-2460
-2665
-2665
-2460
-2255
-2255
-2050
-2050
-2255
-2460
-2460
-2665
-2665
-2460
-2255
-2255
-2050
-2050
-2255
-2255
-2460
-2665
-2665
-2255
-2255
-2255
-2050
-2255
-2050
-2255
-2460
-2460
-2665
-2665
-2460
-2460
-2255
-2255
-2255
-2255
-2460
-2665
-2665
-2665
-2665
-2460
-2460
-2460
-2460
-2665
-2665
-2665
-1845
-820
-615
-410
-615
-615
-615
-820
-820
-1025
-2255
-820
-615
-410
-410
-410
-615
-615
-820
-1025
-2460
-1025
-820
-410
-615
-615
-615
-820
-1025
-1025
-2460
-1230
-820
-615
-615
-615
-820
-820
-820
-1230
-2460
-1025
-820
-615
-615
-615
-615
-820
-820
-1230
-2460
-1230
-820
-820
-820
-615
-820
-615
-820
-1230
-2460
-1025
-615
-615
-615
-820
-615
-820
-1025
-1230
-2255
-1230
-820
-820
-615
-615
-820
-615
-820
-1025
-2460
-1230
-820
-615
-820
-615
-820
-820
-820
-1025
-2460
-1845
-1025
-820
-820
-615
-820
-1025
-820
-1025
-615
-615
-615
-615
-615
-615
-820
-615
-615
-820
-1025
-820
-1025
-1025
-1025
-1230
-1230
-1025
-1230
-1025
-1230
-1230
-1230
-1435
-1640
-1435
-1435
-1640
-1435
-1435
-1435
-1230
-1230
-1435
-1435
-1435
-1435
-1435
-1640
-1640
-1435
-1230
-1230
-1435
-1435
-1230
-1230
-1435
-1435
-1640
-1230
-1025
-1230
-1230
-1230
-1230
-1230
-1435
-1435
-1640
-1230
-1025
-1025
-1025
-1025
-1025
-1230
-1230
-1435
-1435
-1025
-1025
-1025
-1025
-1025
-1025
-1230
-1230
-1230
-1230
-1025
-820
-820
-1025
-820
-820
-1025
-1230
-1230
-1230
-1025
-820
-1025
-820
-1025
-1025
-1230
-1230
-1230
-1025
-1845
-820
-615
-410
-615
-615
-615
-820
-1025
-1025
-2255
-1025
-615
-410
-615
-410
-615
-615
-820
-1025
-2460
-1025
-615
-615
-615
-615
-615
-615
-820
-1025
-2460
-1025
-615
-615
-615
-410
-820
-615
-615
-1025
-2460
-1025
-615
-615
-820
-615
-615
-820
-820
-1025
-2460
-1025
-820
-615
-615
-615
-615
-820
-820
-1025
-2460
-1025
-820
-615
-615
-615
-820
-820
-820
-1025
-2460
-1025
-820
-820
-615
-615
-820
-820
-820
-1025
-2460
-1230
-615
-615
-615
-820
-820
-820
-820
-1025
-2460
-1845
-1025
-820
-820
-615
-820
-820
-1025
-1025
-2460
-1845
-1025
-1025
-820
-820
-820
-1025
-1025
-1025
-2460
-1230
-615
-615
-820
-615
-615
-820
-820
-820
-2460
-1025
-820
-615
-615
-615
-615
-615
-820
-820
-2255
-1025
-615
-615
-615
-615
-615
-615
-615
-820
-2255
-820
-820
-615
-615
-615
-615
-615
-820
-820
-2255
-820
-615
-615
-615
-615
-615
-615
-615
-820
-2255
-820
-615
-615
-615
-615
-615
-615
-820
-1025
-2460
-820
-615
-615
-615
-615
-615
-820
-615
-1025
-2460
-1230
-820
-615
-615
-820
-820
-615
-1025
-1025
-2460
-1845
-1230
-1025
-1025
-820
-820
-1025
-820
-1025
)
;
    }
}


// ************************************************************************* //
