/*--------------------------------*- C++ -*----------------------------------*\
| =========                 |                                                 |
| \\      /  F ield         | OpenFOAM: The Open Source CFD Toolbox           |
|  \\    /   O peration     | Version:  2412                                  |
|   \\  /    A nd           | Website:  www.openfoam.com                      |
|    \\/     M anipulation  |                                                 |
\*---------------------------------------------------------------------------*/
FoamFile
{
    version     2.0;
    format      ascii;
    arch        "LSB;label=32;scalar=64";
    class       volScalarField;
    location    "1.9/fluid";
    object      wallHeatFlux;
}
// * * * * * * * * * * * * * * * * * * * * * * * * * * * * * * * * * * * * * //

dimensions      [1 0 -3 0 0 0 0];

internalField   uniform 0;

boundaryField
{
    inlet
    {
        type            calculated;
        value           uniform 0;
    }
    outlet
    {
        type            calculated;
        value           uniform 0;
    }
    walls
    {
        type            calculated;
        value           uniform 0;
    }
    fluid_to_solid
    {
        type            calculated;
        value           nonuniform List<scalar> 
500
(
1830.22
1568.46
1455.54
1389.22
1356.33
1356.33
1389.22
1455.54
1568.46
1830.22
2231.36
1976.09
1766
1653.45
1604.5
1604.43
1653.45
1766
1976.09
2231.3
2270.92
2085.55
1929.36
1846.48
1810.32
1810.32
1846.42
1929.43
2085.55
2270.92
2124.43
1967.19
1838.01
1772.55
1744.93
1744.93
1772.62
1838.07
1967.19
2124.43
1951.68
1806.61
1689.55
1631.69
1607.28
1607.28
1631.75
1689.67
1806.74
1951.74
1790.85
1653.08
1541.82
1487.74
1464.81
1464.81
1487.74
1541.88
1653.14
1790.85
1656.85
1526.31
1419.56
1368.39
1346.75
1346.75
1368.39
1419.56
1526.25
1656.72
1573.53
1456.34
1359.12
1313.5
1294.59
1294.52
1313.44
1359.05
1456.22
1573.41
1554.68
1459.37
1378.71
1341.25
1325.8
1325.8
1341.13
1378.65
1459.25
1554.49
1584.53
1516.11
1456.84
1430.07
1419.56
1419.56
1430.13
1456.9
1515.99
1584.47
1763.98
911.169
735.658
558.721
640.336
667.748
735.782
814.793
898.58
976.412
2059.99
798.172
528.084
400.947
436.545
469.539
542.658
635.003
734.48
885.68
2084.49
836.065
467.802
359.705
383.396
403.489
465.197
545.201
651.128
934.86
1952.58
766.047
435.491
354.991
367.705
367.767
417.878
478.841
589.358
924.131
1796.17
695.16
424.7
358.278
373.721
365.1
404.234
444.669
547.061
855.415
1650.36
635.003
407.273
352.076
368.449
359.891
392.326
421.041
504.579
768.032
1527.19
600.459
387.675
346.495
360.635
353.751
384.078
410.746
467.306
681.702
1447.56
601.451
360.759
325.905
336.262
342.65
368.325
399.52
445.476
605.172
1422.01
685.361
362.123
328.634
328.572
348.665
366.775
396.978
456.887
556.984
1449.18
973.807
511.897
392.636
405.474
381.597
396.481
445.166
495.772
580.551
728.553
695.896
712.409
722.33
720.789
720.543
721.775
711.731
695.157
728.06
1053.58
991.285
1004.16
1022.59
1024.19
1023.63
1021.66
1002.93
989.991
1052.47
1279.9
1219.08
1220.62
1212.49
1176.2
1175.83
1211.69
1219.45
1217.79
1278.79
1232.51
1159.56
1125.86
1065.47
978.038
977.791
1064.42
1124.38
1158.14
1231.4
1090.98
1005.89
950.742
861.952
748.825
748.578
860.535
949.078
1004.47
1089.93
946.244
855.236
784.993
678.52
554.794
554.425
676.795
782.96
853.696
945.319
809.64
718.14
641.489
530.148
416.157
415.664
528.423
639.332
716.538
808.777
685.544
600.945
529.47
427.002
335.686
335.132
425.462
527.498
599.528
684.805
580.242
514.99
463.725
383.316
298.593
298.039
381.899
462.123
513.881
579.872
531.134
499.155
482.765
429.898
353.925
353.185
428.666
481.471
498.662
531.195
1763.98
911.169
735.658
558.721
640.274
667.748
735.968
814.917
898.704
976.474
2059.99
798.048
528.084
400.947
436.545
469.601
542.72
635.127
734.604
885.99
2084.49
836.065
467.74
359.705
383.396
403.489
465.197
545.263
651.314
935.356
1952.58
765.985
435.367
354.867
367.581
367.643
417.816
478.841
589.482
924.627
1796.1
695.036
424.514
358.092
373.473
364.976
404.11
444.669
547.123
855.725
1650.42
634.941
407.086
351.828
368.263
359.767
392.202
420.854
504.455
768.28
1527.26
600.397
387.489
346.309
360.511
353.627
383.954
410.497
467.182
681.826
1447.81
601.513
360.697
325.781
336.138
342.526
368.139
399.334
445.29
605.11
1422.2
685.423
361.999
328.386
328.386
348.479
366.589
396.729
456.515
556.736
1449.24
973.745
511.897
392.45
405.288
381.473
396.171
444.793
495.462
580.117
1442.97
966.775
573.94
481.875
470.081
444.147
438.096
458.102
498.979
589.315
1379.18
634.637
361.221
306.204
308.118
307.316
314.54
339.918
396.972
506.141
1333.37
492.742
293.608
236.368
240.69
251.62
270.02
300.153
355.417
444.024
1310.89
438.837
313.799
251.867
241.802
240.69
252.546
275.578
306.636
390.242
1300.77
391.107
336.769
281.135
258.844
247.791
247.853
252.855
261.314
327.507
1300.77
391.292
336.831
281.073
258.782
247.915
247.915
252.978
261.376
327.322
1310.89
438.837
313.614
251.62
241.617
240.505
252.546
275.763
306.698
390.057
1333.31
492.928
293.731
236.43
240.69
251.681
270.02
300.338
355.664
444.147
1379.12
634.761
361.53
306.513
308.365
307.439
314.664
340.165
397.158
506.388
1442.85
966.899
574.31
482.06
470.266
444.333
438.281
458.349
499.349
589.624
)
;
    }
}


// ************************************************************************* //
