/*--------------------------------*- C++ -*----------------------------------*\
| =========                 |                                                 |
| \\      /  F ield         | OpenFOAM: The Open Source CFD Toolbox           |
|  \\    /   O peration     | Version:  2412                                  |
|   \\  /    A nd           | Website:  www.openfoam.com                      |
|    \\/     M anipulation  |                                                 |
\*---------------------------------------------------------------------------*/
FoamFile
{
    version     2.0;
    format      ascii;
    arch        "LSB;label=32;scalar=64";
    class       volScalarField;
    location    "0.7/solid";
    object      T;
}
// * * * * * * * * * * * * * * * * * * * * * * * * * * * * * * * * * * * * * //

dimensions      [0 0 0 1 0 0 0];

internalField   nonuniform List<scalar> 
1000
(
348.568
348.577
348.58
348.582
348.582
348.583
348.583
348.582
348.58
348.576
348.573
348.579
348.582
348.584
348.584
348.584
348.584
348.584
348.583
348.579
348.575
348.581
348.583
348.584
348.584
348.584
348.584
348.584
348.583
348.581
348.576
348.581
348.583
348.584
348.584
348.584
348.585
348.585
348.584
348.582
348.576
348.581
348.583
348.584
348.584
348.584
348.585
348.585
348.584
348.582
348.576
348.581
348.583
348.584
348.584
348.584
348.585
348.585
348.584
348.582
348.576
348.581
348.583
348.584
348.584
348.584
348.585
348.585
348.584
348.582
348.575
348.581
348.583
348.584
348.584
348.584
348.585
348.584
348.583
348.581
348.573
348.579
348.582
348.583
348.584
348.584
348.584
348.584
348.582
348.579
348.568
348.576
348.58
348.582
348.582
348.582
348.582
348.582
348.58
348.576
339.881
339.895
339.903
339.907
339.908
339.908
339.909
339.907
339.904
339.897
339.888
339.899
339.905
339.908
339.909
339.91
339.91
339.909
339.906
339.901
339.892
339.901
339.905
339.907
339.908
339.909
339.91
339.909
339.908
339.903
339.894
339.902
339.906
339.908
339.908
339.909
339.91
339.911
339.909
339.905
339.894
339.902
339.906
339.908
339.908
339.908
339.91
339.91
339.909
339.905
339.893
339.901
339.905
339.907
339.908
339.908
339.91
339.91
339.909
339.905
339.893
339.901
339.906
339.908
339.908
339.909
339.91
339.91
339.909
339.905
339.891
339.9
339.905
339.908
339.909
339.909
339.91
339.909
339.907
339.903
339.887
339.898
339.904
339.907
339.908
339.909
339.91
339.909
339.906
339.901
339.879
339.893
339.901
339.905
339.906
339.908
339.908
339.907
339.903
339.896
331.658
331.673
331.683
331.687
331.688
331.689
331.69
331.689
331.685
331.678
331.665
331.676
331.683
331.688
331.688
331.689
331.691
331.689
331.686
331.681
331.668
331.678
331.682
331.685
331.686
331.688
331.689
331.688
331.687
331.683
331.671
331.68
331.684
331.686
331.686
331.687
331.689
331.69
331.689
331.686
331.67
331.679
331.683
331.685
331.685
331.686
331.689
331.69
331.689
331.685
331.67
331.677
331.681
331.684
331.684
331.686
331.689
331.69
331.689
331.685
331.67
331.678
331.682
331.685
331.685
331.686
331.689
331.689
331.689
331.685
331.669
331.678
331.682
331.685
331.686
331.687
331.689
331.688
331.687
331.683
331.666
331.676
331.681
331.685
331.686
331.688
331.69
331.689
331.686
331.68
331.658
331.672
331.679
331.683
331.685
331.687
331.689
331.688
331.685
331.677
324.152
324.165
324.174
324.178
324.179
324.18
324.182
324.181
324.178
324.172
324.157
324.167
324.174
324.178
324.178
324.18
324.182
324.181
324.178
324.174
324.16
324.167
324.171
324.175
324.176
324.177
324.179
324.178
324.178
324.176
324.162
324.169
324.173
324.174
324.174
324.175
324.178
324.18
324.18
324.178
324.161
324.169
324.172
324.174
324.173
324.175
324.178
324.18
324.18
324.178
324.162
324.169
324.172
324.173
324.173
324.174
324.178
324.18
324.18
324.177
324.164
324.171
324.174
324.176
324.175
324.175
324.178
324.18
324.18
324.178
324.164
324.172
324.175
324.177
324.176
324.176
324.178
324.178
324.178
324.175
324.161
324.17
324.175
324.177
324.176
324.178
324.181
324.18
324.178
324.174
324.154
324.167
324.174
324.176
324.176
324.178
324.181
324.181
324.178
324.172
317.557
317.567
317.574
317.577
317.577
317.579
317.581
317.581
317.579
317.575
317.56
317.568
317.573
317.576
317.577
317.578
317.581
317.58
317.579
317.577
317.562
317.567
317.57
317.574
317.574
317.575
317.578
317.578
317.578
317.578
317.564
317.569
317.571
317.572
317.572
317.573
317.576
317.578
317.58
317.58
317.562
317.568
317.57
317.572
317.571
317.572
317.575
317.578
317.579
317.578
317.563
317.569
317.572
317.572
317.571
317.572
317.576
317.578
317.579
317.578
317.566
317.572
317.575
317.575
317.574
317.573
317.576
317.579
317.58
317.579
317.567
317.573
317.576
317.577
317.575
317.574
317.576
317.577
317.578
317.577
317.565
317.573
317.577
317.578
317.576
317.577
317.579
317.579
317.579
317.576
317.56
317.57
317.576
317.577
317.576
317.577
317.58
317.581
317.58
317.576
312.008
312.015
312.018
312.02
312.021
312.023
312.025
312.024
312.024
312.024
312.011
312.016
312.017
312.019
312.02
312.022
312.024
312.023
312.025
312.025
312.011
312.015
312.015
312.018
312.019
312.02
312.022
312.022
312.026
312.026
312.011
312.013
312.014
312.017
312.017
312.018
312.02
312.022
312.026
312.027
312.008
312.011
312.013
312.015
312.014
312.015
312.017
312.02
312.023
312.024
312.009
312.013
312.015
312.015
312.014
312.015
312.019
312.021
312.023
312.023
312.013
312.017
312.019
312.019
312.017
312.017
312.021
312.023
312.023
312.023
312.014
312.019
312.021
312.021
312.018
312.018
312.021
312.021
312.022
312.023
312.013
312.019
312.022
312.022
312.019
312.019
312.022
312.024
312.026
312.025
312.009
312.017
312.021
312.021
312.02
312.021
312.025
312.027
312.027
312.025
307.572
307.577
307.577
307.578
307.579
307.581
307.584
307.583
307.584
307.586
307.574
307.577
307.577
307.578
307.579
307.581
307.583
307.582
307.585
307.587
307.574
307.576
307.574
307.576
307.578
307.579
307.58
307.581
307.586
307.588
307.572
307.573
307.572
307.576
307.575
307.576
307.578
307.581
307.585
307.587
307.569
307.57
307.571
307.573
307.572
307.573
307.576
307.578
307.582
307.584
307.569
307.571
307.571
307.572
307.57
307.573
307.577
307.58
307.582
307.583
307.572
307.575
307.575
307.575
307.573
307.575
307.58
307.582
307.582
307.583
307.574
307.577
307.577
307.577
307.575
307.575
307.579
307.58
307.582
307.584
307.574
307.578
307.579
307.578
307.576
307.577
307.581
307.583
307.586
307.587
307.571
307.577
307.579
307.578
307.576
307.579
307.584
307.586
307.588
307.587
304.265
304.268
304.268
304.268
304.269
304.271
304.274
304.274
304.275
304.278
304.267
304.268
304.267
304.268
304.269
304.271
304.273
304.272
304.275
304.278
304.266
304.266
304.264
304.266
304.267
304.269
304.27
304.27
304.276
304.279
304.263
304.263
304.262
304.266
304.265
304.266
304.268
304.27
304.275
304.278
304.259
304.26
304.26
304.263
304.262
304.263
304.265
304.268
304.272
304.275
304.258
304.259
304.259
304.261
304.26
304.263
304.267
304.269
304.272
304.273
304.261
304.262
304.263
304.264
304.263
304.265
304.269
304.271
304.272
304.273
304.262
304.264
304.264
304.265
304.264
304.265
304.268
304.269
304.272
304.275
304.263
304.265
304.264
304.265
304.265
304.266
304.271
304.274
304.277
304.278
304.261
304.265
304.265
304.266
304.266
304.269
304.274
304.277
304.279
304.28
302.078
302.08
302.079
302.079
302.081
302.082
302.085
302.085
302.087
302.09
302.079
302.08
302.077
302.079
302.08
302.082
302.085
302.084
302.087
302.09
302.078
302.077
302.075
302.079
302.079
302.08
302.082
302.081
302.086
302.09
302.075
302.075
302.075
302.078
302.077
302.078
302.079
302.08
302.086
302.089
302.072
302.072
302.073
302.075
302.074
302.074
302.076
302.079
302.084
302.086
302.07
302.072
302.074
302.075
302.073
302.074
302.078
302.08
302.083
302.085
302.073
302.075
302.077
302.078
302.076
302.077
302.08
302.081
302.084
302.085
302.075
302.077
302.079
302.08
302.077
302.077
302.079
302.081
302.085
302.087
302.075
302.078
302.079
302.08
302.079
302.078
302.082
302.086
302.089
302.091
302.073
302.077
302.079
302.08
302.079
302.081
302.085
302.089
302.091
302.092
300.99
300.992
300.991
300.992
300.993
300.995
300.998
300.998
301
301.003
300.991
300.992
300.99
300.992
300.993
300.995
300.997
300.997
301
301.003
300.99
300.99
300.989
300.992
300.992
300.993
300.995
300.995
300.999
301.003
300.988
300.988
300.988
300.991
300.99
300.991
300.992
300.993
300.999
301.002
300.984
300.985
300.986
300.988
300.987
300.987
300.989
300.992
300.996
300.999
300.984
300.987
300.988
300.988
300.987
300.987
300.991
300.993
300.996
300.998
300.987
300.99
300.992
300.992
300.99
300.99
300.993
300.994
300.996
300.998
300.989
300.992
300.994
300.994
300.991
300.99
300.992
300.994
300.998
301
300.989
300.993
300.994
300.994
300.992
300.991
300.995
300.999
301.002
301.004
300.988
300.992
300.994
300.995
300.993
300.993
300.998
301.001
301.004
301.005
)
;

boundaryField
{
    bodyBottom
    {
        type            fixedValue;
        value           uniform 353;
    }
    solid_to_fluid
    {
        type            compressible::turbulentTemperatureCoupledBaffleMixed;
        refValue        nonuniform List<scalar> 
500
(
318.341
322.08
323.674
324.634
325.113
325.113
324.633
323.673
322.08
318.341
307.104
310.407
313.126
314.589
315.24
315.24
314.589
313.126
310.407
307.104
302.132
304.293
306.108
307.07
307.484
307.484
307.07
306.109
304.294
302.132
300.083
301.733
303.082
303.763
304.046
304.047
303.763
303.084
301.734
300.083
298.736
300.092
301.186
301.724
301.949
301.949
301.725
301.187
300.094
298.737
297.545
298.633
299.512
299.936
300.112
300.113
299.937
299.513
298.634
297.545
296.686
297.584
298.323
298.68
298.829
298.829
298.68
298.324
297.584
296.686
295.901
296.612
297.211
297.498
297.616
297.616
297.497
297.21
296.611
295.901
295.18
295.701
296.152
296.37
296.46
296.459
296.37
296.152
295.7
295.179
294.636
294.987
295.299
295.447
295.505
295.505
295.447
295.299
294.986
294.635
319.73
333.31
336.115
339.118
337.642
337.15
335.777
333.994
331.888
329.292
309.718
327.899
332.305
334.467
333.869
333.232
331.889
329.951
327.662
323.823
304.58
320.676
326.023
327.744
327.484
327.129
326.195
324.739
322.681
317.954
302.057
315.541
319.696
320.979
320.949
320.903
320.335
319.392
317.601
313.264
300.28
311.133
313.936
314.834
314.824
314.979
314.62
314.114
312.759
309.445
298.718
307.177
309.175
309.779
309.74
309.839
309.635
309.392
308.554
306.312
297.599
304.031
305.42
305.729
305.68
305.727
305.578
305.447
305.077
303.733
296.642
301.518
302.666
302.845
302.777
302.718
302.621
302.508
302.352
301.672
295.838
299.439
300.687
300.824
300.774
300.667
300.61
300.517
300.374
300.11
295.226
297.315
299.065
299.524
299.478
299.554
299.478
299.348
299.248
299.035
333.244
335.42
336.23
336.737
337.152
337.151
336.736
336.229
335.421
333.245
320.135
321.802
322.559
323.053
323.62
323.618
323.051
322.558
321.802
320.136
313.714
315.136
316.291
317.516
318.65
318.648
317.513
316.288
315.135
313.713
310.263
311.747
313.198
314.701
315.982
315.98
314.698
313.196
311.746
310.263
307.635
309.122
310.78
312.367
313.561
313.559
312.364
310.778
309.121
307.634
305.466
306.873
308.58
309.999
310.825
310.824
309.996
308.577
306.873
305.466
303.6
304.833
306.382
307.335
307.915
307.914
307.332
306.379
304.832
303.601
301.993
302.976
304.115
304.784
305.235
305.234
304.781
304.112
302.976
301.994
300.676
301.396
302.146
302.678
303.064
303.063
302.675
302.143
301.396
300.677
299.69
300.18
300.724
301.23
301.636
301.635
301.228
300.722
300.18
299.692
319.73
333.311
336.116
339.119
337.643
337.151
335.777
333.994
331.888
329.292
309.718
327.9
332.307
334.468
333.87
333.233
331.889
329.951
327.661
323.823
304.58
320.677
326.025
327.747
327.486
327.13
326.196
324.739
322.681
317.953
302.056
315.541
319.697
320.981
320.95
320.904
320.335
319.392
317.601
313.263
300.279
311.132
313.936
314.834
314.825
314.979
314.62
314.114
312.759
309.445
298.717
307.175
309.174
309.778
309.74
309.84
309.635
309.39
308.553
306.312
297.599
304.031
305.42
305.73
305.681
305.728
305.577
305.445
305.075
303.732
296.642
301.52
302.668
302.847
302.779
302.718
302.62
302.506
302.349
301.67
295.839
299.44
300.688
300.825
300.775
300.667
300.609
300.515
300.371
300.109
295.227
297.316
299.064
299.523
299.478
299.555
299.477
299.346
299.246
299.033
295.113
296.9
298.287
298.742
298.851
298.969
299.008
298.997
298.955
298.79
295.411
298.187
299.149
299.356
299.373
299.404
299.416
299.401
299.329
299.152
295.635
298.808
299.503
299.68
299.662
299.653
299.636
299.613
299.585
299.555
295.748
299.078
299.485
299.765
299.8
299.808
299.811
299.825
299.883
300.05
295.802
299.378
299.442
299.717
299.84
299.917
299.98
300.057
300.192
300.499
295.802
299.378
299.442
299.717
299.84
299.918
299.981
300.057
300.192
300.498
295.748
299.079
299.486
299.765
299.8
299.808
299.811
299.825
299.881
300.047
295.634
298.809
299.505
299.681
299.661
299.651
299.634
299.613
299.584
299.554
295.41
298.188
299.151
299.357
299.372
299.403
299.416
299.402
299.33
299.152
295.113
296.9
298.288
298.743
298.851
298.968
299.008
298.999
298.957
298.792
)
;
        refGradient     uniform 0;
        valueFraction   nonuniform List<scalar> 
500
(
0.000301416
0.000301416
0.000301416
0.000301416
0.000301416
0.000301416
0.000301416
0.000301416
0.000301416
0.000301416
0.000301416
0.000301416
0.000301416
0.000301416
0.000301416
0.000301416
0.000301416
0.000301416
0.000301416
0.000301416
0.000301416
0.000301416
0.000301416
0.000301416
0.000301416
0.000301416
0.000301416
0.000301416
0.000301416
0.000301416
0.000301416
0.000301416
0.000301416
0.000301416
0.000301416
0.000301416
0.000301416
0.000301416
0.000301416
0.000301416
0.000301416
0.000301416
0.000301416
0.000301416
0.000301416
0.000301416
0.000301416
0.000301416
0.000301416
0.000301416
0.000301416
0.000301416
0.000301416
0.000301416
0.000301416
0.000301416
0.000301416
0.000301416
0.000301416
0.000301416
0.000301416
0.000301416
0.000301416
0.000301416
0.000301416
0.000301416
0.000301416
0.000301416
0.000301416
0.000301416
0.000301416
0.000301416
0.000301416
0.000301416
0.000301416
0.000301416
0.000301416
0.000301416
0.000301416
0.000301416
0.000301416
0.000301416
0.000301416
0.000301416
0.000301416
0.000301416
0.000301416
0.000301416
0.000301416
0.000301416
0.000301416
0.000301416
0.000301416
0.000301416
0.000301416
0.000301416
0.000301416
0.000301416
0.000301416
0.000301416
0.000302436
0.000302436
0.000302436
0.000302436
0.000302436
0.000302436
0.000302436
0.000302436
0.000302436
0.000302436
0.000302436
0.000302436
0.000302436
0.000302436
0.000302436
0.000302436
0.000302436
0.000302436
0.000302436
0.000302436
0.000302436
0.000302436
0.000302436
0.000302436
0.000302436
0.000302436
0.000302436
0.000302436
0.000302436
0.000302436
0.000302436
0.000302436
0.000302436
0.000302436
0.000302436
0.000302436
0.000302436
0.000302436
0.000302436
0.000302436
0.000302436
0.000302436
0.000302436
0.000302436
0.000302436
0.000302436
0.000302436
0.000302436
0.000302436
0.000302436
0.000302436
0.000302436
0.000302436
0.000302436
0.000302436
0.000302436
0.000302436
0.000302436
0.000302436
0.000302436
0.000302436
0.000302436
0.000302436
0.000302436
0.000302436
0.000302436
0.000302436
0.000302436
0.000302436
0.000302436
0.000302436
0.000302436
0.000302436
0.000302436
0.000302436
0.000302436
0.000302436
0.000302436
0.000302436
0.000302436
0.000302436
0.000302436
0.000302436
0.000302436
0.000302436
0.000302436
0.000302436
0.000302436
0.000302436
0.000302436
0.000302436
0.000302436
0.000302436
0.000302436
0.000302436
0.000302436
0.000302436
0.000302436
0.000302436
0.000302436
0.000300478
0.000300478
0.000300478
0.000300478
0.000300478
0.000300478
0.000300478
0.000300478
0.000300478
0.000300478
0.000300478
0.000300478
0.000300478
0.000300478
0.000300478
0.000300478
0.000300478
0.000300478
0.000300478
0.000300478
0.000300478
0.000300478
0.000300478
0.000300478
0.000300478
0.000300478
0.000300478
0.000300478
0.000300478
0.000300478
0.000300478
0.000300478
0.000300478
0.000300478
0.000300478
0.000300478
0.000300478
0.000300478
0.000300478
0.000300478
0.000300478
0.000300478
0.000300478
0.000300478
0.000300478
0.000300478
0.000300478
0.000300478
0.000300478
0.000300478
0.000300478
0.000300478
0.000300478
0.000300478
0.000300478
0.000300478
0.000300478
0.000300478
0.000300478
0.000300478
0.000300478
0.000300478
0.000300478
0.000300478
0.000300478
0.000300478
0.000300478
0.000300478
0.000300478
0.000300478
0.000300478
0.000300478
0.000300478
0.000300478
0.000300478
0.000300478
0.000300478
0.000300478
0.000300478
0.000300478
0.000300478
0.000300478
0.000300478
0.000300478
0.000300478
0.000300478
0.000300478
0.000300478
0.000300478
0.000300478
0.000300478
0.000300478
0.000300478
0.000300478
0.000300478
0.000300478
0.000300478
0.000300478
0.000300478
0.000300478
0.000302436
0.000302436
0.000302436
0.000302436
0.000302436
0.000302436
0.000302436
0.000302436
0.000302436
0.000302436
0.000302436
0.000302436
0.000302436
0.000302436
0.000302436
0.000302436
0.000302436
0.000302436
0.000302436
0.000302436
0.000302436
0.000302436
0.000302436
0.000302436
0.000302436
0.000302436
0.000302436
0.000302436
0.000302436
0.000302436
0.000302436
0.000302436
0.000302436
0.000302436
0.000302436
0.000302436
0.000302436
0.000302436
0.000302436
0.000302436
0.000302436
0.000302436
0.000302436
0.000302436
0.000302436
0.000302436
0.000302436
0.000302436
0.000302436
0.000302436
0.000302436
0.000302436
0.000302436
0.000302436
0.000302436
0.000302436
0.000302436
0.000302436
0.000302436
0.000302436
0.000302436
0.000302436
0.000302436
0.000302436
0.000302436
0.000302436
0.000302436
0.000302436
0.000302436
0.000302436
0.000302436
0.000302436
0.000302436
0.000302436
0.000302436
0.000302436
0.000302436
0.000302436
0.000302436
0.000302436
0.000302436
0.000302436
0.000302436
0.000302436
0.000302436
0.000302436
0.000302436
0.000302436
0.000302436
0.000302436
0.000302436
0.000302436
0.000302436
0.000302436
0.000302436
0.000302436
0.000302436
0.000302436
0.000302436
0.000302436
0.000301115
0.000301115
0.000301115
0.000301115
0.000301115
0.000301115
0.000301115
0.000301115
0.000301115
0.000301115
0.000301115
0.000301115
0.000301115
0.000301115
0.000301115
0.000301115
0.000301115
0.000301115
0.000301115
0.000301115
0.000301115
0.000301115
0.000301115
0.000301115
0.000301115
0.000301115
0.000301115
0.000301115
0.000301115
0.000301115
0.000301115
0.000301115
0.000301115
0.000301115
0.000301115
0.000301115
0.000301115
0.000301115
0.000301115
0.000301115
0.000301115
0.000301115
0.000301115
0.000301115
0.000301115
0.000301115
0.000301115
0.000301115
0.000301115
0.000301115
0.000301115
0.000301115
0.000301115
0.000301115
0.000301115
0.000301115
0.000301115
0.000301115
0.000301115
0.000301115
0.000301115
0.000301115
0.000301115
0.000301115
0.000301115
0.000301115
0.000301115
0.000301115
0.000301115
0.000301115
0.000301115
0.000301115
0.000301115
0.000301115
0.000301115
0.000301115
0.000301115
0.000301115
0.000301115
0.000301115
0.000301115
0.000301115
0.000301115
0.000301115
0.000301115
0.000301115
0.000301115
0.000301115
0.000301115
0.000301115
0.000301115
0.000301115
0.000301115
0.000301115
0.000301115
0.000301115
0.000301115
0.000301115
0.000301115
0.000301115
)
;
        source          uniform 0;
        Tnbr            T;
        kappaMethod     solidThermo;
        value           nonuniform List<scalar> 
500
(
348.558
348.565
348.567
348.568
348.569
348.568
348.568
348.567
348.564
348.558
339.869
339.877
339.882
339.884
339.884
339.883
339.883
339.881
339.876
339.867
331.646
331.653
331.658
331.661
331.66
331.659
331.66
331.659
331.654
331.646
324.141
324.146
324.149
324.152
324.151
324.152
324.154
324.153
324.15
324.143
317.547
317.55
317.552
317.554
317.553
317.554
317.557
317.557
317.555
317.55
311.998
312.002
312.003
312.002
312
312.001
312.004
312.005
312.004
312
307.564
307.566
307.566
307.564
307.561
307.561
307.565
307.566
307.566
307.563
304.258
304.259
304.259
304.256
304.252
304.251
304.254
304.255
304.255
304.253
302.071
302.072
302.071
302.069
302.065
302.063
302.066
302.068
302.068
302.066
300.984
300.985
300.983
300.981
300.978
300.978
300.981
300.983
300.983
300.981
348.558
348.571
348.575
348.578
348.578
348.578
348.578
348.577
348.574
348.569
339.868
339.887
339.896
339.902
339.903
339.904
339.904
339.902
339.898
339.89
331.646
331.666
331.675
331.679
331.68
331.683
331.685
331.683
331.679
331.67
324.143
324.16
324.168
324.171
324.171
324.173
324.176
324.175
324.172
324.165
317.55
317.563
317.57
317.572
317.571
317.572
317.575
317.575
317.574
317.569
312
312.011
312.015
312.016
312.014
312.015
312.019
312.021
312.021
312.018
307.563
307.571
307.573
307.572
307.571
307.573
307.578
307.581
307.582
307.581
304.254
304.259
304.26
304.26
304.26
304.263
304.268
304.271
304.274
304.274
302.067
302.071
302.074
302.075
302.074
302.075
302.08
302.083
302.086
302.087
300.981
300.986
300.989
300.989
300.987
300.988
300.993
300.996
300.999
301
348.571
348.575
348.576
348.577
348.578
348.578
348.577
348.576
348.575
348.571
339.889
339.893
339.896
339.898
339.898
339.898
339.898
339.895
339.893
339.889
331.669
331.673
331.675
331.678
331.678
331.678
331.678
331.675
331.672
331.669
324.164
324.166
324.168
324.171
324.171
324.171
324.171
324.168
324.166
324.164
317.568
317.569
317.571
317.574
317.573
317.572
317.573
317.57
317.569
317.568
312.017
312.019
312.02
312.021
312.019
312.018
312.018
312.017
312.018
312.018
307.58
307.581
307.582
307.582
307.579
307.578
307.578
307.578
307.581
307.581
304.272
304.273
304.274
304.273
304.27
304.269
304.269
304.27
304.273
304.274
302.085
302.085
302.085
302.084
302.081
302.08
302.08
302.082
302.086
302.087
300.997
300.998
300.998
300.997
300.994
300.993
300.993
300.995
300.999
301
348.559
348.571
348.576
348.579
348.578
348.578
348.578
348.577
348.574
348.57
339.869
339.89
339.899
339.904
339.904
339.904
339.904
339.902
339.898
339.89
331.647
331.667
331.678
331.683
331.684
331.684
331.685
331.683
331.679
331.67
324.141
324.159
324.168
324.173
324.174
324.175
324.177
324.176
324.172
324.165
317.547
317.561
317.568
317.571
317.572
317.573
317.576
317.575
317.573
317.568
311.999
312.008
312.012
312.014
312.015
312.017
312.02
312.019
312.018
312.017
307.564
307.571
307.572
307.573
307.574
307.576
307.578
307.578
307.578
307.58
304.258
304.263
304.262
304.263
304.264
304.266
304.269
304.268
304.27
304.272
302.071
302.075
302.074
302.074
302.075
302.077
302.08
302.08
302.082
302.084
300.984
300.986
300.986
300.987
300.988
300.99
300.993
300.993
300.994
300.997
300.984
300.986
300.986
300.986
300.987
300.989
300.993
300.992
300.994
300.997
300.985
300.987
300.985
300.986
300.988
300.989
300.992
300.992
300.994
300.998
300.984
300.984
300.984
300.987
300.987
300.988
300.99
300.99
300.994
300.998
300.981
300.983
300.983
300.986
300.985
300.985
300.987
300.988
300.994
300.997
300.978
300.98
300.981
300.983
300.982
300.982
300.984
300.987
300.991
300.994
300.978
300.981
300.983
300.983
300.982
300.982
300.985
300.988
300.991
300.993
300.981
300.985
300.987
300.987
300.984
300.985
300.988
300.989
300.991
300.993
300.983
300.987
300.989
300.988
300.986
300.984
300.986
300.989
300.993
300.994
300.983
300.987
300.989
300.989
300.987
300.986
300.99
300.994
300.997
300.998
300.981
300.986
300.988
300.989
300.987
300.988
300.992
300.996
300.999
301
)
;
    }
}


// ************************************************************************* //
