/*--------------------------------*- C++ -*----------------------------------*\
| =========                 |                                                 |
| \\      /  F ield         | OpenFOAM: The Open Source CFD Toolbox           |
|  \\    /   O peration     | Version:  2412                                  |
|   \\  /    A nd           | Website:  www.openfoam.com                      |
|    \\/     M anipulation  |                                                 |
\*---------------------------------------------------------------------------*/
FoamFile
{
    version     2.0;
    format      ascii;
    arch        "LSB;label=32;scalar=64";
    class       volScalarField;
    location    "0.7/solid";
    object      wallHeatFlux;
}
// * * * * * * * * * * * * * * * * * * * * * * * * * * * * * * * * * * * * * //

dimensions      [1 0 -3 0 0 0 0];

internalField   uniform 0;

boundaryField
{
    bodyBottom
    {
        type            calculated;
        value           nonuniform List<scalar> 
100
(
908560
907535
907125
906920
906920
906920
906920
907125
907535
908560
906715
906305
905895
905895
905895
905895
905895
905895
906305
906920
906100
905690
905485
905485
905485
905485
905485
905485
905690
906100
905690
905280
905280
905280
905280
905280
905280
905280
905485
905690
905690
905280
905280
905280
905280
905280
905280
905280
905280
905690
905485
905280
905280
905280
905280
905280
905280
905280
905280
905690
905485
905280
905280
905075
905075
905075
905075
905075
905280
905690
905690
905280
905280
905075
905075
905075
905075
905280
905280
905690
906100
905485
905485
905280
905280
905280
905280
905485
905690
906100
906920
906305
905895
905690
905690
905690
905690
905895
906305
906920
)
;
    }
    solid_to_fluid
    {
        type            calculated;
        value           nonuniform List<scalar> 
500
(
-2050
-1640
-1640
-1640
-1435
-1640
-1640
-1640
-1845
-2050
-2460
-2255
-2050
-2050
-2050
-2050
-2050
-2050
-2255
-2460
-2460
-2460
-2050
-2050
-2050
-2255
-2050
-2050
-2460
-2460
-2255
-2255
-2255
-2050
-2050
-2050
-2050
-2255
-2255
-2255
-2050
-2050
-2050
-2050
-1845
-1845
-1845
-2050
-2050
-2050
-2050
-1845
-1640
-1845
-1640
-1640
-1845
-1845
-1845
-1845
-1640
-1640
-1640
-1640
-1640
-1640
-1435
-1640
-1640
-1640
-1435
-1640
-1435
-1435
-1435
-1435
-1435
-1435
-1640
-1640
-1435
-1435
-1435
-1230
-1435
-1435
-1435
-1435
-1435
-1435
-1230
-1230
-1435
-1435
-1230
-1230
-1230
-1230
-1230
-1435
-2050
-1025
-1025
-820
-820
-820
-820
-1025
-1230
-1435
-2255
-1230
-1025
-615
-615
-820
-820
-1025
-1025
-1230
-2460
-1230
-820
-820
-1025
-820
-820
-1025
-1230
-1435
-2255
-1435
-1230
-1025
-1025
-1025
-1025
-1230
-1230
-1435
-2050
-1435
-1230
-1025
-1025
-1025
-1025
-1230
-1230
-1435
-1845
-1230
-1230
-1025
-1230
-1230
-1230
-1230
-1230
-1435
-1640
-1230
-1230
-1230
-1025
-1230
-1230
-1025
-1230
-1230
-1435
-1230
-1025
-1230
-1230
-1230
-1230
-1230
-1025
-1230
-1230
-1230
-1025
-1025
-1025
-1230
-1025
-1230
-1025
-1025
-1435
-1230
-1025
-1230
-1230
-1025
-1025
-1025
-1025
-1025
-1025
-820
-1025
-1025
-820
-820
-1025
-1025
-820
-1025
-1640
-1640
-1435
-1435
-1435
-1435
-1435
-1640
-1640
-1435
-1845
-1640
-1640
-1640
-1435
-1435
-1435
-1640
-1640
-1640
-1640
-1640
-1640
-1435
-1435
-1230
-1435
-1435
-1640
-1640
-1435
-1640
-1435
-1230
-1025
-1230
-1230
-1435
-1435
-1640
-1435
-1230
-1230
-1230
-1025
-1025
-1025
-1230
-1435
-1435
-1230
-1230
-1230
-1025
-1025
-1025
-1025
-1230
-1230
-1230
-1230
-1025
-1025
-1025
-1025
-820
-820
-1025
-1025
-1230
-1025
-1025
-1025
-1025
-1025
-1025
-1025
-1025
-1025
-1025
-1230
-1025
-1025
-1025
-1025
-1025
-1025
-1025
-1025
-1025
-1845
-1230
-820
-615
-820
-1025
-1025
-1025
-1230
-1230
-2460
-1025
-820
-615
-820
-820
-1025
-1025
-1230
-1435
-2255
-1230
-1025
-820
-820
-1025
-1025
-1230
-1230
-1640
-2255
-1230
-1230
-1025
-1025
-1025
-1025
-1025
-1230
-1435
-2050
-1230
-1230
-1230
-1025
-1230
-1025
-1230
-1230
-1435
-1845
-1435
-1230
-1230
-1230
-1230
-1025
-1025
-1230
-1435
-1640
-1230
-1025
-1025
-1025
-1025
-1230
-1025
-1230
-1230
-1435
-1025
-1230
-1025
-1025
-1025
-1025
-1230
-1025
-1230
-1435
-1025
-1025
-1025
-1230
-1025
-1025
-1025
-1025
-1230
-1230
-1230
-1025
-1025
-1025
-1025
-1025
-1025
-1230
-1230
-1230
-1230
-1025
-1230
-1230
-1230
-1025
-1230
-1230
-1230
-1230
-1025
-1025
-1230
-1025
-1230
-1025
-1025
-1230
-1025
-1230
-1230
-1025
-1025
-1025
-1025
-1025
-1025
-1025
-1025
-1435
-1025
-1025
-1025
-1025
-1230
-1025
-1025
-1025
-1025
-1230
-1025
-1025
-1025
-1025
-1025
-1025
-1025
-1025
-1025
-1230
-1230
-1025
-1025
-1025
-1025
-1230
-1025
-1025
-1025
-1230
-1025
-1025
-1025
-1230
-1025
-1025
-1025
-1025
-1025
-1230
-1025
-1025
-1230
-1025
-1230
-1230
-1025
-1025
-1230
-1230
-1230
-1025
-1025
-1025
-1025
-1025
-1025
-1025
-1230
-1435
-1230
-1230
-1230
-1230
-1025
-1230
-1025
-1025
-1025
)
;
    }
}


// ************************************************************************* //
