/*--------------------------------*- C++ -*----------------------------------*\
| =========                 |                                                 |
| \\      /  F ield         | OpenFOAM: The Open Source CFD Toolbox           |
|  \\    /   O peration     | Version:  2412                                  |
|   \\  /    A nd           | Website:  www.openfoam.com                      |
|    \\/     M anipulation  |                                                 |
\*---------------------------------------------------------------------------*/
FoamFile
{
    version     2.0;
    format      ascii;
    arch        "LSB;label=32;scalar=64";
    class       volScalarField;
    location    "0.7/fluid";
    object      wallHeatFlux;
}
// * * * * * * * * * * * * * * * * * * * * * * * * * * * * * * * * * * * * * //

dimensions      [1 0 -3 0 0 0 0];

internalField   uniform 0;

boundaryField
{
    inlet
    {
        type            calculated;
        value           uniform 0;
    }
    outlet
    {
        type            calculated;
        value           uniform 0;
    }
    walls
    {
        type            calculated;
        value           uniform 0;
    }
    fluid_to_solid
    {
        type            calculated;
        value           nonuniform List<scalar> 
500
(
1867.68
1637.01
1538.61
1479.33
1449.79
1449.73
1479.4
1538.67
1636.95
1867.68
2025.17
1821.51
1653.76
1563.46
1523.22
1523.16
1563.39
1653.7
1821.45
2025.04
1824.23
1691.09
1579.22
1519.94
1494.29
1494.23
1519.88
1579.22
1691.09
1824.23
1487
1385.32
1302.13
1260.22
1242.67
1242.67
1260.34
1302.25
1385.51
1487.12
1162.69
1079.06
1011.56
978.434
964.466
964.527
978.558
1011.81
1079.24
1162.81
893.324
826.323
772.055
745.786
734.784
734.784
745.848
772.116
826.385
893.447
672.357
616.976
571.299
549.11
539.715
539.715
549.172
571.238
616.976
672.295
516.537
472.652
435.629
417.704
410.164
410.102
417.643
435.443
472.467
516.228
425.925
393.784
365.847
352.249
346.439
346.377
352.063
365.661
393.599
425.678
392.363
370.73
351.322
342.05
338.28
338.28
342.05
351.322
370.668
392.239
1787.86
946.457
772.745
586.691
678.229
708.742
793.893
904.409
1034.83
1195.52
1869.84
743.472
470.779
337.068
374.217
413.784
497.075
617.142
758.853
996.444
1678.58
681.578
350.526
244.041
260.228
282.43
340.479
430.653
558.038
850.64
1369.73
534.534
277.345
197.962
199.822
202.799
238.211
296.632
407.521
676.059
1071.05
398.776
225.374
169.805
170.364
160.813
183.263
214.644
298.617
503.835
823.724
299.795
176.131
138.734
141.029
134.951
147.851
163.045
215.017
353.875
617.948
219.544
133.525
114.299
117.276
114.485
124.036
132.347
155.355
238.645
472.081
169.991
98.8568
87.7555
91.9728
95.8179
102.144
109.338
119.199
161.371
386.31
163.232
86.019
77.5846
80.6235
87.3214
91.1665
97.1203
106.175
122.61
356.914
227.668
119.323
90.8564
93.5852
88.9339
93.9573
102.206
108.594
121.865
944.395
810.564
760.717
729.539
704.029
704.091
729.6
760.778
810.503
944.334
1217.17
1114.7
1068.24
1037.93
1002.99
1003.12
1038.05
1068.24
1114.7
1217.11
1106.32
1018.95
947.907
872.612
802.739
802.862
872.797
948.092
1018.95
1106.38
856.53
765.215
675.932
583.508
504.577
504.7
583.693
676.056
765.276
856.53
612.036
520.474
418.437
320.837
247.205
247.267
320.96
418.499
520.536
612.098
403.649
317.078
211.961
124.588
73.57
73.57
124.588
211.961
317.017
403.711
245.233
169.322
73.9397
15.2193
-20.7031
-20.7031
15.1576
73.8781
169.384
245.233
140.424
79.9165
9.79701
-31.486
-59.4599
-59.4599
-31.5476
9.7354
79.9165
140.485
86.8176
42.4537
-3.7586
-36.6002
-60.569
-60.569
-36.6618
-3.7586
42.5153
86.8792
80.5327
50.4022
16.8829
-14.3566
-39.5578
-39.5578
-14.4799
16.8213
50.4639
80.5943
1787.92
946.395
772.745
586.691
678.167
708.68
793.893
904.409
1034.83
1195.58
1869.91
743.596
470.841
337.13
374.217
413.722
497.075
617.142
758.915
996.444
1678.64
681.578
350.588
244.103
260.352
282.43
340.417
430.653
558.038
850.702
1369.67
534.472
277.283
197.962
199.946
202.861
238.273
296.694
407.521
676.121
1070.93
398.714
225.25
169.743
170.364
160.875
183.325
214.644
298.555
503.773
823.724
299.733
176.007
138.672
141.091
135.013
147.913
163.045
214.893
353.813
618.01
219.544
133.463
114.299
117.4
114.609
124.098
132.284
155.231
238.645
472.329
170.116
98.8568
87.8176
92.0968
96.0039
102.268
109.276
119.137
161.371
386.496
163.418
85.957
77.4605
80.6235
87.4454
91.2286
97.0582
106.113
122.486
357.038
227.606
119.199
90.7944
93.6473
88.9959
94.0194
102.144
108.408
121.803
362.518
252.299
166.656
138.561
131.892
124.729
122.568
123.186
125.902
136.276
344.179
172.892
113.368
100.648
99.7217
97.8692
97.3135
98.2397
102.809
113.985
330.286
134.362
91.4475
80.7035
81.815
82.4325
83.6057
85.0258
87.0017
89.1012
323.123
117.628
92.4972
75.3933
73.1704
72.6764
72.6147
71.8119
68.6011
58.4746
319.603
98.919
95.0289
78.1719
70.5153
65.7607
61.9941
57.4249
49.336
30.5648
319.603
98.9807
95.1524
78.1719
70.5153
65.699
61.9941
57.4866
49.336
30.5648
323.123
117.69
92.6825
75.455
73.1086
72.6764
72.6764
71.8737
68.5393
58.4128
330.286
134.485
91.6328
80.7035
81.815
82.309
83.4822
84.9641
87.0017
88.9159
344.117
172.83
113.491
100.771
99.7217
97.7458
97.19
98.3015
102.933
113.985
362.332
252.299
166.717
138.684
131.892
124.729
122.506
123.309
126.088
136.338
)
;
    }
}


// ************************************************************************* //
