/*--------------------------------*- C++ -*----------------------------------*\
| =========                 |                                                 |
| \\      /  F ield         | OpenFOAM: The Open Source CFD Toolbox           |
|  \\    /   O peration     | Version:  2412                                  |
|   \\  /    A nd           | Website:  www.openfoam.com                      |
|    \\/     M anipulation  |                                                 |
\*---------------------------------------------------------------------------*/
FoamFile
{
    version     2.0;
    format      ascii;
    arch        "LSB;label=32;scalar=64";
    class       volScalarField;
    location    "1/solid";
    object      T;
}
// * * * * * * * * * * * * * * * * * * * * * * * * * * * * * * * * * * * * * //

dimensions      [0 0 0 1 0 0 0];

internalField   nonuniform List<scalar> 
1000
(
349.348
349.357
349.361
349.363
349.364
349.364
349.364
349.363
349.361
349.358
349.354
349.36
349.363
349.365
349.365
349.366
349.366
349.365
349.364
349.361
349.356
349.361
349.364
349.365
349.366
349.366
349.366
349.366
349.365
349.362
349.357
349.362
349.364
349.365
349.366
349.366
349.366
349.366
349.365
349.362
349.357
349.362
349.364
349.365
349.366
349.366
349.366
349.366
349.365
349.362
349.357
349.362
349.364
349.365
349.366
349.366
349.366
349.366
349.365
349.362
349.357
349.362
349.364
349.366
349.366
349.366
349.366
349.366
349.365
349.362
349.356
349.361
349.364
349.365
349.366
349.366
349.366
349.366
349.364
349.362
349.354
349.36
349.363
349.365
349.365
349.366
349.366
349.365
349.364
349.361
349.348
349.357
349.361
349.363
349.363
349.364
349.364
349.363
349.361
349.358
342.166
342.182
342.191
342.196
342.197
342.198
342.198
342.196
342.192
342.186
342.175
342.186
342.193
342.197
342.199
342.2
342.2
342.198
342.195
342.19
342.179
342.189
342.194
342.197
342.199
342.2
342.2
342.199
342.197
342.191
342.182
342.191
342.196
342.198
342.199
342.2
342.201
342.2
342.198
342.193
342.182
342.191
342.196
342.198
342.199
342.2
342.201
342.2
342.198
342.193
342.181
342.19
342.195
342.198
342.199
342.2
342.201
342.2
342.198
342.193
342.181
342.19
342.195
342.198
342.199
342.2
342.201
342.2
342.198
342.193
342.179
342.189
342.195
342.198
342.199
342.2
342.2
342.199
342.196
342.191
342.174
342.186
342.192
342.197
342.198
342.199
342.2
342.199
342.195
342.189
342.165
342.18
342.189
342.194
342.196
342.197
342.198
342.196
342.192
342.186
335.295
335.312
335.323
335.329
335.331
335.332
335.333
335.331
335.327
335.319
335.303
335.316
335.325
335.33
335.332
335.334
335.334
335.332
335.329
335.322
335.308
335.319
335.325
335.33
335.332
335.333
335.334
335.332
335.33
335.324
335.311
335.321
335.327
335.33
335.332
335.333
335.334
335.334
335.332
335.326
335.311
335.321
335.327
335.33
335.331
335.333
335.334
335.334
335.332
335.326
335.311
335.32
335.326
335.329
335.331
335.333
335.334
335.334
335.332
335.326
335.311
335.32
335.326
335.33
335.331
335.333
335.334
335.334
335.332
335.326
335.309
335.319
335.325
335.33
335.331
335.333
335.334
335.332
335.33
335.324
335.304
335.317
335.324
335.328
335.331
335.333
335.334
335.333
335.329
335.322
335.295
335.311
335.321
335.326
335.329
335.331
335.332
335.331
335.326
335.319
328.913
328.929
328.939
328.945
328.947
328.949
328.95
328.949
328.945
328.938
328.92
328.932
328.941
328.946
328.948
328.95
328.951
328.95
328.946
328.94
328.924
328.933
328.94
328.945
328.947
328.948
328.95
328.949
328.947
328.942
328.927
328.936
328.942
328.945
328.946
328.948
328.95
328.95
328.949
328.944
328.927
328.936
328.942
328.945
328.946
328.948
328.95
328.95
328.948
328.944
328.927
328.936
328.942
328.945
328.946
328.947
328.95
328.95
328.948
328.944
328.928
328.937
328.943
328.946
328.947
328.948
328.95
328.95
328.949
328.944
328.927
328.937
328.943
328.946
328.947
328.948
328.949
328.948
328.947
328.942
328.922
328.934
328.942
328.945
328.947
328.949
328.95
328.949
328.946
328.94
328.914
328.93
328.939
328.944
328.946
328.948
328.95
328.949
328.945
328.938
323.176
323.19
323.199
323.204
323.206
323.208
323.21
323.209
323.206
323.201
323.182
323.192
323.2
323.205
323.206
323.208
323.21
323.21
323.207
323.203
323.185
323.193
323.199
323.203
323.205
323.207
323.209
323.208
323.207
323.204
323.187
323.195
323.199
323.203
323.204
323.206
323.208
323.209
323.209
323.206
323.187
323.195
323.2
323.203
323.203
323.205
323.208
323.209
323.208
323.205
323.187
323.195
323.2
323.203
323.204
323.205
323.208
323.209
323.208
323.205
323.189
323.197
323.202
323.205
323.205
323.206
323.208
323.21
323.209
323.205
323.188
323.197
323.203
323.206
323.206
323.206
323.208
323.208
323.207
323.203
323.185
323.195
323.202
323.205
323.206
323.207
323.209
323.209
323.207
323.203
323.178
323.191
323.2
323.204
323.205
323.207
323.209
323.209
323.207
323.201
318.22
318.231
318.237
318.241
318.244
318.247
318.249
318.248
318.246
318.244
318.226
318.234
318.238
318.242
318.245
318.247
318.249
318.247
318.248
318.246
318.228
318.234
318.237
318.242
318.244
318.246
318.247
318.247
318.249
318.248
318.228
318.233
318.237
318.242
318.243
318.245
318.246
318.248
318.249
318.248
318.227
318.232
318.236
318.24
318.241
318.243
318.245
318.246
318.248
318.247
318.227
318.234
318.238
318.24
318.241
318.243
318.246
318.247
318.247
318.246
318.229
318.236
318.24
318.243
318.243
318.244
318.247
318.248
318.247
318.245
318.229
318.237
318.241
318.244
318.244
318.244
318.247
318.247
318.246
318.245
318.227
318.235
318.241
318.244
318.244
318.245
318.247
318.248
318.248
318.246
318.221
318.232
318.239
318.243
318.243
318.245
318.248
318.249
318.248
318.245
314.148
314.157
314.161
314.164
314.167
314.17
314.172
314.171
314.171
314.171
314.152
314.159
314.161
314.165
314.167
314.17
314.172
314.171
314.172
314.173
314.154
314.159
314.16
314.164
314.167
314.169
314.17
314.17
314.174
314.174
314.153
314.157
314.159
314.164
314.166
314.167
314.169
314.171
314.174
314.174
314.151
314.155
314.158
314.162
314.163
314.165
314.167
314.169
314.172
314.172
314.151
314.156
314.158
314.161
314.161
314.164
314.168
314.17
314.171
314.171
314.153
314.158
314.161
314.163
314.163
314.166
314.17
314.172
314.171
314.17
314.153
314.159
314.162
314.164
314.164
314.166
314.169
314.17
314.171
314.17
314.151
314.158
314.162
314.164
314.164
314.166
314.17
314.172
314.174
314.172
314.147
314.156
314.161
314.163
314.164
314.167
314.172
314.174
314.174
314.172
311.033
311.04
311.043
311.046
311.049
311.051
311.054
311.054
311.054
311.055
311.037
311.041
311.043
311.046
311.049
311.051
311.054
311.053
311.055
311.057
311.037
311.041
311.041
311.046
311.048
311.05
311.052
311.052
311.056
311.058
311.036
311.039
311.041
311.046
311.047
311.049
311.051
311.052
311.056
311.057
311.033
311.036
311.039
311.043
311.044
311.046
311.048
311.051
311.054
311.055
311.031
311.035
311.038
311.042
311.042
311.046
311.05
311.052
311.053
311.054
311.033
311.037
311.041
311.044
311.045
311.048
311.052
311.053
311.054
311.054
311.034
311.038
311.041
311.045
311.045
311.047
311.051
311.051
311.053
311.054
311.032
311.038
311.041
311.044
311.045
311.048
311.052
311.055
311.057
311.057
311.028
311.036
311.04
311.043
311.045
311.049
311.054
311.057
311.058
311.057
308.928
308.934
308.936
308.939
308.942
308.945
308.948
308.948
308.949
308.951
308.931
308.935
308.936
308.94
308.943
308.945
308.948
308.948
308.95
308.952
308.931
308.934
308.935
308.94
308.942
308.944
308.947
308.946
308.95
308.952
308.93
308.933
308.935
308.94
308.941
308.942
308.944
308.945
308.95
308.952
308.926
308.93
308.933
308.937
308.938
308.939
308.942
308.944
308.948
308.949
308.925
308.93
308.934
308.937
308.938
308.939
308.943
308.946
308.948
308.948
308.927
308.933
308.938
308.94
308.94
308.942
308.945
308.946
308.948
308.948
308.928
308.934
308.938
308.941
308.941
308.941
308.944
308.945
308.949
308.949
308.927
308.933
308.937
308.941
308.941
308.942
308.946
308.95
308.952
308.952
308.923
308.931
308.936
308.94
308.941
308.943
308.948
308.951
308.953
308.953
307.864
307.871
307.874
307.877
307.88
307.883
307.887
307.886
307.887
307.889
307.868
307.873
307.874
307.878
307.881
307.884
307.887
307.887
307.888
307.891
307.868
307.872
307.874
307.879
307.881
307.883
307.886
307.885
307.888
307.891
307.867
307.871
307.874
307.879
307.88
307.881
307.883
307.884
307.889
307.891
307.864
307.868
307.872
307.876
307.877
307.878
307.88
307.883
307.887
307.888
307.864
307.87
307.874
307.877
307.877
307.878
307.882
307.884
307.886
307.887
307.867
307.873
307.878
307.88
307.879
307.88
307.884
307.885
307.887
307.887
307.867
307.874
307.879
307.881
307.88
307.88
307.882
307.885
307.888
307.888
307.866
307.873
307.878
307.881
307.88
307.881
307.885
307.889
307.891
307.891
307.862
307.87
307.877
307.88
307.88
307.882
307.887
307.89
307.892
307.892
)
;

boundaryField
{
    bodyBottom
    {
        type            fixedValue;
        value           uniform 353;
    }
    solid_to_fluid
    {
        type            compressible::turbulentTemperatureCoupledBaffleMixed;
        refValue        nonuniform List<scalar> 
500
(
319.335
323.25
324.926
325.926
326.423
326.423
325.926
324.926
323.249
319.335
308.188
311.784
314.742
316.33
317.028
317.028
316.33
314.741
311.783
308.188
303.217
305.67
307.732
308.825
309.298
309.298
308.825
307.732
305.671
303.217
301.29
303.246
304.847
305.656
305.995
305.995
305.657
304.848
303.246
301.29
300.087
301.774
303.134
303.805
304.086
304.086
303.806
303.135
301.775
300.087
299.056
300.513
301.689
302.258
302.497
302.497
302.259
301.689
300.513
299.056
298.279
299.559
300.608
301.113
301.324
301.324
301.113
300.608
299.558
298.279
297.484
298.559
299.458
299.884
300.059
300.059
299.883
299.456
298.558
297.483
296.623
297.453
298.164
298.5
298.638
298.637
298.5
298.163
297.452
296.622
295.87
296.449
296.957
297.191
297.284
297.283
297.191
296.957
296.449
295.869
320.655
334.337
337.174
340.091
338.707
338.236
337.033
335.622
334.177
332.877
310.909
329.962
334.358
336.473
335.918
335.354
334.149
332.525
330.748
327.897
305.911
323.536
329.139
330.918
330.642
330.332
329.421
328.088
326.276
321.747
303.582
319.144
323.799
325.134
325.068
325.034
324.416
323.484
321.807
317.091
301.991
315.273
318.697
319.706
319.645
319.798
319.353
318.789
317.405
313.503
300.615
311.762
314.365
315.099
315.011
315.126
314.821
314.493
313.543
310.652
299.589
308.783
310.834
311.283
311.192
311.257
311.012
310.788
310.305
308.363
298.642
306.25
308.214
308.518
308.421
308.336
308.15
307.934
307.654
306.575
297.744
303.833
306.233
306.488
306.45
306.295
306.19
306.009
305.65
305.116
296.949
300.67
304.017
304.971
304.844
304.992
304.901
304.603
304.325
303.901
336.537
336.899
336.635
336.557
336.603
336.603
336.557
336.635
336.899
336.536
324.013
324.865
324.733
324.586
324.502
324.501
324.586
324.733
324.865
324.012
315.869
316.726
316.936
317.368
318.067
318.066
317.367
316.937
316.726
315.868
312.574
313.574
314.233
315.303
316.53
316.529
315.302
314.234
313.574
312.573
310.329
311.405
312.315
313.7
315.157
315.156
313.7
312.316
311.405
310.328
308.555
309.617
310.643
312.132
313.56
313.559
312.131
310.643
309.617
308.554
307.141
308.114
309.111
310.503
311.562
311.561
310.501
309.11
308.114
307.14
306.071
306.882
307.714
308.824
309.559
309.558
308.822
307.713
306.881
306.07
305.327
305.906
306.47
307.254
307.853
307.852
307.252
306.468
305.906
305.326
304.712
305.037
305.27
305.777
306.38
306.379
305.774
305.268
305.036
304.712
320.655
334.337
337.174
340.091
338.707
338.236
337.033
335.622
334.177
332.878
310.909
329.963
334.359
336.474
335.919
335.355
334.149
332.525
330.749
327.898
305.911
323.537
329.141
330.92
330.643
330.333
329.422
328.089
326.277
321.748
303.581
319.144
323.799
325.135
325.069
325.035
324.417
323.485
321.808
317.092
301.99
315.273
318.697
319.706
319.646
319.799
319.354
318.789
317.406
313.504
300.615
311.761
314.364
315.099
315.012
315.127
314.821
314.493
313.543
310.653
299.589
308.783
310.835
311.284
311.193
311.258
311.012
310.787
310.304
308.364
298.643
306.251
308.216
308.52
308.423
308.337
308.15
307.932
307.652
306.575
297.745
303.834
306.233
306.488
306.45
306.296
306.189
306.007
305.649
305.115
296.949
300.67
304.016
304.97
304.844
304.992
304.901
304.601
304.323
303.9
296.863
300.403
303.253
303.994
304.074
304.252
304.307
304.204
303.995
303.52
297.38
302.909
304.869
305.257
305.242
305.247
305.215
305.081
304.766
304.163
297.759
304.009
305.391
305.802
305.767
305.701
305.593
305.426
305.124
304.681
297.948
304.455
305.255
305.751
305.84
305.872
305.805
305.696
305.555
305.245
298.036
304.93
305.101
305.561
305.758
305.877
305.91
305.919
305.94
305.786
298.036
304.93
305.102
305.562
305.758
305.877
305.91
305.918
305.939
305.784
297.948
304.456
305.256
305.751
305.839
305.871
305.804
305.694
305.552
305.241
297.759
304.009
305.392
305.801
305.766
305.698
305.591
305.425
305.122
304.678
297.379
302.909
304.87
305.258
305.241
305.246
305.214
305.082
304.767
304.163
296.862
300.402
303.254
303.995
304.074
304.251
304.307
304.206
303.997
303.521
)
;
        refGradient     uniform 0;
        valueFraction   nonuniform List<scalar> 
500
(
0.000301416
0.000301416
0.000301416
0.000301416
0.000301416
0.000301416
0.000301416
0.000301416
0.000301416
0.000301416
0.000301416
0.000301416
0.000301416
0.000301416
0.000301416
0.000301416
0.000301416
0.000301416
0.000301416
0.000301416
0.000301416
0.000301416
0.000301416
0.000301416
0.000301416
0.000301416
0.000301416
0.000301416
0.000301416
0.000301416
0.000301416
0.000301416
0.000301416
0.000301416
0.000301416
0.000301416
0.000301416
0.000301416
0.000301416
0.000301416
0.000301416
0.000301416
0.000301416
0.000301416
0.000301416
0.000301416
0.000301416
0.000301416
0.000301416
0.000301416
0.000301416
0.000301416
0.000301416
0.000301416
0.000301416
0.000301416
0.000301416
0.000301416
0.000301416
0.000301416
0.000301416
0.000301416
0.000301416
0.000301416
0.000301416
0.000301416
0.000301416
0.000301416
0.000301416
0.000301416
0.000301416
0.000301416
0.000301416
0.000301416
0.000301416
0.000301416
0.000301416
0.000301416
0.000301416
0.000301416
0.000301416
0.000301416
0.000301416
0.000301416
0.000301416
0.000301416
0.000301416
0.000301416
0.000301416
0.000301416
0.000301416
0.000301416
0.000301416
0.000301416
0.000301416
0.000301416
0.000301416
0.000301416
0.000301416
0.000301416
0.000302436
0.000302436
0.000302436
0.000302436
0.000302436
0.000302436
0.000302436
0.000302436
0.000302436
0.000302436
0.000302436
0.000302436
0.000302436
0.000302436
0.000302436
0.000302436
0.000302436
0.000302436
0.000302436
0.000302436
0.000302436
0.000302436
0.000302436
0.000302436
0.000302436
0.000302436
0.000302436
0.000302436
0.000302436
0.000302436
0.000302436
0.000302436
0.000302436
0.000302436
0.000302436
0.000302436
0.000302436
0.000302436
0.000302436
0.000302436
0.000302436
0.000302436
0.000302436
0.000302436
0.000302436
0.000302436
0.000302436
0.000302436
0.000302436
0.000302436
0.000302436
0.000302436
0.000302436
0.000302436
0.000302436
0.000302436
0.000302436
0.000302436
0.000302436
0.000302436
0.000302436
0.000302436
0.000302436
0.000302436
0.000302436
0.000302436
0.000302436
0.000302436
0.000302436
0.000302436
0.000302436
0.000302436
0.000302436
0.000302436
0.000302436
0.000302436
0.000302436
0.000302436
0.000302436
0.000302436
0.000302436
0.000302436
0.000302436
0.000302436
0.000302436
0.000302436
0.000302436
0.000302436
0.000302436
0.000302436
0.000302436
0.000302436
0.000302436
0.000302436
0.000302436
0.000302436
0.000302436
0.000302436
0.000302436
0.000302436
0.000300478
0.000300478
0.000300478
0.000300478
0.000300478
0.000300478
0.000300478
0.000300478
0.000300478
0.000300478
0.000300478
0.000300478
0.000300478
0.000300478
0.000300478
0.000300478
0.000300478
0.000300478
0.000300478
0.000300478
0.000300478
0.000300478
0.000300478
0.000300478
0.000300478
0.000300478
0.000300478
0.000300478
0.000300478
0.000300478
0.000300478
0.000300478
0.000300478
0.000300478
0.000300478
0.000300478
0.000300478
0.000300478
0.000300478
0.000300478
0.000300478
0.000300478
0.000300478
0.000300478
0.000300478
0.000300478
0.000300478
0.000300478
0.000300478
0.000300478
0.000300478
0.000300478
0.000300478
0.000300478
0.000300478
0.000300478
0.000300478
0.000300478
0.000300478
0.000300478
0.000300478
0.000300478
0.000300478
0.000300478
0.000300478
0.000300478
0.000300478
0.000300478
0.000300478
0.000300478
0.000300478
0.000300478
0.000300478
0.000300478
0.000300478
0.000300478
0.000300478
0.000300478
0.000300478
0.000300478
0.000300478
0.000300478
0.000300478
0.000300478
0.000300478
0.000300478
0.000300478
0.000300478
0.000300478
0.000300478
0.000300478
0.000300478
0.000300478
0.000300478
0.000300478
0.000300478
0.000300478
0.000300478
0.000300478
0.000300478
0.000302436
0.000302436
0.000302436
0.000302436
0.000302436
0.000302436
0.000302436
0.000302436
0.000302436
0.000302436
0.000302436
0.000302436
0.000302436
0.000302436
0.000302436
0.000302436
0.000302436
0.000302436
0.000302436
0.000302436
0.000302436
0.000302436
0.000302436
0.000302436
0.000302436
0.000302436
0.000302436
0.000302436
0.000302436
0.000302436
0.000302436
0.000302436
0.000302436
0.000302436
0.000302436
0.000302436
0.000302436
0.000302436
0.000302436
0.000302436
0.000302436
0.000302436
0.000302436
0.000302436
0.000302436
0.000302436
0.000302436
0.000302436
0.000302436
0.000302436
0.000302436
0.000302436
0.000302436
0.000302436
0.000302436
0.000302436
0.000302436
0.000302436
0.000302436
0.000302436
0.000302436
0.000302436
0.000302436
0.000302436
0.000302436
0.000302436
0.000302436
0.000302436
0.000302436
0.000302436
0.000302436
0.000302436
0.000302436
0.000302436
0.000302436
0.000302436
0.000302436
0.000302436
0.000302436
0.000302436
0.000302436
0.000302436
0.000302436
0.000302436
0.000302436
0.000302436
0.000302436
0.000302436
0.000302436
0.000302436
0.000302436
0.000302436
0.000302436
0.000302436
0.000302436
0.000302436
0.000302436
0.000302436
0.000302436
0.000302436
0.000301115
0.000301115
0.000301115
0.000301115
0.000301115
0.000301115
0.000301115
0.000301115
0.000301115
0.000301115
0.000301115
0.000301115
0.000301115
0.000301115
0.000301115
0.000301115
0.000301115
0.000301115
0.000301115
0.000301115
0.000301115
0.000301115
0.000301115
0.000301115
0.000301115
0.000301115
0.000301115
0.000301115
0.000301115
0.000301115
0.000301115
0.000301115
0.000301115
0.000301115
0.000301115
0.000301115
0.000301115
0.000301115
0.000301115
0.000301115
0.000301115
0.000301115
0.000301115
0.000301115
0.000301115
0.000301115
0.000301115
0.000301115
0.000301115
0.000301115
0.000301115
0.000301115
0.000301115
0.000301115
0.000301115
0.000301115
0.000301115
0.000301115
0.000301115
0.000301115
0.000301115
0.000301115
0.000301115
0.000301115
0.000301115
0.000301115
0.000301115
0.000301115
0.000301115
0.000301115
0.000301115
0.000301115
0.000301115
0.000301115
0.000301115
0.000301115
0.000301115
0.000301115
0.000301115
0.000301115
0.000301115
0.000301115
0.000301115
0.000301115
0.000301115
0.000301115
0.000301115
0.000301115
0.000301115
0.000301115
0.000301115
0.000301115
0.000301115
0.000301115
0.000301115
0.000301115
0.000301115
0.000301115
0.000301115
0.000301115
)
;
        source          uniform 0;
        Tnbr            T;
        kappaMethod     solidThermo;
        value           nonuniform List<scalar> 
500
(
349.339
349.345
349.348
349.35
349.35
349.35
349.349
349.348
349.345
349.338
342.155
342.164
342.169
342.173
342.173
342.172
342.172
342.169
342.164
342.153
335.283
335.292
335.298
335.301
335.301
335.301
335.301
335.298
335.293
335.283
328.902
328.909
328.914
328.917
328.917
328.917
328.918
328.917
328.912
328.903
323.166
323.172
323.175
323.178
323.178
323.178
323.18
323.179
323.175
323.168
318.211
318.216
318.219
318.219
318.218
318.219
318.221
318.221
318.218
318.211
314.139
314.144
314.146
314.145
314.143
314.143
314.145
314.145
314.143
314.138
311.025
311.028
311.029
311.028
311.025
311.023
311.025
311.026
311.024
311.02
308.919
308.923
308.923
308.922
308.919
308.917
308.92
308.92
308.919
308.915
307.856
307.859
307.86
307.859
307.856
307.856
307.859
307.859
307.858
307.854
349.339
349.352
349.357
349.36
349.36
349.36
349.36
349.358
349.356
349.352
342.154
342.175
342.185
342.191
342.193
342.194
342.194
342.192
342.188
342.18
335.284
335.306
335.317
335.323
335.325
335.328
335.329
335.327
335.322
335.312
328.904
328.924
328.935
328.94
328.942
328.944
328.946
328.944
328.94
328.931
323.168
323.185
323.195
323.2
323.201
323.203
323.205
323.204
323.201
323.195
318.212
318.226
318.234
318.238
318.238
318.24
318.244
318.244
318.243
318.238
314.138
314.15
314.156
314.158
314.159
314.162
314.167
314.169
314.169
314.166
311.02
311.03
311.035
311.038
311.04
311.044
311.048
311.051
311.052
311.051
308.915
308.924
308.931
308.935
308.936
308.938
308.943
308.946
308.947
308.947
307.854
307.863
307.871
307.874
307.874
307.876
307.881
307.884
307.886
307.886
349.354
349.357
349.357
349.358
349.358
349.358
349.358
349.357
349.357
349.354
342.179
342.183
342.185
342.186
342.186
342.186
342.186
342.185
342.183
342.179
335.311
335.314
335.317
335.319
335.319
335.319
335.318
335.316
335.314
335.311
328.93
328.933
328.935
328.937
328.937
328.937
328.937
328.935
328.933
328.93
323.193
323.196
323.198
323.2
323.2
323.199
323.199
323.197
323.196
323.194
318.237
318.24
318.241
318.242
318.241
318.241
318.24
318.239
318.239
318.238
314.164
314.167
314.168
314.169
314.167
314.166
314.165
314.165
314.166
314.166
311.049
311.051
311.052
311.052
311.05
311.049
311.048
311.049
311.051
311.051
308.945
308.946
308.947
308.947
308.944
308.943
308.943
308.944
308.947
308.947
307.884
307.885
307.886
307.885
307.883
307.882
307.882
307.883
307.886
307.886
349.339
349.352
349.357
349.36
349.36
349.36
349.36
349.358
349.356
349.353
342.155
342.177
342.187
342.192
342.194
342.194
342.194
342.192
342.188
342.18
335.284
335.306
335.319
335.325
335.328
335.329
335.329
335.327
335.322
335.313
328.902
328.923
328.935
328.941
328.943
328.945
328.946
328.944
328.94
328.931
323.166
323.184
323.194
323.199
323.201
323.204
323.205
323.204
323.201
323.194
318.211
318.225
318.232
318.237
318.239
318.242
318.244
318.242
318.241
318.237
314.14
314.151
314.155
314.159
314.162
314.164
314.167
314.166
314.166
314.165
311.025
311.034
311.037
311.041
311.043
311.046
311.049
311.048
311.049
311.049
308.92
308.928
308.931
308.934
308.937
308.939
308.943
308.942
308.943
308.945
307.856
307.864
307.868
307.872
307.874
307.877
307.881
307.881
307.882
307.883
307.856
307.864
307.868
307.871
307.874
307.877
307.881
307.881
307.882
307.883
307.86
307.866
307.868
307.873
307.875
307.878
307.881
307.881
307.883
307.885
307.86
307.866
307.868
307.874
307.876
307.878
307.88
307.88
307.883
307.885
307.859
307.865
307.869
307.873
307.874
307.876
307.878
307.879
307.883
307.885
307.856
307.863
307.867
307.871
307.871
307.873
307.875
307.877
307.881
307.883
307.856
307.864
307.869
307.871
307.871
307.873
307.876
307.879
307.881
307.882
307.859
307.867
307.872
307.874
307.874
307.875
307.878
307.88
307.881
307.882
307.859
307.868
307.873
307.876
307.875
307.874
307.877
307.879
307.882
307.883
307.858
307.867
307.873
307.876
307.875
307.875
307.879
307.883
307.886
307.886
307.854
307.863
307.87
307.874
307.874
307.876
307.881
307.884
307.886
307.886
)
;
    }
}


// ************************************************************************* //
