/*--------------------------------*- C++ -*----------------------------------*\
| =========                 |                                                 |
| \\      /  F ield         | OpenFOAM: The Open Source CFD Toolbox           |
|  \\    /   O peration     | Version:  2412                                  |
|   \\  /    A nd           | Website:  www.openfoam.com                      |
|    \\/     M anipulation  |                                                 |
\*---------------------------------------------------------------------------*/
FoamFile
{
    version     2.0;
    format      ascii;
    arch        "LSB;label=32;scalar=64";
    class       volScalarField;
    location    "1/solid";
    object      wallHeatFlux;
}
// * * * * * * * * * * * * * * * * * * * * * * * * * * * * * * * * * * * * * //

dimensions      [1 0 -3 0 0 0 0];

internalField   uniform 0;

boundaryField
{
    bodyBottom
    {
        type            calculated;
        value           nonuniform List<scalar> 
100
(
748660
747430
747020
746815
746815
746815
746815
747020
747430
748660
746815
746200
745995
745790
745790
745790
745790
745995
746200
746815
745995
745585
745380
745380
745380
745380
745380
745380
745585
745995
745585
745175
745175
745175
745175
745175
744970
745175
745175
745585
745380
745175
744970
744970
744970
744970
744970
744970
745175
745585
745380
744970
744970
744970
744970
744970
744970
744970
744970
745380
745380
744970
744970
744970
744970
744970
744970
744970
744970
745380
745585
745175
744970
744970
744970
744970
744970
744970
745175
745585
745995
745380
745175
745175
745175
745175
745175
745380
745380
745995
746610
745995
745790
745790
745790
745790
745790
745790
745995
746610
)
;
    }
    solid_to_fluid
    {
        type            calculated;
        value           nonuniform List<scalar> 
500
(
-1845
-1845
-1640
-1435
-1435
-1435
-1640
-1640
-1845
-2050
-2255
-2255
-2050
-1845
-1845
-1845
-1845
-2050
-2050
-2460
-2460
-2255
-2050
-2050
-2050
-2050
-2050
-2255
-2255
-2460
-2255
-2255
-2050
-2050
-2050
-2050
-2050
-2050
-2050
-2255
-2050
-2050
-2050
-1845
-1845
-1845
-1845
-1845
-2050
-2050
-1845
-2050
-1845
-1845
-1845
-1640
-1640
-1640
-1845
-2050
-1845
-1640
-1640
-1640
-1640
-1640
-1640
-1640
-1640
-1845
-1640
-1845
-1640
-1640
-1640
-1640
-1640
-1640
-1640
-1640
-1845
-1640
-1640
-1640
-1435
-1640
-1435
-1640
-1640
-1640
-1640
-1845
-1640
-1640
-1640
-1640
-1640
-1640
-1640
-1640
-1845
-1025
-820
-615
-615
-820
-820
-1025
-1025
-1230
-2255
-1025
-820
-615
-615
-615
-820
-820
-820
-1230
-2255
-1025
-820
-615
-820
-615
-615
-820
-820
-1435
-2050
-1230
-820
-820
-820
-820
-820
-1025
-1025
-1435
-2050
-1230
-1025
-820
-820
-820
-820
-1025
-1230
-1230
-1845
-1230
-1025
-1025
-1025
-1025
-820
-1025
-1025
-1435
-1845
-1230
-1025
-1025
-1025
-1025
-1025
-1025
-1025
-1230
-1640
-1230
-1025
-1025
-1025
-1025
-1230
-1230
-1230
-1230
-1640
-1435
-1025
-1025
-1025
-1025
-1025
-1025
-1230
-1230
-1640
-1435
-1230
-1230
-1230
-1230
-1230
-1230
-1230
-1230
-820
-820
-1025
-820
-820
-820
-820
-1025
-820
-820
-1435
-1435
-1230
-1435
-1435
-1435
-1435
-1230
-1230
-1435
-1640
-1640
-1435
-1435
-1435
-1435
-1640
-1640
-1640
-1640
-1640
-1435
-1435
-1435
-1435
-1435
-1435
-1435
-1435
-1640
-1640
-1435
-1230
-1230
-1025
-1230
-1230
-1230
-1435
-1435
-1435
-1230
-1435
-1230
-1230
-1025
-1025
-1230
-1435
-1435
-1435
-1230
-1230
-1025
-1025
-1025
-1025
-1025
-1230
-1230
-1230
-1230
-1230
-1025
-1025
-1025
-1230
-1025
-1230
-1230
-1230
-1230
-1025
-1025
-1025
-1025
-1025
-1025
-1025
-1230
-1025
-1230
-1025
-1230
-1025
-1025
-1025
-1025
-1025
-1230
-1845
-1025
-820
-615
-820
-820
-820
-1025
-1025
-1025
-2255
-1025
-820
-820
-615
-820
-820
-820
-820
-1230
-2255
-1230
-820
-820
-615
-615
-820
-820
-1025
-1230
-2255
-1230
-820
-820
-820
-820
-820
-1025
-1025
-1435
-2050
-1230
-1025
-1025
-1025
-820
-1025
-1025
-1025
-1435
-1845
-1230
-1025
-820
-1025
-1025
-1025
-1230
-1025
-1435
-1640
-1230
-1230
-1025
-1025
-1230
-1025
-1025
-1025
-1230
-1640
-1230
-1230
-1025
-1230
-1025
-1025
-1230
-1025
-1230
-1640
-1230
-1025
-1025
-1025
-1230
-1025
-1230
-1230
-1230
-1640
-1435
-1230
-1025
-1230
-1230
-1230
-1025
-1025
-1230
-1640
-1435
-1230
-1230
-1230
-1230
-1230
-1025
-1025
-1230
-1640
-1435
-1230
-1025
-1230
-1230
-1230
-1230
-1025
-1230
-1640
-1230
-1230
-1025
-1025
-1025
-1230
-1025
-1025
-1230
-1640
-1230
-1025
-1230
-1230
-1025
-1025
-1025
-1230
-1230
-1640
-1025
-1025
-1025
-1230
-1025
-1025
-1230
-1230
-1025
-1640
-1230
-1025
-1230
-1230
-1025
-1230
-1025
-1025
-1025
-1640
-1230
-1230
-1230
-1025
-1025
-1230
-1025
-1230
-1025
-1640
-1230
-1230
-1025
-1025
-1230
-1025
-1230
-1230
-1025
-1640
-1230
-1025
-1025
-1025
-1230
-1230
-1230
-1025
-1025
-1640
-1435
-1435
-1230
-1230
-1230
-1230
-1230
-1230
-1230
)
;
    }
}


// ************************************************************************* //
