/*--------------------------------*- C++ -*----------------------------------*\
| =========                 |                                                 |
| \\      /  F ield         | OpenFOAM: The Open Source CFD Toolbox           |
|  \\    /   O peration     | Version:  2412                                  |
|   \\  /    A nd           | Website:  www.openfoam.com                      |
|    \\/     M anipulation  |                                                 |
\*---------------------------------------------------------------------------*/
FoamFile
{
    version     2.0;
    format      ascii;
    arch        "LSB;label=32;scalar=64";
    class       volScalarField;
    location    "1.3/fluid";
    object      wallHeatFlux;
}
// * * * * * * * * * * * * * * * * * * * * * * * * * * * * * * * * * * * * * //

dimensions      [1 0 -3 0 0 0 0];

internalField   uniform 0;

boundaryField
{
    inlet
    {
        type            calculated;
        value           uniform 0;
    }
    outlet
    {
        type            calculated;
        value           uniform 0;
    }
    walls
    {
        type            calculated;
        value           uniform 0;
    }
    fluid_to_solid
    {
        type            calculated;
        value           nonuniform List<scalar> 
500
(
1844.5
1594.98
1487.74
1424.2
1392.68
1392.68
1424.14
1487.74
1594.98
1844.5
2152.37
1917.31
1723.79
1620.01
1574.77
1574.7
1620.01
1723.79
1917.31
2152.31
2097.61
1932.89
1794.25
1720.7
1688.8
1688.74
1720.7
1794.31
1932.89
2097.55
1872.62
1737.69
1626.99
1571.12
1547.51
1547.51
1571.12
1627.12
1737.76
1872.69
1633.42
1513.45
1416.6
1368.82
1348.67
1348.73
1368.88
1416.72
1513.58
1633.48
1421.05
1312.76
1225.18
1182.65
1164.73
1164.79
1182.71
1225.24
1312.7
1421.05
1242.3
1143.59
1062.62
1023.74
1007.3
1007.3
1023.74
1062.68
1143.53
1242.23
1120.04
1034.31
962.859
929.049
914.957
914.957
928.925
962.673
1034.12
1119.79
1063.73
995.803
937.826
910.63
899.381
899.319
910.506
937.702
995.617
1063.55
1062.37
1014.22
972.192
953.031
945.367
945.367
953.031
972.254
1014.22
1062.31
1772.48
922.953
747.442
567.465
651.065
677.919
748.372
831.104
918.425
1002.03
1986.69
773.861
502.656
373.225
408.141
441.32
514.564
611.25
717.921
888.16
1926.71
772.621
418.188
309.842
330.184
349.286
408.203
489.074
600.087
889.587
1722.18
670.725
367.891
288.074
296.26
296.942
340.541
399.148
508.796
821.305
1503.57
572.489
340.479
277.841
287.516
278.957
311.083
347.611
442.871
713.146
1309.7
493.23
309.47
261.468
272.507
265.437
289.996
313.067
384.016
597.916
1144.3
436.855
279.887
248.692
258.553
253.53
275.422
294.09
335.952
494.532
1028.94
413.474
248.94
225.87
234.49
240.382
258.057
278.337
306.989
412.296
971.513
456.143
243.173
223.079
225.994
240.878
252.227
271.143
307.361
366.341
970.893
646.848
342.03
263.143
273.5
259.359
271.081
301.47
330.37
379.985
765.215
732.065
745.497
749.934
746.853
746.976
750.057
745.682
732.25
765.523
1089.38
1026.53
1031.46
1039.53
1040.02
1040.21
1039.78
1031.77
1026.96
1089.87
1232.64
1173.12
1161.59
1137.25
1095.97
1096.09
1137.38
1161.78
1173.42
1233.01
1099.92
1031.09
989.745
922.275
844.084
844.207
922.336
989.93
1031.34
1100.28
913.649
836.874
777.168
688.502
594.845
594.907
688.625
777.291
837.121
914.018
735.392
655.599
584.37
486.831
392.682
392.743
486.955
584.555
655.907
735.762
579.071
500.818
426.509
332.113
256.694
256.756
332.174
426.694
501.126
579.379
451.217
380.42
312.519
232.356
179.55
179.612
232.479
312.703
380.728
451.587
358.3
302.845
251.21
192.367
146.647
146.709
192.49
251.333
303.091
358.608
323.486
289.536
263.102
223.236
177.332
177.517
223.36
263.287
289.782
323.671
1772.6
923.015
747.504
567.465
651.128
677.919
748.31
831.104
918.363
1001.9
1986.75
773.923
502.78
373.225
408.141
441.258
514.502
611.25
717.797
887.974
1926.71
772.683
418.188
309.904
330.246
349.286
408.141
489.074
599.901
889.215
1722.18
670.663
367.891
288.074
296.26
296.942
340.479
399.086
508.61
820.995
1503.57
572.365
340.479
277.841
287.578
278.957
311.021
347.487
442.685
712.835
1309.76
493.23
309.408
261.468
272.569
265.499
289.934
313.005
383.83
597.668
1144.36
436.917
279.887
248.692
258.677
253.654
275.484
293.966
335.828
494.346
1029.25
413.536
249.002
225.994
234.614
240.506
258.057
278.275
306.865
412.172
971.699
456.205
243.173
223.017
226.056
240.94
252.289
271.019
307.237
366.217
971.017
646.848
341.968
263.081
273.438
259.422
271.143
301.346
330.246
379.861
970.295
655.137
400.122
334.917
327.013
310.279
306.636
317.751
340.042
391.354
926.393
432.477
255.263
219.758
220.993
220.067
223.648
237.356
269.65
333.373
894.408
334.546
206.112
169.743
172.954
179.437
190.058
206.853
237.912
286.26
878.539
295.892
217.35
174.559
167.397
165.421
172.645
184.686
200.925
238.9
871.067
256.065
231.737
192.404
176.041
166.841
165.235
166.409
168.138
193.701
871.067
256.189
231.861
192.466
176.041
166.841
165.359
166.532
168.261
193.824
878.539
296.016
217.597
174.683
167.458
165.482
172.707
184.748
200.987
239.023
894.346
334.608
206.421
169.928
173.016
179.376
189.873
206.791
237.912
286.383
926.269
432.477
255.448
219.882
220.931
220.005
223.586
237.418
269.712
333.435
970.171
655.137
400.183
334.978
326.951
310.218
306.575
317.813
340.103
391.477
)
;
    }
}


// ************************************************************************* //
