/*--------------------------------*- C++ -*----------------------------------*\
| =========                 |                                                 |
| \\      /  F ield         | OpenFOAM: The Open Source CFD Toolbox           |
|  \\    /   O peration     | Version:  2412                                  |
|   \\  /    A nd           | Website:  www.openfoam.com                      |
|    \\/     M anipulation  |                                                 |
\*---------------------------------------------------------------------------*/
FoamFile
{
    version     2.0;
    format      ascii;
    arch        "LSB;label=32;scalar=64";
    class       volScalarField;
    location    "0.5/fluid";
    object      wallHeatFlux;
}
// * * * * * * * * * * * * * * * * * * * * * * * * * * * * * * * * * * * * * //

dimensions      [1 0 -3 0 0 0 0];

internalField   uniform 0;

boundaryField
{
    inlet
    {
        type            calculated;
        value           uniform 0;
    }
    outlet
    {
        type            calculated;
        value           uniform 0;
    }
    walls
    {
        type            calculated;
        value           uniform 0;
    }
    fluid_to_solid
    {
        type            calculated;
        value           nonuniform List<scalar> 
500
(
1879.92
1660.43
1567.29
1510.61
1482.11
1482.05
1510.55
1567.29
1660.37
1879.85
1945.5
1759.95
1606.91
1524.39
1487
1486.87
1524.27
1606.85
1759.88
1945.25
1663.15
1547.39
1450.22
1398.8
1376.48
1376.48
1398.73
1450.16
1547.39
1663.03
1274.44
1190.32
1121.46
1086.97
1072.51
1072.51
1087.03
1121.65
1190.5
1274.5
924.104
858.649
805.802
779.904
769.026
769.026
780.028
806.111
858.958
924.29
650.353
602.08
563.017
544.103
536.13
536.254
544.289
563.202
602.266
650.477
437.112
399.965
369.184
354.103
347.675
347.737
354.165
369.184
400.027
437.112
293.098
265.655
242.167
230.733
225.788
225.664
230.609
242.105
265.531
292.85
209.656
190.866
174.116
165.71
162.125
162.001
165.586
173.93
190.619
209.408
175.723
163.546
152.482
146.981
144.571
144.571
146.92
152.421
163.484
175.537
1795.42
958.737
785.397
600.335
696.649
733.736
831.352
961.652
1118.12
1307.53
1796.41
720.402
450.623
319.455
359.581
401.939
491.245
616.645
758.357
979.389
1531.97
626.692
314.68
211.544
225.932
245.84
300.539
384.264
494.966
741.55
1175.24
459.492
230.707
155.789
153.433
152.068
179.356
224.815
308.044
520.269
852.066
315.982
173.03
122.3
118.206
105.369
118.206
135.944
188.783
331.673
599.963
215.575
120.625
89.5541
87.8176
79.7552
84.2205
88.5618
112.377
189.651
401.195
135.82
78.7629
64.8709
65.429
62.5142
65.0569
65.429
69.0881
99.1669
266.492
86.4532
48.188
42.3583
45.2112
48.064
49.8625
51.1649
49.8005
53.3355
188.535
69.6463
35.0402
31.1331
34.6061
39.5675
41.8002
43.6607
44.591
41.4281
158.704
94.7016
47.4438
34.7301
36.0945
36.1565
39.3815
43.1646
45.8934
47.94
1038.79
887.646
845.439
850.553
857.454
857.516
850.615
845.501
887.708
1038.79
1185.87
1101.46
1091.78
1118.95
1159.07
1159.19
1118.95
1091.78
1101.52
1185.87
963.25
891.405
867.251
871.626
892.637
892.699
871.688
867.251
891.528
963.311
666.382
588.006
543.272
527.991
530.394
530.456
527.991
543.334
588.067
666.443
399.521
318.064
258.604
229.213
216.52
216.582
229.213
258.604
318.064
399.583
195.632
117.503
52.9901
17.0061
-3.69699
-3.7586
16.8829
52.8669
117.564
195.694
66.5458
0.369699
-54.5305
-87.2489
-109.369
-109.369
-87.3721
-54.6538
0.308082
66.669
6.59296
-41.9608
-84.5378
-116.147
-138.575
-138.699
-116.27
-84.661
-41.9608
6.59296
-3.69699
-36.8466
-71.2286
-101.113
-124.404
-124.404
-101.174
-71.2286
-36.8466
-3.63537
13.9253
-12.0152
-40.8517
-72.8306
-101.359
-101.359
-72.8922
-40.9133
-12.0152
13.9253
1795.48
958.737
785.397
600.335
696.711
733.798
831.352
961.59
1118.12
1307.53
1796.6
720.526
450.685
319.517
359.643
402.001
491.183
616.645
758.357
979.389
1532.09
626.754
314.742
211.73
226.056
245.964
300.601
384.264
494.966
741.488
1175.18
459.43
230.645
155.851
153.557
152.192
179.418
224.815
308.044
520.269
851.88
315.92
172.968
122.238
118.206
105.369
118.206
135.944
188.783
331.611
599.839
215.451
120.439
89.43
87.8796
79.7552
84.3445
88.4998
112.315
189.589
401.133
135.82
78.5769
64.8709
65.4911
62.6382
65.0569
65.367
68.9641
99.1669
266.678
86.5152
48.25
42.3583
45.3972
48.126
49.9865
51.0409
49.6765
53.3355
188.721
69.7703
35.1022
31.071
34.6061
39.6295
41.8622
43.5987
44.4669
41.366
158.828
94.7636
47.4438
34.6061
36.0325
36.2185
39.5055
43.1025
45.8313
47.94
164.803
118.678
83.1734
68.1689
62.9821
60.0182
59.2773
59.1538
60.2035
61.8707
155.232
84.9023
60.2652
54.2758
52.9791
51.8676
51.3736
51.0649
51.7441
50.3857
147.699
67.3662
49.83
46.1251
46.4956
46.3721
46.2486
45.5694
43.0378
32.232
143.747
59.586
49.6447
42.3586
41.9263
41.2471
39.9504
36.7396
28.5889
5.00152
141.648
50.6944
49.2125
40.3826
35.8134
32.4173
28.1567
20.9323
7.16267
-26.4278
141.648
50.7562
49.2125
40.3826
35.8134
32.4173
28.1567
20.994
7.16267
-26.4278
143.747
59.586
49.7065
42.4203
41.8646
41.2471
39.9504
36.8013
28.5889
4.87803
147.699
67.3662
49.9535
46.1869
46.4956
46.3104
46.1251
45.5694
42.976
32.1703
155.171
84.8406
60.327
54.3375
52.9791
51.7441
51.2501
51.1266
51.8059
50.3239
164.618
118.616
83.2969
68.2306
62.9821
59.9565
59.2773
59.2155
60.327
61.8707
)
;
    }
}


// ************************************************************************* //
