/*--------------------------------*- C++ -*----------------------------------*\
| =========                 |                                                 |
| \\      /  F ield         | OpenFOAM: The Open Source CFD Toolbox           |
|  \\    /   O peration     | Version:  2412                                  |
|   \\  /    A nd           | Website:  www.openfoam.com                      |
|    \\/     M anipulation  |                                                 |
\*---------------------------------------------------------------------------*/
FoamFile
{
    version     2.0;
    format      ascii;
    arch        "LSB;label=32;scalar=64";
    class       volScalarField;
    location    "4/solid";
    object      T;
}
// * * * * * * * * * * * * * * * * * * * * * * * * * * * * * * * * * * * * * //

dimensions      [0 0 0 1 0 0 0];

internalField   nonuniform List<scalar> 
1000
(
352.21
352.22
352.225
352.228
352.229
352.23
352.229
352.229
352.227
352.224
352.216
352.223
352.227
352.23
352.231
352.232
352.232
352.231
352.23
352.227
352.219
352.225
352.229
352.231
352.232
352.233
352.233
352.232
352.231
352.228
352.221
352.226
352.229
352.231
352.233
352.233
352.233
352.233
352.231
352.229
352.221
352.227
352.23
352.232
352.233
352.233
352.233
352.233
352.232
352.229
352.221
352.227
352.23
352.232
352.233
352.233
352.233
352.233
352.232
352.229
352.221
352.226
352.229
352.231
352.233
352.233
352.233
352.233
352.231
352.228
352.219
352.225
352.229
352.231
352.232
352.233
352.233
352.232
352.231
352.228
352.216
352.223
352.227
352.23
352.231
352.232
352.232
352.231
352.23
352.227
352.21
352.22
352.225
352.228
352.229
352.23
352.23
352.229
352.227
352.224
350.667
350.687
350.699
350.706
350.71
350.712
350.712
350.71
350.706
350.699
350.679
350.693
350.703
350.71
350.714
350.715
350.716
350.714
350.71
350.704
350.685
350.698
350.706
350.712
350.716
350.717
350.718
350.716
350.713
350.707
350.689
350.7
350.708
350.713
350.717
350.719
350.719
350.718
350.714
350.708
350.691
350.702
350.709
350.714
350.717
350.719
350.72
350.718
350.715
350.709
350.691
350.701
350.709
350.714
350.717
350.719
350.72
350.718
350.715
350.708
350.689
350.7
350.708
350.714
350.717
350.719
350.719
350.718
350.714
350.708
350.685
350.698
350.706
350.712
350.716
350.718
350.718
350.717
350.713
350.707
350.679
350.693
350.703
350.71
350.714
350.716
350.716
350.714
350.711
350.704
350.667
350.686
350.699
350.706
350.71
350.712
350.712
350.711
350.707
350.7
349.193
349.216
349.233
349.244
349.25
349.253
349.253
349.251
349.245
349.235
349.206
349.225
349.238
349.248
349.254
349.257
349.257
349.255
349.25
349.242
349.214
349.23
349.242
349.251
349.256
349.259
349.26
349.258
349.253
349.245
349.219
349.234
349.245
349.253
349.258
349.261
349.262
349.26
349.256
349.248
349.221
349.236
349.246
349.254
349.259
349.262
349.263
349.261
349.257
349.248
349.221
349.236
349.246
349.254
349.259
349.262
349.263
349.261
349.257
349.248
349.219
349.234
349.245
349.253
349.258
349.261
349.262
349.26
349.256
349.247
349.214
349.23
349.242
349.251
349.256
349.259
349.26
349.258
349.254
349.245
349.206
349.225
349.238
349.248
349.254
349.257
349.258
349.256
349.251
349.242
349.193
349.216
349.233
349.244
349.25
349.253
349.254
349.252
349.246
349.237
347.818
347.844
347.863
347.875
347.883
347.887
347.888
347.885
347.879
347.868
347.832
347.852
347.868
347.88
347.887
347.891
347.892
347.89
347.885
347.875
347.841
347.858
347.872
347.883
347.89
347.894
347.895
347.893
347.888
347.88
347.846
347.863
347.876
347.885
347.892
347.896
347.897
347.896
347.891
347.883
347.849
347.865
347.877
347.887
347.893
347.897
347.898
347.897
347.892
347.884
347.849
347.865
347.877
347.887
347.893
347.897
347.898
347.897
347.892
347.884
347.846
347.863
347.876
347.886
347.892
347.896
347.898
347.896
347.891
347.882
347.841
347.859
347.873
347.883
347.89
347.894
347.896
347.894
347.889
347.88
347.832
347.853
347.868
347.88
347.887
347.892
347.893
347.891
347.886
347.876
347.818
347.844
347.863
347.875
347.883
347.888
347.889
347.887
347.881
347.871
346.573
346.6
346.62
346.634
346.643
346.648
346.649
346.647
346.641
346.631
346.587
346.608
346.625
346.638
346.647
346.652
346.654
346.652
346.646
346.638
346.596
346.615
346.63
346.642
346.65
346.655
346.657
346.655
346.651
346.643
346.602
346.619
346.634
346.645
346.652
346.657
346.659
346.658
346.654
346.646
346.605
346.621
346.635
346.646
346.653
346.658
346.66
346.659
346.655
346.647
346.605
346.622
346.635
346.646
346.653
346.658
346.66
346.659
346.655
346.647
346.602
346.62
346.634
346.645
346.653
346.657
346.659
346.658
346.654
346.646
346.597
346.616
346.631
346.642
346.65
346.655
346.657
346.656
346.651
346.643
346.588
346.609
346.626
346.639
346.647
346.652
346.654
346.653
346.648
346.639
346.574
346.6
346.62
346.634
346.643
346.649
346.651
346.649
346.643
346.633
345.487
345.514
345.534
345.549
345.559
345.565
345.568
345.566
345.56
345.551
345.501
345.522
345.54
345.554
345.564
345.57
345.572
345.571
345.566
345.558
345.511
345.529
345.545
345.558
345.567
345.573
345.576
345.574
345.571
345.564
345.516
345.534
345.548
345.561
345.57
345.575
345.578
345.577
345.574
345.567
345.519
345.536
345.55
345.562
345.57
345.576
345.579
345.578
345.575
345.568
345.519
345.536
345.55
345.562
345.57
345.576
345.579
345.579
345.575
345.568
345.516
345.534
345.549
345.561
345.57
345.575
345.578
345.578
345.574
345.566
345.511
345.53
345.546
345.558
345.567
345.573
345.576
345.575
345.571
345.563
345.501
345.523
345.541
345.554
345.564
345.57
345.573
345.572
345.568
345.56
345.487
345.514
345.535
345.55
345.56
345.566
345.569
345.568
345.563
345.554
344.584
344.611
344.632
344.648
344.659
344.666
344.669
344.667
344.662
344.654
344.598
344.62
344.638
344.653
344.664
344.67
344.673
344.672
344.669
344.662
344.608
344.627
344.643
344.657
344.667
344.674
344.677
344.676
344.673
344.667
344.613
344.631
344.647
344.66
344.67
344.676
344.679
344.679
344.677
344.671
344.615
344.633
344.648
344.661
344.67
344.677
344.68
344.68
344.678
344.672
344.615
344.633
344.648
344.661
344.67
344.677
344.681
344.681
344.678
344.671
344.613
344.631
344.647
344.66
344.669
344.676
344.68
344.68
344.676
344.67
344.607
344.627
344.643
344.657
344.667
344.674
344.677
344.677
344.674
344.667
344.598
344.62
344.638
344.653
344.663
344.67
344.674
344.674
344.671
344.663
344.584
344.611
344.632
344.648
344.659
344.666
344.67
344.67
344.666
344.657
343.884
343.911
343.933
343.95
343.962
343.97
343.974
343.973
343.968
343.961
343.898
343.92
343.939
343.955
343.967
343.975
343.978
343.978
343.975
343.969
343.907
343.927
343.945
343.96
343.971
343.978
343.982
343.982
343.98
343.974
343.913
343.932
343.949
343.963
343.974
343.981
343.985
343.985
343.983
343.978
343.915
343.934
343.95
343.964
343.975
343.982
343.986
343.986
343.984
343.979
343.915
343.933
343.95
343.964
343.974
343.982
343.986
343.987
343.984
343.979
343.912
343.931
343.949
343.963
343.973
343.981
343.985
343.986
343.983
343.977
343.907
343.927
343.945
343.96
343.971
343.978
343.982
343.983
343.98
343.974
343.897
343.919
343.939
343.955
343.967
343.975
343.979
343.98
343.977
343.97
343.883
343.91
343.933
343.95
343.963
343.971
343.975
343.976
343.972
343.965
343.401
343.429
343.454
343.473
343.486
343.495
343.499
343.498
343.494
343.487
343.416
343.44
343.461
343.479
343.491
343.5
343.504
343.503
343.5
343.495
343.426
343.448
343.467
343.484
343.496
343.504
343.508
343.508
343.505
343.5
343.432
343.453
343.472
343.487
343.499
343.506
343.51
343.511
343.509
343.504
343.434
343.455
343.473
343.489
343.5
343.507
343.511
343.512
343.51
343.506
343.434
343.455
343.474
343.489
343.5
343.507
343.512
343.513
343.511
343.505
343.431
343.453
343.472
343.487
343.499
343.506
343.511
343.512
343.509
343.503
343.425
343.448
343.468
343.484
343.496
343.504
343.508
343.509
343.506
343.501
343.415
343.44
343.462
343.479
343.492
343.5
343.505
343.506
343.503
343.497
343.4
343.429
343.455
343.474
343.487
343.496
343.501
343.501
343.498
343.491
343.147
343.178
343.206
343.227
343.241
343.251
343.255
343.254
343.25
343.243
343.163
343.191
343.215
343.234
343.248
343.257
343.261
343.261
343.257
343.251
343.173
343.2
343.222
343.241
343.253
343.261
343.266
343.265
343.262
343.257
343.18
343.206
343.227
343.244
343.256
343.264
343.268
343.269
343.267
343.261
343.182
343.208
343.229
343.246
343.257
343.265
343.269
343.27
343.268
343.263
343.182
343.208
343.229
343.246
343.257
343.265
343.27
343.271
343.268
343.263
343.18
343.206
343.228
343.244
343.256
343.264
343.269
343.27
343.267
343.261
343.173
343.201
343.224
343.241
343.253
343.261
343.266
343.267
343.264
343.258
343.163
343.191
343.217
343.236
343.249
343.257
343.262
343.263
343.26
343.254
343.147
343.178
343.208
343.229
343.243
343.252
343.257
343.258
343.255
343.248
)
;

boundaryField
{
    bodyBottom
    {
        type            fixedValue;
        value           uniform 353;
    }
    solid_to_fluid
    {
        type            compressible::turbulentTemperatureCoupledBaffleMixed;
        refValue        nonuniform List<scalar> 
500
(
322.958
327.568
329.565
330.725
331.302
331.297
330.716
329.556
327.558
322.948
312.244
316.973
320.869
322.954
323.871
323.866
322.943
320.858
316.964
312.237
307.414
311.031
314.083
315.709
316.424
316.419
315.703
314.078
311.027
307.412
306.133
309.347
311.99
313.336
313.911
313.908
313.333
311.988
309.346
306.133
305.731
308.831
311.335
312.578
313.109
313.107
312.577
311.336
308.833
305.733
305.719
308.835
311.352
312.583
313.11
313.11
312.584
311.355
308.838
305.722
305.642
308.716
311.226
312.431
312.945
312.945
312.433
311.229
308.72
305.646
305.108
307.959
310.313
311.417
311.878
311.88
311.422
310.32
307.966
305.113
303.798
306.172
308.165
309.089
309.47
309.475
309.1
308.179
306.184
303.808
302.116
303.845
305.326
305.991
306.254
306.261
306.005
305.345
303.862
302.13
323.93
337.757
340.581
343.384
342.059
341.545
340.392
339.084
337.792
336.927
315.273
336.954
341.353
343.416
342.821
342.21
340.96
339.428
337.924
336.053
310.993
333.796
340.309
342.161
341.72
341.333
340.215
338.794
337.165
333.161
309.653
332.684
339.062
340.544
340.283
340.228
339.28
338.138
336.478
331.004
309.12
331.877
337.608
338.948
338.676
338.865
338.054
337.258
335.76
330.185
308.964
331.194
336.477
337.74
337.471
337.716
337.023
336.421
335.12
329.943
308.787
330.194
335.636
336.796
336.593
336.798
336.161
335.542
334.473
330.022
308.295
328.713
335.239
336.42
336.359
336.317
335.754
334.997
333.951
330.42
307.267
325.544
334.355
335.691
336.055
335.76
335.369
334.696
333.125
330.573
305.742
317.793
329.574
333.211
333.374
334.077
334.401
333.341
331.733
329.459
341.478
342.017
341.525
340.913
340.306
339.64
339.677
340.207
340.978
341.187
334.786
335.912
335.245
334.044
332.798
331.359
331.5
332.524
333.775
333.572
327.954
329.054
328.428
327.42
326.555
325.299
324.909
325.558
326.665
326.501
325.522
327.048
327.151
326.966
326.744
325.536
323.96
323.875
324.547
324.156
325.492
327.488
328.138
328.388
328.302
327.007
324.802
324.389
324.884
324.271
325.996
328.334
329.393
329.865
329.696
328.214
325.701
325.045
325.455
324.737
326.877
329.409
330.694
331.198
330.858
329.228
326.698
325.945
326.326
325.568
327.995
330.512
331.79
332.182
331.681
330.023
327.71
327.063
327.538
326.866
329.104
331.282
332.26
332.415
331.795
330.228
328.324
328.045
328.895
328.639
329.246
330.681
331.099
330.927
330.211
328.783
327.341
327.611
329.199
329.869
323.941
337.751
340.569
343.39
342.078
341.63
340.56
339.334
338.05
336.972
315.278
336.921
341.298
343.367
342.752
342.194
341.014
339.556
338.069
336.098
310.992
333.702
340.151
341.944
341.463
341.09
340.026
338.705
337.124
333.038
309.648
332.525
338.774
340.147
339.832
339.825
338.883
337.841
336.177
330.674
309.112
331.662
337.218
338.424
338.071
338.288
337.485
336.762
335.134
329.618
308.956
330.954
336.027
337.155
336.8
337.068
336.363
335.805
334.347
329.242
308.779
329.964
335.153
336.142
335.843
336.065
335.409
334.825
333.678
329.233
308.288
328.524
334.73
335.661
335.483
335.405
334.843
334.121
333.067
329.437
307.26
325.542
334.015
334.915
335.029
334.612
334.186
333.393
331.904
329.435
305.736
317.892
330.151
332.878
332.698
333.397
332.851
331.578
330.397
328.184
305.82
318.06
328.095
330.676
331.164
331.924
331.995
331.406
330.22
327.87
307.458
326.453
333.743
335.227
335.281
335.376
335.174
334.466
332.859
329.96
308.625
330.26
336.034
337.397
337.215
336.903
336.363
335.467
333.852
331.491
309.193
331.702
335.844
337.548
337.622
337.318
336.787
335.956
334.871
332.622
309.438
332.306
335.028
336.509
337.006
337.013
336.808
336.39
335.841
333.095
309.466
332.513
334.549
335.915
336.466
336.671
336.658
336.497
336.134
332.741
309.233
331.576
334.698
336.099
336.501
336.535
336.407
336.044
335.444
331.94
308.681
330.491
335.518
337.066
337.102
336.951
336.513
335.694
334.626
331.706
307.522
327.314
334.786
336.327
336.229
336.167
335.913
335.186
333.674
331.189
305.882
318.668
330.178
331.819
332.087
332.707
333.052
332.64
331.318
328.815
)
;
        refGradient     uniform 0;
        valueFraction   nonuniform List<scalar> 
500
(
0.000301416
0.000301416
0.000301416
0.000301416
0.000301416
0.000301416
0.000301416
0.000301416
0.000301416
0.000301416
0.000301416
0.000301416
0.000301416
0.000301416
0.000301416
0.000301416
0.000301416
0.000301416
0.000301416
0.000301416
0.000301416
0.000301416
0.000301416
0.000301416
0.000301416
0.000301416
0.000301416
0.000301416
0.000301416
0.000301416
0.000301416
0.000301416
0.000301416
0.000301416
0.000301416
0.000301416
0.000301416
0.000301416
0.000301416
0.000301416
0.000301416
0.000301416
0.000301416
0.000301416
0.000301416
0.000301416
0.000301416
0.000301416
0.000301416
0.000301416
0.000301416
0.000301416
0.000301416
0.000301416
0.000301416
0.000301416
0.000301416
0.000301416
0.000301416
0.000301416
0.000301416
0.000301416
0.000301416
0.000301416
0.000301416
0.000301416
0.000301416
0.000301416
0.000301416
0.000301416
0.000301416
0.000301416
0.000301416
0.000301416
0.000301416
0.000301416
0.000301416
0.000301416
0.000301416
0.000301416
0.000301416
0.000301416
0.000301416
0.000301416
0.000301416
0.000301416
0.000301416
0.000301416
0.000301416
0.000301416
0.000301416
0.000301416
0.000301416
0.000301416
0.000301416
0.000301416
0.000301416
0.000301416
0.000301416
0.000301416
0.000302436
0.000302436
0.000302436
0.000302436
0.000302436
0.000302436
0.000302436
0.000302436
0.000302436
0.000302436
0.000302436
0.000302436
0.000302436
0.000302436
0.000302436
0.000302436
0.000302436
0.000302436
0.000302436
0.000302436
0.000302436
0.000302436
0.000302436
0.000302436
0.000302436
0.000302436
0.000302436
0.000302436
0.000302436
0.000302436
0.000302436
0.000302436
0.000302436
0.000302436
0.000302436
0.000302436
0.000302436
0.000302436
0.000302436
0.000302436
0.000302436
0.000302436
0.000302436
0.000302436
0.000302436
0.000302436
0.000302436
0.000302436
0.000302436
0.000302436
0.000302436
0.000302436
0.000302436
0.000302436
0.000302436
0.000302436
0.000302436
0.000302436
0.000302436
0.000302436
0.000302436
0.000302436
0.000302436
0.000302436
0.000302436
0.000302436
0.000302436
0.000302436
0.000302436
0.000302436
0.000302436
0.000302436
0.000302436
0.000302436
0.000302436
0.000302436
0.000302436
0.000302436
0.000302436
0.000302436
0.000302436
0.000302436
0.000302436
0.000302436
0.000302436
0.000302436
0.000302436
0.000302436
0.000302436
0.000302436
0.000302436
0.000302436
0.000302436
0.000302436
0.000302436
0.000302436
0.000302436
0.000302436
0.000302436
0.000302436
0.000300478
0.000300478
0.000300478
0.000300478
0.000300478
0.000300478
0.000300478
0.000300478
0.000300478
0.000300478
0.000300478
0.000300478
0.000300478
0.000300478
0.000300478
0.000300478
0.000300478
0.000300478
0.000300478
0.000300478
0.000300478
0.000300478
0.000300478
0.000300478
0.000300478
0.000300478
0.000300478
0.000300478
0.000300478
0.000300478
0.000300478
0.000300478
0.000300478
0.000300478
0.000300478
0.000300478
0.000300478
0.000300478
0.000300478
0.000300478
0.000300478
0.000300478
0.000300478
0.000300478
0.000300478
0.000300478
0.000300478
0.000300478
0.000300478
0.000300478
0.000300478
0.000300478
0.000300478
0.000300478
0.000300478
0.000300478
0.000300478
0.000300478
0.000300478
0.000300478
0.000300478
0.000300478
0.000300478
0.000300478
0.000300478
0.000300478
0.000300478
0.000300478
0.000300478
0.000300478
0.000300478
0.000300478
0.000300478
0.000300478
0.000300478
0.000300478
0.000300478
0.000300478
0.000300478
0.000300478
0.000300478
0.000300478
0.000300478
0.000300478
0.000300478
0.000300478
0.000300478
0.000300478
0.000300478
0.000300478
0.000300478
0.000300478
0.000300478
0.000300478
0.000300478
0.000300478
0.000300478
0.000300478
0.000300478
0.000300478
0.000302436
0.000302436
0.000302436
0.000302436
0.000302436
0.000302436
0.000302436
0.000302436
0.000302436
0.000302436
0.000302436
0.000302436
0.000302436
0.000302436
0.000302436
0.000302436
0.000302436
0.000302436
0.000302436
0.000302436
0.000302436
0.000302436
0.000302436
0.000302436
0.000302436
0.000302436
0.000302436
0.000302436
0.000302436
0.000302436
0.000302436
0.000302436
0.000302436
0.000302436
0.000302436
0.000302436
0.000302436
0.000302436
0.000302436
0.000302436
0.000302436
0.000302436
0.000302436
0.000302436
0.000302436
0.000302436
0.000302436
0.000302436
0.000302436
0.000302436
0.000302436
0.000302436
0.000302436
0.000302436
0.000302436
0.000302436
0.000302436
0.000302436
0.000302436
0.000302436
0.000302436
0.000302436
0.000302436
0.000302436
0.000302436
0.000302436
0.000302436
0.000302436
0.000302436
0.000302436
0.000302436
0.000302436
0.000302436
0.000302436
0.000302436
0.000302436
0.000302436
0.000302436
0.000302436
0.000302436
0.000302436
0.000302436
0.000302436
0.000302436
0.000302436
0.000302436
0.000302436
0.000302436
0.000302436
0.000302436
0.000302436
0.000302436
0.000302436
0.000302436
0.000302436
0.000302436
0.000302436
0.000302436
0.000302436
0.000302436
0.000301115
0.000301115
0.000301115
0.000301115
0.000301115
0.000301115
0.000301115
0.000301115
0.000301115
0.000301115
0.000301115
0.000301115
0.000301115
0.000301115
0.000301115
0.000301115
0.000301115
0.000301115
0.000301115
0.000301115
0.000301115
0.000301115
0.000301115
0.000301115
0.000301115
0.000301115
0.000301115
0.000301115
0.000301115
0.000301115
0.000301115
0.000301115
0.000301115
0.000301115
0.000301115
0.000301115
0.000301115
0.000301115
0.000301115
0.000301115
0.000301115
0.000301115
0.000301115
0.000301115
0.000301115
0.000301115
0.000301115
0.000301115
0.000301115
0.000301115
0.000301115
0.000301115
0.000301115
0.000301115
0.000301115
0.000301115
0.000301115
0.000301115
0.000301115
0.000301115
0.000301115
0.000301115
0.000301115
0.000301115
0.000301115
0.000301115
0.000301115
0.000301115
0.000301115
0.000301115
0.000301115
0.000301115
0.000301115
0.000301115
0.000301115
0.000301115
0.000301115
0.000301115
0.000301115
0.000301115
0.000301115
0.000301115
0.000301115
0.000301115
0.000301115
0.000301115
0.000301115
0.000301115
0.000301115
0.000301115
0.000301115
0.000301115
0.000301115
0.000301115
0.000301115
0.000301115
0.000301115
0.000301115
0.000301115
0.000301115
)
;
        source          uniform 0;
        Tnbr            T;
        kappaMethod     solidThermo;
        value           nonuniform List<scalar> 
500
(
352.201
352.209
352.212
352.214
352.215
352.215
352.214
352.212
352.209
352.201
350.655
350.668
350.676
350.681
350.682
350.682
350.68
350.676
350.668
350.655
349.18
349.194
349.203
349.209
349.211
349.211
349.209
349.203
349.194
349.18
347.805
347.82
347.829
347.835
347.838
347.838
347.836
347.83
347.82
347.805
346.56
346.575
346.585
346.591
346.594
346.594
346.592
346.586
346.576
346.561
345.475
345.489
345.5
345.505
345.508
345.508
345.506
345.5
345.49
345.475
344.572
344.587
344.597
344.603
344.605
344.605
344.602
344.596
344.586
344.571
343.871
343.886
343.896
343.902
343.905
343.904
343.902
343.895
343.885
343.87
343.388
343.404
343.414
343.42
343.423
343.423
343.42
343.414
343.403
343.387
343.134
343.15
343.161
343.167
343.17
343.17
343.167
343.161
343.15
343.133
352.201
352.215
352.221
352.225
352.226
352.226
352.226
352.225
352.223
352.219
350.656
350.682
350.695
350.704
350.708
350.71
350.709
350.707
350.702
350.695
349.181
349.211
349.23
349.241
349.247
349.251
349.251
349.248
349.242
349.232
347.806
347.839
347.86
347.873
347.88
347.885
347.886
347.883
347.877
347.865
346.562
346.595
346.617
346.631
346.64
346.645
346.647
346.645
346.639
346.627
345.476
345.509
345.531
345.547
345.556
345.563
345.566
345.564
345.559
345.548
344.572
344.605
344.629
344.645
344.656
344.663
344.667
344.666
344.662
344.652
343.871
343.904
343.929
343.947
343.959
343.968
343.972
343.972
343.968
343.96
343.388
343.423
343.451
343.471
343.484
343.492
343.497
343.498
343.494
343.487
343.134
343.17
343.203
343.225
343.239
343.248
343.254
343.254
343.25
343.243
352.22
352.224
352.225
352.225
352.225
352.225
352.224
352.224
352.223
352.221
350.694
350.699
350.702
350.703
350.703
350.702
350.702
350.701
350.699
350.694
349.228
349.235
349.239
349.241
349.241
349.24
349.24
349.238
349.235
349.23
347.861
347.869
347.873
347.876
347.877
347.876
347.875
347.872
347.869
347.863
346.623
346.631
346.637
346.64
346.641
346.64
346.638
346.635
346.632
346.626
345.544
345.552
345.558
345.562
345.563
345.562
345.559
345.556
345.553
345.547
344.648
344.656
344.662
344.666
344.667
344.666
344.663
344.66
344.657
344.651
343.955
343.964
343.97
343.973
343.974
343.973
343.971
343.968
343.964
343.959
343.482
343.49
343.496
343.5
343.501
343.5
343.498
343.495
343.492
343.486
343.238
343.246
343.252
343.256
343.258
343.257
343.255
343.252
343.249
343.243
352.201
352.215
352.221
352.225
352.226
352.226
352.226
352.225
352.222
352.219
350.656
350.682
350.696
350.704
350.708
350.709
350.709
350.706
350.702
350.694
349.181
349.211
349.23
349.241
349.247
349.25
349.25
349.247
349.241
349.23
347.806
347.838
347.859
347.872
347.88
347.884
347.885
347.882
347.875
347.863
346.561
346.594
346.616
346.63
346.639
346.645
346.646
346.643
346.637
346.625
345.475
345.508
345.53
345.546
345.556
345.562
345.564
345.562
345.556
345.545
344.573
344.605
344.628
344.644
344.655
344.662
344.665
344.664
344.658
344.649
343.872
343.905
343.929
343.947
343.959
343.967
343.97
343.969
343.964
343.956
343.389
343.423
343.45
343.469
343.483
343.491
343.495
343.494
343.489
343.482
343.135
343.169
343.201
343.223
343.237
343.247
343.251
343.249
343.245
343.237
343.135
343.169
343.201
343.222
343.237
343.246
343.25
343.249
343.245
343.237
343.151
343.185
343.211
343.231
343.244
343.253
343.258
343.257
343.253
343.246
343.162
343.195
343.219
343.238
343.25
343.258
343.262
343.262
343.259
343.253
343.168
343.201
343.224
343.242
343.254
343.261
343.265
343.265
343.263
343.257
343.171
343.204
343.225
343.243
343.254
343.262
343.266
343.267
343.265
343.259
343.171
343.204
343.226
343.242
343.254
343.262
343.267
343.268
343.265
343.258
343.168
343.202
343.224
343.241
343.253
343.261
343.266
343.266
343.264
343.256
343.162
343.196
343.22
343.238
343.25
343.258
343.263
343.263
343.261
343.253
343.151
343.186
343.213
343.233
343.246
343.254
343.259
343.26
343.257
343.25
343.134
343.17
343.203
343.224
343.238
343.248
343.253
343.254
343.25
343.243
)
;
    }
}


// ************************************************************************* //
