/*--------------------------------*- C++ -*----------------------------------*\
| =========                 |                                                 |
| \\      /  F ield         | OpenFOAM: The Open Source CFD Toolbox           |
|  \\    /   O peration     | Version:  2412                                  |
|   \\  /    A nd           | Website:  www.openfoam.com                      |
|    \\/     M anipulation  |                                                 |
\*---------------------------------------------------------------------------*/
FoamFile
{
    version     2.0;
    format      ascii;
    arch        "LSB;label=32;scalar=64";
    class       volScalarField;
    location    "4/solid";
    object      wallHeatFlux;
}
// * * * * * * * * * * * * * * * * * * * * * * * * * * * * * * * * * * * * * //

dimensions      [1 0 -3 0 0 0 0];

internalField   uniform 0;

boundaryField
{
    bodyBottom
    {
        type            calculated;
        value           nonuniform List<scalar> 
100
(
161950
160720
160105
159695
159695
159695
159695
160105
160720
161950
159900
159285
158875
158670
158465
158465
158670
158875
159285
159900
158875
158465
158055
158055
157850
157850
158055
158055
158465
158875
158260
157850
157645
157645
157440
157440
157645
157645
157850
158260
158055
157645
157440
157235
157235
157235
157235
157440
157645
158055
157850
157440
157235
157235
157235
157235
157235
157235
157440
157850
158055
157440
157235
157235
157235
157235
157235
157235
157440
157850
158055
157645
157440
157235
157235
157235
157235
157440
157645
158055
158465
157850
157645
157645
157440
157440
157645
157645
157850
158465
159080
158465
158260
158055
158055
158055
158260
158260
158465
159080
)
;
    }
    solid_to_fluid
    {
        type            calculated;
        value           nonuniform List<scalar> 
500
(
-1845
-1435
-1435
-1435
-1230
-1230
-1435
-1435
-1435
-1845
-2460
-2255
-1845
-1640
-1845
-1845
-1845
-1845
-2255
-2460
-2665
-2460
-2255
-2050
-2050
-2050
-2050
-2255
-2460
-2665
-2665
-2460
-2460
-2255
-2255
-2255
-2050
-2255
-2460
-2665
-2665
-2460
-2255
-2255
-2255
-2255
-2050
-2255
-2460
-2665
-2460
-2460
-2255
-2255
-2255
-2255
-2050
-2255
-2255
-2460
-2460
-2255
-2255
-2050
-2050
-2050
-2255
-2255
-2460
-2665
-2665
-2460
-2255
-2255
-2050
-2255
-2050
-2460
-2460
-2665
-2665
-2460
-2460
-2460
-2255
-2255
-2255
-2255
-2460
-2665
-2665
-2665
-2460
-2665
-2460
-2460
-2665
-2460
-2665
-2870
-1845
-1025
-820
-615
-615
-820
-820
-820
-820
-1025
-2255
-820
-820
-410
-410
-410
-615
-820
-1025
-1025
-2460
-1025
-615
-615
-615
-410
-615
-820
-820
-1025
-2460
-1025
-615
-410
-615
-615
-615
-820
-820
-1230
-2460
-1025
-615
-615
-615
-820
-820
-820
-820
-1230
-2255
-1025
-820
-615
-820
-615
-615
-820
-820
-1230
-2460
-1230
-615
-615
-615
-615
-615
-820
-820
-1025
-2460
-1230
-820
-615
-820
-615
-615
-820
-820
-1025
-2460
-1230
-820
-615
-615
-820
-820
-615
-820
-820
-2665
-1640
-1025
-820
-820
-820
-615
-820
-1025
-1025
-820
-615
-615
-820
-820
-820
-820
-820
-820
-615
-1025
-1025
-1025
-1025
-1230
-1230
-1230
-1230
-1025
-1230
-1435
-1435
-1230
-1435
-1435
-1640
-1435
-1435
-1435
-1435
-1435
-1230
-1435
-1435
-1435
-1640
-1435
-1640
-1435
-1640
-1640
-1435
-1230
-1230
-1230
-1435
-1640
-1640
-1435
-1435
-1435
-1230
-1230
-1025
-1025
-1230
-1435
-1435
-1435
-1435
-1230
-1230
-1025
-1025
-1025
-1025
-1435
-1435
-1230
-1230
-1230
-1025
-820
-1025
-1025
-1230
-1230
-1230
-1230
-1230
-1025
-1025
-820
-820
-1025
-1025
-1025
-1230
-1025
-1025
-1025
-1025
-1025
-1025
-1025
-1230
-1230
-1230
-1025
-1025
-1845
-1025
-820
-615
-615
-820
-615
-820
-1025
-1025
-2255
-1025
-615
-410
-410
-615
-615
-820
-820
-1025
-2460
-1025
-615
-615
-615
-615
-615
-820
-820
-1025
-2460
-1230
-820
-615
-615
-615
-615
-615
-820
-1025
-2460
-1230
-820
-820
-820
-615
-615
-820
-820
-1230
-2460
-1230
-820
-615
-615
-615
-820
-820
-820
-1230
-2255
-1230
-820
-820
-820
-820
-820
-615
-820
-1025
-2460
-1230
-820
-615
-615
-615
-820
-820
-820
-1025
-2460
-1230
-820
-820
-615
-820
-820
-820
-1025
-1025
-2460
-1845
-1025
-820
-820
-820
-820
-1025
-1025
-1230
-2460
-1845
-1025
-1025
-820
-1025
-1025
-1025
-1025
-1230
-2460
-1230
-820
-615
-820
-820
-615
-820
-820
-1025
-2255
-1025
-615
-615
-615
-615
-820
-615
-615
-820
-2460
-1025
-615
-410
-410
-615
-615
-820
-820
-820
-2255
-820
-820
-615
-615
-615
-615
-615
-615
-820
-2255
-820
-615
-820
-615
-615
-615
-615
-615
-1025
-2460
-820
-820
-615
-615
-615
-615
-820
-615
-1025
-2255
-1025
-820
-615
-615
-615
-615
-820
-615
-1025
-2460
-1025
-820
-615
-615
-615
-615
-615
-615
-820
-2665
-1640
-1025
-1025
-1025
-820
-820
-820
-1025
-1025
)
;
    }
}


// ************************************************************************* //
