/*--------------------------------*- C++ -*----------------------------------*\
| =========                 |                                                 |
| \\      /  F ield         | OpenFOAM: The Open Source CFD Toolbox           |
|  \\    /   O peration     | Version:  2412                                  |
|   \\  /    A nd           | Website:  www.openfoam.com                      |
|    \\/     M anipulation  |                                                 |
\*---------------------------------------------------------------------------*/
FoamFile
{
    version     2.0;
    format      ascii;
    arch        "LSB;label=32;scalar=64";
    class       volScalarField;
    location    "4.7/solid";
    object      T;
}
// * * * * * * * * * * * * * * * * * * * * * * * * * * * * * * * * * * * * * //

dimensions      [0 0 0 1 0 0 0];

internalField   nonuniform List<scalar> 
1000
(
352.437
352.446
352.451
352.454
352.456
352.457
352.457
352.456
352.455
352.452
352.443
352.45
352.454
352.457
352.458
352.459
352.459
352.459
352.457
352.455
352.446
352.452
352.455
352.458
352.459
352.46
352.46
352.46
352.459
352.456
352.447
352.453
352.456
352.458
352.459
352.46
352.46
352.46
352.459
352.457
352.448
352.453
352.457
352.458
352.46
352.46
352.461
352.46
352.459
352.457
352.448
352.453
352.457
352.458
352.46
352.46
352.461
352.46
352.459
352.457
352.447
352.453
352.456
352.458
352.459
352.46
352.46
352.46
352.459
352.456
352.446
352.452
352.455
352.458
352.459
352.46
352.46
352.459
352.458
352.456
352.443
352.45
352.454
352.457
352.458
352.459
352.459
352.458
352.457
352.454
352.437
352.446
352.451
352.454
352.456
352.457
352.456
352.456
352.454
352.451
351.341
351.361
351.373
351.381
351.385
351.388
351.388
351.387
351.384
351.378
351.353
351.367
351.378
351.384
351.389
351.391
351.391
351.39
351.388
351.383
351.359
351.372
351.381
351.387
351.391
351.393
351.393
351.393
351.39
351.385
351.363
351.375
351.383
351.388
351.392
351.394
351.395
351.394
351.391
351.387
351.365
351.376
351.384
351.389
351.392
351.395
351.395
351.394
351.392
351.387
351.365
351.376
351.384
351.389
351.393
351.395
351.395
351.394
351.392
351.387
351.363
351.375
351.383
351.388
351.392
351.394
351.395
351.394
351.391
351.386
351.359
351.372
351.381
351.387
351.391
351.393
351.393
351.392
351.389
351.384
351.353
351.367
351.378
351.384
351.388
351.391
351.391
351.39
351.386
351.381
351.341
351.36
351.373
351.381
351.385
351.387
351.387
351.385
351.381
351.375
350.297
350.321
350.338
350.35
350.356
350.36
350.361
350.359
350.355
350.348
350.31
350.329
350.344
350.354
350.36
350.364
350.365
350.364
350.36
350.353
350.319
350.335
350.348
350.357
350.363
350.366
350.367
350.366
350.363
350.356
350.324
350.339
350.351
350.359
350.365
350.368
350.369
350.368
350.365
350.358
350.326
350.341
350.352
350.36
350.365
350.369
350.37
350.369
350.365
350.358
350.326
350.341
350.352
350.36
350.365
350.369
350.37
350.369
350.365
350.358
350.324
350.339
350.351
350.359
350.365
350.368
350.369
350.368
350.364
350.357
350.319
350.336
350.348
350.357
350.363
350.366
350.367
350.365
350.361
350.354
350.311
350.33
350.344
350.354
350.36
350.363
350.364
350.362
350.358
350.35
350.297
350.321
350.338
350.349
350.356
350.359
350.36
350.358
350.352
350.343
349.325
349.352
349.372
349.385
349.394
349.398
349.4
349.398
349.393
349.384
349.34
349.361
349.377
349.39
349.398
349.402
349.404
349.403
349.398
349.39
349.349
349.367
349.382
349.393
349.401
349.405
349.407
349.406
349.402
349.394
349.355
349.372
349.385
349.396
349.403
349.407
349.409
349.408
349.404
349.396
349.357
349.374
349.387
349.397
349.404
349.408
349.41
349.409
349.405
349.397
349.357
349.374
349.387
349.397
349.404
349.408
349.41
349.409
349.405
349.397
349.355
349.372
349.386
349.396
349.403
349.407
349.409
349.408
349.403
349.395
349.35
349.368
349.383
349.393
349.401
349.405
349.407
349.405
349.4
349.392
349.34
349.361
349.378
349.39
349.397
349.402
349.403
349.401
349.396
349.387
349.326
349.352
349.372
349.385
349.393
349.398
349.399
349.396
349.39
349.38
348.447
348.474
348.495
348.51
348.52
348.526
348.528
348.527
348.522
348.512
348.461
348.483
348.501
348.515
348.524
348.53
348.532
348.531
348.527
348.519
348.471
348.49
348.506
348.519
348.527
348.533
348.535
348.535
348.531
348.523
348.477
348.495
348.51
348.522
348.53
348.535
348.538
348.537
348.533
348.525
348.48
348.497
348.512
348.523
348.531
348.536
348.539
348.538
348.534
348.526
348.48
348.497
348.512
348.523
348.531
348.536
348.539
348.538
348.534
348.526
348.477
348.496
348.51
348.522
348.53
348.535
348.538
348.537
348.532
348.524
348.472
348.491
348.507
348.519
348.528
348.533
348.535
348.534
348.529
348.521
348.462
348.484
348.502
348.515
348.524
348.53
348.532
348.53
348.525
348.516
348.447
348.474
348.495
348.51
348.52
348.525
348.527
348.525
348.518
348.508
347.68
347.708
347.73
347.746
347.757
347.764
347.767
347.766
347.761
347.752
347.695
347.717
347.736
347.751
347.761
347.768
347.771
347.77
347.766
347.759
347.705
347.725
347.741
347.755
347.765
347.771
347.774
347.774
347.77
347.763
347.711
347.729
347.745
347.758
347.768
347.774
347.777
347.776
347.773
347.766
347.714
347.732
347.747
347.76
347.769
347.775
347.778
347.777
347.774
347.766
347.714
347.732
347.747
347.76
347.769
347.775
347.778
347.777
347.773
347.766
347.711
347.73
347.746
347.759
347.768
347.774
347.777
347.776
347.772
347.764
347.705
347.725
347.742
347.756
347.765
347.771
347.774
347.773
347.769
347.761
347.695
347.718
347.737
347.751
347.761
347.768
347.77
347.769
347.764
347.756
347.681
347.708
347.73
347.746
347.756
347.763
347.766
347.764
347.758
347.748
347.043
347.071
347.093
347.111
347.123
347.13
347.134
347.133
347.129
347.121
347.057
347.08
347.1
347.116
347.127
347.135
347.138
347.138
347.135
347.128
347.067
347.088
347.105
347.12
347.131
347.138
347.142
347.142
347.139
347.132
347.074
347.092
347.109
347.123
347.134
347.141
347.144
347.144
347.141
347.135
347.076
347.095
347.111
347.125
347.135
347.142
347.145
347.145
347.142
347.135
347.076
347.095
347.111
347.125
347.135
347.142
347.145
347.145
347.142
347.135
347.074
347.093
347.11
347.123
347.134
347.141
347.144
347.144
347.14
347.133
347.068
347.088
347.106
347.12
347.131
347.138
347.141
347.141
347.137
347.13
347.057
347.08
347.1
347.116
347.127
347.134
347.138
347.137
347.132
347.124
347.043
347.071
347.093
347.11
347.122
347.129
347.133
347.132
347.126
347.116
346.547
346.576
346.6
346.619
346.632
346.64
346.645
346.644
346.641
346.634
346.562
346.586
346.607
346.624
346.636
346.645
346.649
346.649
346.646
346.64
346.572
346.593
346.612
346.628
346.64
346.648
346.652
346.652
346.65
346.644
346.578
346.598
346.616
346.632
346.643
346.651
346.655
346.655
346.653
346.647
346.581
346.601
346.618
346.633
346.644
346.652
346.656
346.656
346.653
346.647
346.581
346.601
346.618
346.633
346.644
346.652
346.656
346.656
346.653
346.647
346.578
346.598
346.617
346.632
346.643
346.651
346.655
346.655
346.651
346.645
346.572
346.593
346.612
346.628
346.64
346.648
346.652
346.651
346.648
346.641
346.561
346.585
346.606
346.623
346.636
346.644
346.648
346.647
346.643
346.636
346.546
346.575
346.599
346.618
346.631
346.639
346.643
346.642
346.637
346.628
346.203
346.234
346.26
346.281
346.295
346.305
346.309
346.309
346.306
346.3
346.219
346.245
346.268
346.287
346.3
346.309
346.314
346.314
346.311
346.306
346.23
346.253
346.274
346.292
346.304
346.313
346.317
346.318
346.315
346.31
346.236
346.259
346.279
346.295
346.307
346.316
346.32
346.32
346.318
346.312
346.239
346.261
346.281
346.297
346.309
346.317
346.321
346.322
346.319
346.313
346.239
346.261
346.281
346.297
346.309
346.317
346.321
346.322
346.318
346.312
346.236
346.259
346.279
346.296
346.308
346.316
346.32
346.32
346.317
346.31
346.229
346.253
346.275
346.292
346.305
346.313
346.317
346.317
346.313
346.306
346.219
346.245
346.268
346.287
346.3
346.308
346.313
346.312
346.308
346.301
346.203
346.233
346.26
346.281
346.294
346.303
346.307
346.307
346.301
346.292
346.019
346.052
346.083
346.106
346.122
346.131
346.136
346.136
346.133
346.127
346.036
346.066
346.092
346.113
346.127
346.137
346.142
346.142
346.139
346.133
346.047
346.076
346.099
346.119
346.132
346.141
346.146
346.146
346.143
346.138
346.054
346.082
346.104
346.122
346.135
346.144
346.148
346.149
346.146
346.14
346.057
346.084
346.107
346.124
346.137
346.145
346.149
346.15
346.147
346.14
346.057
346.085
346.107
346.125
346.137
346.145
346.15
346.15
346.146
346.139
346.054
346.082
346.106
346.123
346.136
346.144
346.148
346.148
346.144
346.136
346.047
346.076
346.101
346.12
346.133
346.141
346.145
346.144
346.14
346.132
346.036
346.066
346.093
346.113
346.127
346.136
346.14
346.14
346.135
346.126
346.019
346.052
346.083
346.106
346.12
346.13
346.134
346.133
346.127
346.118
)
;

boundaryField
{
    bodyBottom
    {
        type            fixedValue;
        value           uniform 353;
    }
    solid_to_fluid
    {
        type            compressible::turbulentTemperatureCoupledBaffleMixed;
        refValue        nonuniform List<scalar> 
500
(
323.226
327.893
329.917
331.092
331.682
331.696
331.115
329.942
327.919
323.263
312.551
317.369
321.338
323.465
324.411
324.425
323.497
321.37
317.399
312.58
307.742
311.45
314.579
316.248
316.99
317.006
316.268
314.597
311.465
307.755
306.517
309.831
312.556
313.945
314.544
314.554
313.956
312.565
309.837
306.523
306.183
309.397
311.993
313.281
313.835
313.841
313.287
311.996
309.399
306.185
306.256
309.509
312.136
313.42
313.972
313.976
313.421
312.135
309.506
306.255
306.239
309.463
312.093
313.355
313.894
313.897
313.354
312.089
309.458
306.236
305.73
308.732
311.208
312.366
312.848
312.847
312.359
311.197
308.722
305.724
304.393
306.9
309.002
309.969
310.363
310.356
309.951
308.977
306.878
304.378
302.643
304.473
306.035
306.728
306.994
306.983
306.702
306.001
304.441
302.619
324.234
338.077
340.909
343.69
342.456
342.107
341.215
340.176
338.858
337.135
315.656
337.564
341.883
343.885
343.244
342.75
341.682
340.426
339.073
337.026
311.412
334.506
340.882
342.55
342.017
341.702
340.702
339.631
338.335
334.802
310.139
333.514
339.741
340.965
340.566
340.617
339.736
338.94
337.488
332.23
309.685
332.839
338.451
339.562
339.121
339.361
338.573
337.991
336.437
330.856
309.624
332.326
337.536
338.605
338.189
338.498
337.78
337.257
335.75
330.455
309.517
331.502
336.897
337.869
337.518
337.746
337.063
336.447
335.18
330.371
309.065
330.166
336.665
337.581
337.367
337.282
336.672
335.848
334.59
330.392
308.028
327.204
336.14
336.997
337.091
336.614
336.072
335.105
333.214
330.069
306.446
319.304
332.328
334.977
334.839
335.471
334.674
333.084
331.522
328.475
343.139
343.936
343.466
343.039
342.872
342.902
343.095
343.343
343.415
342.015
338.571
339.412
338.584
337.974
337.939
338.284
338.823
339.329
339.498
337.561
332.247
332.781
331.456
330.66
331.076
331.993
333.031
333.844
333.831
331.894
327.443
328.003
326.985
326.763
327.671
328.669
329.593
330.237
330.045
328.04
325.461
326.436
326.132
326.511
327.686
328.723
329.521
329.906
329.359
327.084
325.537
326.771
326.812
327.334
328.493
329.546
330.32
330.614
329.869
327.413
326.578
327.827
327.935
328.397
329.435
330.44
331.19
331.442
330.596
328.064
328.658
329.668
329.537
329.706
330.457
331.294
331.961
332.198
331.347
328.87
331.307
331.709
331.02
330.679
330.976
331.537
332.078
332.369
331.698
329.525
332.801
332.196
330.744
329.831
329.661
329.934
330.386
330.854
330.605
329.141
324.181
338.036
340.862
343.702
342.444
342.132
341.253
340.273
339.25
338.349
315.613
337.556
341.992
344.11
343.603
343.21
342.285
341.174
340.092
338.635
311.395
334.691
341.305
343.205
342.866
342.65
341.829
340.879
339.715
336.414
310.135
333.838
340.354
341.859
341.672
341.769
340.951
340.105
338.569
333.16
309.687
333.245
339.146
340.512
340.223
340.421
339.657
338.966
337.185
331.015
309.629
332.769
338.315
339.626
339.352
339.594
338.905
338.279
336.532
330.537
309.522
331.961
337.852
339.161
339.016
339.222
338.604
337.937
336.477
331.103
309.069
330.56
337.854
339.355
339.458
339.543
339.009
338
336.604
332.407
308.03
327.123
336.828
338.665
339.366
339.325
338.841
338.174
336.616
333.266
306.447
319.014
330.92
335.449
336.211
336.694
337.074
336.749
334.997
332.007
306.649
320.49
333.606
335.241
335.25
335.911
335.824
335.095
333.71
331.416
308.38
329.671
337.424
338.655
338.548
338.541
338.141
337.27
336.3
334.181
309.593
332.491
337.074
338.39
338.27
338.321
338.266
337.877
337.439
334.595
310.159
333.426
336.362
337.757
338.251
338.335
338.393
338.274
337.943
334.265
310.387
334.283
336.554
338.043
338.608
338.722
338.641
338.33
337.6
333.661
310.346
334.125
337.417
339.101
339.55
339.45
338.96
338.109
336.885
333.115
310.085
333.68
338.394
340.177
340.094
339.622
338.865
337.765
335.977
332.564
309.486
332.189
338.501
339.812
339.549
339.168
338.469
337.263
335.129
331.697
308.255
328.052
335.707
337.327
337.441
337.555
337.253
336.292
334.179
330.336
306.527
319.29
329.61
332.548
333.205
334.003
333.939
333.102
331.431
328.317
)
;
        refGradient     uniform 0;
        valueFraction   nonuniform List<scalar> 
500
(
0.000301416
0.000301416
0.000301416
0.000301416
0.000301416
0.000301416
0.000301416
0.000301416
0.000301416
0.000301416
0.000301416
0.000301416
0.000301416
0.000301416
0.000301416
0.000301416
0.000301416
0.000301416
0.000301416
0.000301416
0.000301416
0.000301416
0.000301416
0.000301416
0.000301416
0.000301416
0.000301416
0.000301416
0.000301416
0.000301416
0.000301416
0.000301416
0.000301416
0.000301416
0.000301416
0.000301416
0.000301416
0.000301416
0.000301416
0.000301416
0.000301416
0.000301416
0.000301416
0.000301416
0.000301416
0.000301416
0.000301416
0.000301416
0.000301416
0.000301416
0.000301416
0.000301416
0.000301416
0.000301416
0.000301416
0.000301416
0.000301416
0.000301416
0.000301416
0.000301416
0.000301416
0.000301416
0.000301416
0.000301416
0.000301416
0.000301416
0.000301416
0.000301416
0.000301416
0.000301416
0.000301416
0.000301416
0.000301416
0.000301416
0.000301416
0.000301416
0.000301416
0.000301416
0.000301416
0.000301416
0.000301416
0.000301416
0.000301416
0.000301416
0.000301416
0.000301416
0.000301416
0.000301416
0.000301416
0.000301416
0.000301416
0.000301416
0.000301416
0.000301416
0.000301416
0.000301416
0.000301416
0.000301416
0.000301416
0.000301416
0.000302436
0.000302436
0.000302436
0.000302436
0.000302436
0.000302436
0.000302436
0.000302436
0.000302436
0.000302436
0.000302436
0.000302436
0.000302436
0.000302436
0.000302436
0.000302436
0.000302436
0.000302436
0.000302436
0.000302436
0.000302436
0.000302436
0.000302436
0.000302436
0.000302436
0.000302436
0.000302436
0.000302436
0.000302436
0.000302436
0.000302436
0.000302436
0.000302436
0.000302436
0.000302436
0.000302436
0.000302436
0.000302436
0.000302436
0.000302436
0.000302436
0.000302436
0.000302436
0.000302436
0.000302436
0.000302436
0.000302436
0.000302436
0.000302436
0.000302436
0.000302436
0.000302436
0.000302436
0.000302436
0.000302436
0.000302436
0.000302436
0.000302436
0.000302436
0.000302436
0.000302436
0.000302436
0.000302436
0.000302436
0.000302436
0.000302436
0.000302436
0.000302436
0.000302436
0.000302436
0.000302436
0.000302436
0.000302436
0.000302436
0.000302436
0.000302436
0.000302436
0.000302436
0.000302436
0.000302436
0.000302436
0.000302436
0.000302436
0.000302436
0.000302436
0.000302436
0.000302436
0.000302436
0.000302436
0.000302436
0.000302436
0.000302436
0.000302436
0.000302436
0.000302436
0.000302436
0.000302436
0.000302436
0.000302436
0.000302436
0.000300478
0.000300478
0.000300478
0.000300478
0.000300478
0.000300478
0.000300478
0.000300478
0.000300478
0.000300478
0.000300478
0.000300478
0.000300478
0.000300478
0.000300478
0.000300478
0.000300478
0.000300478
0.000300478
0.000300478
0.000300478
0.000300478
0.000300478
0.000300478
0.000300478
0.000300478
0.000300478
0.000300478
0.000300478
0.000300478
0.000300478
0.000300478
0.000300478
0.000300478
0.000300478
0.000300478
0.000300478
0.000300478
0.000300478
0.000300478
0.000300478
0.000300478
0.000300478
0.000300478
0.000300478
0.000300478
0.000300478
0.000300478
0.000300478
0.000300478
0.000300478
0.000300478
0.000300478
0.000300478
0.000300478
0.000300478
0.000300478
0.000300478
0.000300478
0.000300478
0.000300478
0.000300478
0.000300478
0.000300478
0.000300478
0.000300478
0.000300478
0.000300478
0.000300478
0.000300478
0.000300478
0.000300478
0.000300478
0.000300478
0.000300478
0.000300478
0.000300478
0.000300478
0.000300478
0.000300478
0.000300478
0.000300478
0.000300478
0.000300478
0.000300478
0.000300478
0.000300478
0.000300478
0.000300478
0.000300478
0.000300478
0.000300478
0.000300478
0.000300478
0.000300478
0.000300478
0.000300478
0.000300478
0.000300478
0.000300478
0.000302436
0.000302436
0.000302436
0.000302436
0.000302436
0.000302436
0.000302436
0.000302436
0.000302436
0.000302436
0.000302436
0.000302436
0.000302436
0.000302436
0.000302436
0.000302436
0.000302436
0.000302436
0.000302436
0.000302436
0.000302436
0.000302436
0.000302436
0.000302436
0.000302436
0.000302436
0.000302436
0.000302436
0.000302436
0.000302436
0.000302436
0.000302436
0.000302436
0.000302436
0.000302436
0.000302436
0.000302436
0.000302436
0.000302436
0.000302436
0.000302436
0.000302436
0.000302436
0.000302436
0.000302436
0.000302436
0.000302436
0.000302436
0.000302436
0.000302436
0.000302436
0.000302436
0.000302436
0.000302436
0.000302436
0.000302436
0.000302436
0.000302436
0.000302436
0.000302436
0.000302436
0.000302436
0.000302436
0.000302436
0.000302436
0.000302436
0.000302436
0.000302436
0.000302436
0.000302436
0.000302436
0.000302436
0.000302436
0.000302436
0.000302436
0.000302436
0.000302436
0.000302436
0.000302436
0.000302436
0.000302436
0.000302436
0.000302436
0.000302436
0.000302436
0.000302436
0.000302436
0.000302436
0.000302436
0.000302436
0.000302436
0.000302436
0.000302436
0.000302436
0.000302436
0.000302436
0.000302436
0.000302436
0.000302436
0.000302436
0.000301115
0.000301115
0.000301115
0.000301115
0.000301115
0.000301115
0.000301115
0.000301115
0.000301115
0.000301115
0.000301115
0.000301115
0.000301115
0.000301115
0.000301115
0.000301115
0.000301115
0.000301115
0.000301115
0.000301115
0.000301115
0.000301115
0.000301115
0.000301115
0.000301115
0.000301115
0.000301115
0.000301115
0.000301115
0.000301115
0.000301115
0.000301115
0.000301115
0.000301115
0.000301115
0.000301115
0.000301115
0.000301115
0.000301115
0.000301115
0.000301115
0.000301115
0.000301115
0.000301115
0.000301115
0.000301115
0.000301115
0.000301115
0.000301115
0.000301115
0.000301115
0.000301115
0.000301115
0.000301115
0.000301115
0.000301115
0.000301115
0.000301115
0.000301115
0.000301115
0.000301115
0.000301115
0.000301115
0.000301115
0.000301115
0.000301115
0.000301115
0.000301115
0.000301115
0.000301115
0.000301115
0.000301115
0.000301115
0.000301115
0.000301115
0.000301115
0.000301115
0.000301115
0.000301115
0.000301115
0.000301115
0.000301115
0.000301115
0.000301115
0.000301115
0.000301115
0.000301115
0.000301115
0.000301115
0.000301115
0.000301115
0.000301115
0.000301115
0.000301115
0.000301115
0.000301115
0.000301115
0.000301115
0.000301115
0.000301115
)
;
        source          uniform 0;
        Tnbr            T;
        kappaMethod     solidThermo;
        value           nonuniform List<scalar> 
500
(
352.428
352.435
352.439
352.441
352.442
352.442
352.441
352.439
352.435
352.428
351.329
351.342
351.35
351.355
351.357
351.357
351.355
351.35
351.342
351.329
350.284
350.298
350.308
350.314
350.316
350.316
350.314
350.308
350.299
350.284
349.312
349.327
349.337
349.344
349.346
349.347
349.344
349.338
349.328
349.312
348.434
348.449
348.459
348.466
348.469
348.469
348.466
348.46
348.45
348.434
347.667
347.683
347.694
347.7
347.703
347.703
347.7
347.694
347.683
347.668
347.03
347.045
347.056
347.063
347.066
347.066
347.063
347.056
347.046
347.03
346.534
346.55
346.561
346.567
346.57
346.57
346.567
346.56
346.549
346.533
346.19
346.207
346.218
346.225
346.228
346.227
346.224
346.218
346.206
346.19
346.005
346.023
346.034
346.041
346.045
346.045
346.042
346.034
346.022
346.005
352.428
352.442
352.448
352.452
352.453
352.453
352.453
352.452
352.45
352.446
351.33
351.356
351.37
351.378
351.382
351.384
351.384
351.382
351.378
351.371
350.285
350.316
350.335
350.347
350.353
350.357
350.357
350.354
350.348
350.338
349.313
349.347
349.368
349.382
349.39
349.395
349.396
349.393
349.386
349.374
348.435
348.469
348.492
348.507
348.516
348.522
348.524
348.521
348.514
348.502
347.669
347.703
347.726
347.743
347.753
347.76
347.762
347.76
347.754
347.742
347.031
347.065
347.09
347.107
347.118
347.126
347.129
347.128
347.122
347.111
346.534
346.57
346.596
346.614
346.627
346.636
346.639
346.638
346.632
346.622
346.191
346.227
346.256
346.277
346.291
346.3
346.304
346.303
346.297
346.287
346.006
346.043
346.078
346.101
346.116
346.126
346.13
346.128
346.122
346.112
352.449
352.453
352.454
352.454
352.454
352.454
352.454
352.453
352.452
352.448
351.374
351.379
351.381
351.382
351.383
351.383
351.382
351.38
351.377
351.371
350.342
350.347
350.35
350.352
350.352
350.352
350.351
350.349
350.345
350.338
349.377
349.384
349.387
349.389
349.39
349.39
349.389
349.386
349.381
349.373
348.505
348.511
348.515
348.518
348.519
348.519
348.518
348.515
348.509
348.501
347.745
347.752
347.756
347.759
347.76
347.76
347.759
347.755
347.75
347.741
347.114
347.121
347.126
347.128
347.13
347.129
347.128
347.124
347.119
347.11
346.628
346.634
346.638
346.641
346.642
346.641
346.64
346.636
346.63
346.622
346.295
346.301
346.305
346.307
346.308
346.307
346.305
346.301
346.295
346.287
346.122
346.128
346.132
346.134
346.134
346.133
346.131
346.127
346.121
346.112
352.428
352.442
352.448
352.452
352.453
352.453
352.453
352.452
352.451
352.448
351.33
351.356
351.37
351.379
351.383
351.385
351.385
351.383
351.38
351.374
350.285
350.316
350.335
350.347
350.354
350.357
350.358
350.356
350.352
350.343
349.313
349.347
349.369
349.382
349.391
349.396
349.397
349.395
349.39
349.379
348.435
348.469
348.492
348.507
348.517
348.523
348.525
348.523
348.518
348.506
347.668
347.703
347.726
347.743
347.754
347.761
347.764
347.762
347.757
347.746
347.031
347.065
347.09
347.108
347.12
347.127
347.131
347.13
347.125
347.116
346.535
346.57
346.597
346.616
346.629
346.638
346.642
346.641
346.637
346.629
346.191
346.227
346.257
346.278
346.293
346.302
346.306
346.306
346.302
346.295
346.006
346.044
346.078
346.102
346.118
346.128
346.133
346.133
346.129
346.122
346.007
346.044
346.079
346.102
346.118
346.128
346.133
346.132
346.128
346.121
346.024
346.06
346.089
346.11
346.124
346.134
346.139
346.139
346.135
346.129
346.035
346.071
346.096
346.116
346.129
346.138
346.142
346.143
346.14
346.133
346.043
346.077
346.101
346.119
346.132
346.141
346.145
346.145
346.143
346.135
346.046
346.08
346.103
346.121
346.134
346.142
346.146
346.147
346.144
346.136
346.046
346.08
346.104
346.122
346.134
346.143
346.147
346.147
346.143
346.134
346.043
346.078
346.102
346.121
346.133
346.142
346.145
346.145
346.14
346.132
346.036
346.071
346.098
346.117
346.13
346.138
346.142
346.141
346.136
346.127
346.024
346.06
346.089
346.11
346.124
346.133
346.137
346.136
346.13
346.121
346.006
346.043
346.077
346.101
346.116
346.125
346.13
346.128
346.122
346.112
)
;
    }
}


// ************************************************************************* //
