/*--------------------------------*- C++ -*----------------------------------*\
| =========                 |                                                 |
| \\      /  F ield         | OpenFOAM: The Open Source CFD Toolbox           |
|  \\    /   O peration     | Version:  2412                                  |
|   \\  /    A nd           | Website:  www.openfoam.com                      |
|    \\/     M anipulation  |                                                 |
\*---------------------------------------------------------------------------*/
FoamFile
{
    version     2.0;
    format      ascii;
    arch        "LSB;label=32;scalar=64";
    class       volScalarField;
    location    "4.7/solid";
    object      wallHeatFlux;
}
// * * * * * * * * * * * * * * * * * * * * * * * * * * * * * * * * * * * * * //

dimensions      [1 0 -3 0 0 0 0];

internalField   uniform 0;

boundaryField
{
    bodyBottom
    {
        type            calculated;
        value           nonuniform List<scalar> 
100
(
115415
114185
113570
113365
113160
113160
113365
113570
114185
115415
113570
112750
112340
112135
112135
112135
112135
112340
112750
113570
112545
111930
111725
111520
111315
111315
111520
111725
111930
112545
111930
111315
111110
111110
111110
111110
111110
111110
111315
111930
111520
111110
110905
110905
110700
110700
110905
110905
111110
111520
111315
110905
110700
110700
110700
110700
110700
110700
110905
111315
111315
110905
110700
110700
110495
110495
110700
110700
110905
111520
111520
110905
110700
110700
110700
110700
110700
110905
111110
111520
111725
111315
110905
110905
110905
110905
110905
111110
111315
111930
112340
111725
111520
111315
111315
111315
111520
111520
111930
112545
)
;
    }
    solid_to_fluid
    {
        type            calculated;
        value           nonuniform List<scalar> 
500
(
-1845
-1640
-1435
-1230
-1230
-1230
-1230
-1435
-1640
-1845
-2460
-2255
-1845
-1640
-1640
-1640
-1640
-1845
-2255
-2460
-2665
-2460
-2255
-2050
-2050
-2050
-2050
-2255
-2460
-2665
-2665
-2665
-2460
-2255
-2255
-2050
-2255
-2460
-2460
-2870
-2665
-2460
-2460
-2255
-2255
-2255
-2255
-2460
-2460
-2665
-2665
-2460
-2255
-2255
-2255
-2255
-2255
-2255
-2460
-2665
-2665
-2460
-2255
-2255
-2050
-2050
-2255
-2460
-2255
-2665
-2665
-2460
-2255
-2255
-2255
-2255
-2255
-2460
-2460
-2665
-2665
-2460
-2460
-2255
-2255
-2460
-2460
-2255
-2665
-2665
-2870
-2665
-2665
-2665
-2460
-2460
-2460
-2665
-2870
-2870
-1845
-820
-615
-410
-615
-820
-615
-820
-820
-1025
-2255
-820
-615
-615
-615
-615
-615
-615
-615
-820
-2460
-1025
-615
-410
-615
-410
-615
-820
-820
-1025
-2665
-1025
-820
-615
-615
-615
-615
-615
-820
-1230
-2460
-1025
-615
-615
-820
-615
-615
-820
-820
-1230
-2460
-1025
-820
-615
-615
-615
-820
-820
-820
-1230
-2460
-1230
-615
-615
-820
-615
-820
-820
-820
-1025
-2460
-1025
-615
-820
-820
-615
-820
-820
-1025
-1230
-2460
-1230
-820
-820
-615
-615
-615
-820
-820
-1025
-2665
-1845
-1025
-1025
-820
-820
-820
-1025
-1025
-1230
-615
-410
-410
-615
-615
-615
-410
-615
-410
-615
-820
-820
-820
-1025
-820
-820
-820
-820
-820
-820
-1230
-1230
-1230
-1230
-1230
-1230
-1230
-1025
-1025
-1025
-1435
-1230
-1435
-1435
-1435
-1435
-1230
-1230
-1230
-1435
-1435
-1640
-1640
-1435
-1435
-1435
-1230
-1230
-1435
-1435
-1435
-1435
-1435
-1435
-1230
-1230
-1025
-1230
-1230
-1435
-1435
-1435
-1230
-1435
-1025
-1230
-1025
-1230
-1025
-1230
-1230
-1230
-1230
-1230
-1025
-1230
-1025
-1025
-1230
-1230
-1025
-1025
-1025
-1025
-1025
-1025
-1025
-1025
-1230
-1025
-1025
-1025
-1230
-1230
-1230
-1230
-1025
-1025
-1025
-1230
-1845
-820
-615
-410
-615
-820
-820
-820
-820
-820
-2255
-1025
-615
-410
-410
-615
-615
-820
-820
-820
-2460
-1025
-615
-615
-410
-615
-615
-615
-615
-1025
-2460
-1025
-615
-615
-615
-410
-615
-615
-615
-1025
-2460
-1025
-615
-615
-615
-615
-615
-820
-820
-1230
-2460
-1025
-820
-615
-615
-615
-615
-820
-820
-1230
-2460
-1230
-615
-615
-615
-615
-615
-615
-820
-1025
-2460
-1230
-615
-615
-615
-410
-615
-615
-820
-1025
-2460
-1435
-615
-615
-410
-615
-615
-615
-820
-1025
-2665
-1640
-1025
-820
-820
-615
-615
-615
-820
-1025
-2460
-1640
-820
-820
-820
-615
-615
-820
-1025
-1230
-2460
-1230
-615
-615
-615
-615
-615
-615
-820
-820
-2460
-1025
-615
-615
-615
-615
-820
-615
-615
-1025
-2255
-1025
-615
-615
-615
-615
-615
-820
-615
-1025
-2255
-820
-820
-615
-615
-615
-615
-615
-615
-820
-2255
-1025
-615
-615
-615
-410
-615
-615
-615
-1025
-2255
-820
-820
-410
-615
-410
-615
-615
-820
-820
-2255
-1025
-615
-615
-615
-615
-615
-615
-820
-1025
-2460
-1230
-820
-615
-615
-615
-615
-820
-1025
-1025
-2665
-1845
-1230
-1025
-820
-1025
-820
-1025
-1025
-1230
)
;
    }
}


// ************************************************************************* //
