/*--------------------------------*- C++ -*----------------------------------*\
| =========                 |                                                 |
| \\      /  F ield         | OpenFOAM: The Open Source CFD Toolbox           |
|  \\    /   O peration     | Version:  2412                                  |
|   \\  /    A nd           | Website:  www.openfoam.com                      |
|    \\/     M anipulation  |                                                 |
\*---------------------------------------------------------------------------*/
FoamFile
{
    version     2.0;
    format      ascii;
    arch        "LSB;label=32;scalar=64";
    class       volScalarField;
    location    "1.1/fluid";
    object      wallHeatFlux;
}
// * * * * * * * * * * * * * * * * * * * * * * * * * * * * * * * * * * * * * //

dimensions      [1 0 -3 0 0 0 0];

internalField   uniform 0;

boundaryField
{
    inlet
    {
        type            calculated;
        value           uniform 0;
    }
    outlet
    {
        type            calculated;
        value           uniform 0;
    }
    walls
    {
        type            calculated;
        value           uniform 0;
    }
    fluid_to_solid
    {
        type            calculated;
        value           nonuniform List<scalar> 
500
(
1850.8
1606.41
1501.58
1439.16
1408.25
1408.19
1439.22
1501.65
1606.41
1850.8
2118.5
1892.03
1705.55
1605.55
1561.72
1561.66
1605.49
1705.62
1892.03
2118.5
2023.68
1867.68
1736.46
1666.86
1636.7
1636.7
1666.86
1736.52
1867.68
2023.68
1766.19
1640.53
1537.62
1485.64
1463.76
1463.76
1485.7
1537.74
1640.72
1766.25
1500.22
1390.58
1302.13
1258.55
1240.19
1240.19
1258.61
1302.31
1390.7
1500.29
1267.89
1171.53
1093.71
1056
1040.12
1040.12
1056.07
1093.77
1171.59
1267.82
1072.32
986.531
916.069
882.198
867.858
867.858
882.198
916.131
986.47
1072.26
935.724
862.728
801.661
772.673
760.558
760.496
772.549
801.537
862.481
935.539
865.571
808.584
759.816
736.7
727.058
727.058
736.576
759.693
808.398
865.324
852.283
812.354
777.247
761.114
754.563
754.624
761.114
777.308
812.23
852.221
1776.51
928.224
752.713
571.93
656.833
684.865
757.612
843.259
932.255
1013.25
1955.43
763.628
492.113
361.813
396.667
430.839
504.889
603.746
711.037
879.354
1859.55
745.767
396.853
287.888
306.927
326.029
383.644
464.887
574.225
852.872
1624.87
630.413
338.432
257.809
263.701
265.127
305.439
362.558
465.88
761.706
1381.14
520.828
303.33
241.746
248.196
239.018
268.166
302.71
389.287
637.359
1168.61
434.498
266.74
221.218
229.219
222.273
243.235
263.577
324.478
511.959
987.327
370
233.622
205.466
213.094
208.877
226.738
241.746
274.058
404.048
858.888
337.564
201.807
182.395
189.775
195.667
209.745
225.498
245.716
322.866
789.614
364.356
194.116
177.744
180.783
192.628
201.435
215.823
242.367
282.554
778.389
515.556
273.996
209.621
218.055
207.326
216.381
239.328
260.228
294.648
775.196
754.124
774.457
786.103
789.738
789.676
786.103
774.395
754.062
775.135
1091.9
1038.91
1053.39
1073.79
1088.15
1088.08
1073.73
1053.27
1038.73
1091.78
1203.86
1152.6
1150.19
1139.23
1116.12
1116.12
1139.23
1150.13
1152.47
1203.74
1039.04
979.085
948.708
898.861
841.249
841.249
898.861
948.708
979.024
1038.91
832.192
765.03
717.832
648.698
575.128
575.128
648.759
717.77
764.968
832.13
639.948
570.691
513.696
436.368
359.101
359.039
436.244
513.573
570.63
639.948
476.911
410.181
351.029
275.672
210.728
210.667
275.61
350.844
410.057
476.911
350.043
290.83
237.839
173.45
128.902
128.902
173.389
237.716
290.768
350.105
265.012
219.231
179.612
131.736
95.1358
95.0742
131.674
179.489
219.231
265.074
238.024
209.373
188.485
155.52
117.256
117.256
155.397
188.423
209.434
238.024
1776.51
928.224
752.713
571.93
656.895
684.865
757.612
843.259
932.255
1013.25
1955.49
763.69
492.113
361.875
396.729
430.839
504.951
603.746
711.099
879.416
1859.55
745.829
396.916
288.012
307.051
326.029
383.644
464.887
574.287
853.12
1624.87
630.351
338.37
257.871
263.763
265.189
305.501
362.62
465.942
761.83
1381.08
520.828
303.206
241.684
248.196
239.08
268.166
302.71
389.287
637.484
1168.61
434.498
266.678
221.156
229.281
222.273
243.235
263.577
324.354
512.021
987.389
370
233.622
205.404
213.156
209.001
226.8
241.684
273.996
404.048
859.136
337.688
201.931
182.457
189.837
195.729
209.745
225.436
245.591
322.866
789.862
364.48
194.116
177.682
180.845
192.752
201.497
215.761
242.243
282.492
778.513
515.494
273.872
209.497
218.055
207.388
216.443
239.328
260.042
294.586
779.928
528.679
326.581
273.725
267.18
254.028
250.817
258.659
274.528
311.02
743.93
350.6
210.805
182.895
183.821
183.019
185.427
195.183
218.647
264.401
717.626
271.564
171.287
142.759
145.291
150.107
157.826
169.99
192.404
225.933
704.412
239.579
179.931
145.044
139.055
137.264
142.265
150.354
161.222
184.439
698.113
205.556
190.613
158.134
144.365
136.276
134.177
133.93
133.127
145.538
698.113
205.68
190.675
158.258
144.365
136.338
134.238
133.991
133.127
145.538
704.412
239.764
180.116
145.168
139.116
137.326
142.451
150.54
161.284
184.439
717.564
271.626
171.472
142.883
145.415
149.984
157.764
169.928
192.404
225.871
743.868
350.539
210.928
183.019
183.821
182.895
185.303
195.183
218.708
264.401
779.805
528.679
326.704
273.787
267.18
253.966
250.817
258.721
274.713
311.144
)
;
    }
}


// ************************************************************************* //
