/*--------------------------------*- C++ -*----------------------------------*\
| =========                 |                                                 |
| \\      /  F ield         | OpenFOAM: The Open Source CFD Toolbox           |
|  \\    /   O peration     | Version:  2412                                  |
|   \\  /    A nd           | Website:  www.openfoam.com                      |
|    \\/     M anipulation  |                                                 |
\*---------------------------------------------------------------------------*/
FoamFile
{
    version     2.0;
    format      ascii;
    arch        "LSB;label=32;scalar=64";
    class       volScalarField;
    location    "2/solid";
    object      T;
}
// * * * * * * * * * * * * * * * * * * * * * * * * * * * * * * * * * * * * * //

dimensions      [0 0 0 1 0 0 0];

internalField   nonuniform List<scalar> 
1000
(
350.848
350.857
350.862
350.864
350.865
350.866
350.865
350.865
350.863
350.86
350.854
350.861
350.864
350.866
350.867
350.868
350.868
350.867
350.866
350.863
350.856
350.862
350.865
350.867
350.868
350.868
350.868
350.868
350.867
350.864
350.858
350.863
350.866
350.867
350.868
350.869
350.869
350.868
350.867
350.864
350.858
350.863
350.866
350.867
350.868
350.869
350.869
350.868
350.867
350.865
350.858
350.863
350.866
350.867
350.868
350.869
350.869
350.868
350.867
350.865
350.858
350.863
350.866
350.867
350.868
350.869
350.869
350.868
350.867
350.864
350.856
350.862
350.865
350.867
350.868
350.868
350.868
350.868
350.867
350.864
350.854
350.86
350.864
350.866
350.867
350.868
350.868
350.867
350.866
350.863
350.848
350.857
350.861
350.864
350.865
350.866
350.865
350.865
350.863
350.86
346.615
346.633
346.644
346.65
346.653
346.654
346.654
346.652
346.648
346.641
346.626
346.639
346.647
346.653
346.655
346.657
346.657
346.655
346.652
346.646
346.631
346.642
346.649
346.654
346.656
346.658
346.658
346.657
346.654
346.648
346.634
346.645
346.651
346.655
346.657
346.659
346.659
346.658
346.656
346.65
346.635
346.645
346.652
346.655
346.657
346.659
346.659
346.659
346.656
346.65
346.635
346.645
346.651
346.655
346.657
346.659
346.659
346.659
346.656
346.65
346.634
346.644
346.651
346.655
346.657
346.659
346.659
346.658
346.655
346.65
346.631
346.642
346.649
346.654
346.657
346.658
346.658
346.657
346.654
346.648
346.625
346.638
346.647
346.652
346.655
346.656
346.657
346.655
346.652
346.646
346.615
346.632
346.643
346.649
346.652
346.654
346.654
346.652
346.648
346.641
342.552
342.572
342.586
342.595
342.599
342.601
342.602
342.599
342.594
342.585
342.563
342.579
342.59
342.598
342.602
342.604
342.604
342.602
342.598
342.59
342.569
342.583
342.592
342.599
342.603
342.605
342.605
342.604
342.6
342.593
342.574
342.586
342.595
342.6
342.604
342.606
342.607
342.606
342.603
342.596
342.575
342.587
342.595
342.601
342.604
342.606
342.607
342.606
342.603
342.596
342.575
342.587
342.595
342.6
342.604
342.606
342.607
342.606
342.603
342.596
342.573
342.586
342.594
342.6
342.603
342.606
342.607
342.606
342.602
342.596
342.57
342.583
342.592
342.599
342.602
342.605
342.605
342.604
342.6
342.593
342.563
342.579
342.589
342.596
342.601
342.603
342.604
342.602
342.598
342.59
342.552
342.572
342.585
342.593
342.598
342.601
342.601
342.599
342.594
342.585
338.753
338.774
338.788
338.798
338.803
338.806
338.807
338.805
338.799
338.79
338.763
338.78
338.792
338.801
338.805
338.808
338.81
338.808
338.803
338.795
338.77
338.784
338.794
338.802
338.806
338.809
338.811
338.809
338.805
338.799
338.774
338.787
338.797
338.803
338.807
338.81
338.812
338.811
338.808
338.801
338.776
338.788
338.798
338.804
338.808
338.81
338.812
338.812
338.809
338.802
338.776
338.788
338.797
338.804
338.807
338.81
338.812
338.812
338.808
338.802
338.775
338.788
338.797
338.804
338.808
338.81
338.812
338.811
338.808
338.801
338.771
338.785
338.796
338.803
338.807
338.809
338.81
338.809
338.805
338.799
338.765
338.781
338.793
338.8
338.805
338.808
338.809
338.807
338.803
338.795
338.753
338.774
338.788
338.797
338.802
338.805
338.807
338.805
338.799
338.79
335.307
335.327
335.342
335.352
335.357
335.361
335.363
335.361
335.356
335.348
335.317
335.333
335.346
335.355
335.36
335.363
335.365
335.364
335.359
335.353
335.324
335.337
335.348
335.356
335.361
335.364
335.366
335.365
335.362
335.356
335.328
335.34
335.35
335.357
335.362
335.365
335.367
335.367
335.365
335.359
335.329
335.341
335.351
335.358
335.362
335.365
335.367
335.367
335.365
335.36
335.329
335.342
335.351
335.358
335.362
335.365
335.368
335.367
335.365
335.36
335.329
335.342
335.351
335.358
335.362
335.365
335.367
335.367
335.364
335.359
335.325
335.339
335.35
335.357
335.361
335.364
335.365
335.365
335.362
335.356
335.319
335.335
335.347
335.355
335.36
335.363
335.365
335.363
335.36
335.353
335.308
335.328
335.343
335.352
335.357
335.36
335.362
335.361
335.356
335.348
332.3
332.319
332.332
332.342
332.349
332.353
332.355
332.353
332.349
332.343
332.31
332.325
332.336
332.345
332.351
332.355
332.357
332.356
332.353
332.348
332.316
332.329
332.338
332.347
332.353
332.357
332.358
332.358
332.357
332.352
332.319
332.331
332.34
332.348
332.353
332.357
332.359
332.359
332.359
332.354
332.319
332.331
332.34
332.348
332.353
332.357
332.359
332.359
332.359
332.355
332.32
332.332
332.341
332.348
332.353
332.357
332.36
332.36
332.358
332.354
332.32
332.332
332.342
332.349
332.353
332.357
332.36
332.36
332.357
332.353
332.317
332.33
332.34
332.348
332.352
332.355
332.358
332.357
332.355
332.35
332.31
332.326
332.337
332.346
332.35
332.354
332.356
332.356
332.354
332.348
332.3
332.319
332.333
332.343
332.348
332.352
332.355
332.354
332.351
332.344
329.803
329.82
329.833
329.843
329.85
329.854
329.857
329.856
329.853
329.848
329.812
329.826
329.837
329.846
329.852
329.857
329.859
329.858
329.857
329.853
329.817
329.829
329.838
329.848
329.854
329.858
329.86
329.86
329.86
329.857
329.82
329.831
329.84
329.849
329.855
329.859
329.861
329.862
329.862
329.859
329.82
329.831
329.84
329.849
329.854
329.858
329.861
329.862
329.862
329.859
329.82
329.831
329.84
329.848
329.853
329.858
329.861
329.862
329.861
329.859
329.82
329.831
329.841
329.848
329.853
329.858
329.862
329.862
329.86
329.857
329.817
329.829
329.839
329.847
329.852
329.856
329.86
329.86
329.858
329.855
329.811
329.825
329.837
329.845
329.85
329.855
329.858
329.859
329.858
329.853
329.801
329.82
329.833
329.842
329.848
329.853
329.857
329.857
329.855
329.849
327.872
327.889
327.902
327.912
327.919
327.925
327.928
327.927
327.925
327.921
327.881
327.895
327.905
327.915
327.922
327.927
327.93
327.929
327.929
327.926
327.886
327.898
327.907
327.917
327.924
327.929
327.931
327.931
327.932
327.93
327.889
327.899
327.909
327.919
327.925
327.929
327.932
327.933
327.934
327.932
327.888
327.899
327.909
327.918
327.923
327.928
327.931
327.933
327.933
327.931
327.887
327.898
327.908
327.917
327.923
327.928
327.932
327.933
327.933
327.931
327.887
327.898
327.909
327.918
327.923
327.928
327.932
327.933
327.932
327.929
327.884
327.896
327.907
327.916
327.922
327.926
327.93
327.93
327.93
327.927
327.878
327.893
327.904
327.914
327.92
327.925
327.929
327.93
327.93
327.926
327.869
327.887
327.9
327.911
327.917
327.923
327.928
327.929
327.927
327.923
326.555
326.572
326.586
326.597
326.605
326.61
326.614
326.613
326.611
326.609
326.564
326.578
326.589
326.6
326.608
326.613
326.617
326.616
326.615
326.613
326.569
326.581
326.592
326.603
326.61
326.615
326.618
326.617
326.618
326.617
326.571
326.583
326.594
326.604
326.61
326.615
326.618
326.619
326.62
326.619
326.571
326.583
326.594
326.604
326.609
326.614
326.617
326.619
326.62
326.618
326.57
326.583
326.595
326.604
326.609
326.614
326.618
326.62
326.62
326.618
326.57
326.583
326.595
326.605
326.61
326.614
326.618
326.619
326.619
326.616
326.567
326.581
326.594
326.603
326.609
326.613
326.616
326.617
326.617
326.615
326.561
326.577
326.59
326.601
326.607
326.611
326.615
326.617
326.617
326.614
326.552
326.57
326.586
326.597
326.604
326.609
326.614
326.615
326.614
326.61
325.882
325.9
325.916
325.928
325.937
325.943
325.947
325.946
325.944
325.942
325.891
325.908
325.921
325.932
325.941
325.946
325.95
325.95
325.948
325.946
325.897
325.912
325.924
325.936
325.943
325.948
325.952
325.951
325.951
325.95
325.899
325.914
325.927
325.938
325.944
325.949
325.952
325.952
325.954
325.952
325.899
325.914
325.927
325.937
325.943
325.948
325.951
325.953
325.954
325.952
325.899
325.915
325.928
325.937
325.943
325.948
325.952
325.953
325.953
325.951
325.899
325.916
325.929
325.938
325.944
325.948
325.952
325.953
325.952
325.95
325.896
325.913
325.927
325.937
325.943
325.946
325.949
325.951
325.951
325.948
325.89
325.908
325.923
325.934
325.94
325.944
325.949
325.951
325.95
325.947
325.88
325.9
325.918
325.93
325.937
325.942
325.947
325.948
325.947
325.943
)
;

boundaryField
{
    bodyBottom
    {
        type            fixedValue;
        value           uniform 353;
    }
    solid_to_fluid
    {
        type            compressible::turbulentTemperatureCoupledBaffleMixed;
        refValue        nonuniform List<scalar> 
500
(
321.257
325.527
327.37
328.452
328.987
328.987
328.451
327.37
325.527
321.257
310.327
314.513
317.956
319.8
320.602
320.602
319.799
317.956
314.512
310.326
305.414
308.471
311.045
312.412
313.007
313.007
312.412
311.045
308.471
305.414
303.811
306.417
308.555
309.639
310.097
310.097
309.639
308.555
306.417
303.811
303.012
305.425
307.372
308.334
308.741
308.741
308.334
307.372
305.425
303.012
302.491
304.796
306.656
307.561
307.943
307.943
307.561
306.656
304.796
302.491
302.06
304.253
306.044
306.903
307.264
307.264
306.902
306.043
304.252
302.06
301.387
303.363
305
305.768
306.085
306.084
305.767
304.999
303.362
301.386
300.289
301.902
303.263
303.896
304.155
304.154
303.896
303.262
301.901
300.288
299.061
300.224
301.227
301.679
301.856
301.856
301.679
301.227
300.224
299.061
322.411
336.179
339.013
341.866
340.551
340.104
339.003
337.728
336.381
335.165
313.223
333.693
338.06
340.117
339.543
339.008
337.824
336.334
334.745
332.381
308.58
328.936
334.928
336.684
336.301
335.975
334.973
333.675
331.983
327.482
306.748
326.197
331.615
332.931
332.725
332.726
331.907
330.916
329.158
323.748
305.687
323.839
328.308
329.403
329.154
329.302
328.659
327.998
326.357
321.332
304.921
321.756
325.55
326.472
326.207
326.358
325.825
325.354
324.004
319.675
304.312
319.763
323.341
324.042
323.815
323.939
323.441
323.001
322.075
318.536
303.582
317.758
321.829
322.432
322.272
322.175
321.755
321.236
320.477
317.829
302.605
314.996
320.474
321.058
321.074
320.748
320.449
319.944
318.942
317.276
301.432
309.457
317.279
319.3
319.099
319.514
319.271
318.451
317.6
316.181
339.126
339.598
339.273
339.042
339.006
339.012
339.05
339.284
339.614
339.147
329.647
330.612
330.296
329.872
329.734
329.746
329.884
330.314
330.64
329.682
321.734
322.666
322.521
322.519
322.987
322.996
322.524
322.533
322.691
321.767
318.511
319.646
320.076
320.941
322.272
322.276
320.943
320.082
319.666
318.539
317.278
318.623
319.402
320.738
322.498
322.501
320.741
319.408
318.643
317.304
316.56
318.019
319.052
320.687
322.645
322.649
320.692
319.062
318.041
316.586
316.259
317.747
318.901
320.627
322.52
322.526
320.636
318.917
317.773
316.287
316.36
317.758
318.848
320.442
321.971
321.98
320.453
318.869
317.787
316.389
316.791
317.892
318.67
319.917
321.293
321.308
319.932
318.693
317.922
316.821
316.933
317.491
317.718
318.518
319.723
319.742
318.538
317.742
317.517
316.959
322.412
336.18
339.014
341.867
340.553
340.105
339.002
337.726
336.379
335.158
313.224
333.695
338.061
340.117
339.542
339.005
337.82
336.328
334.736
332.362
308.58
328.936
334.928
336.682
336.298
335.97
334.966
333.666
331.969
327.451
306.748
326.196
331.614
332.928
332.72
332.721
331.9
330.906
329.14
323.716
305.687
323.838
328.306
329.4
329.15
329.296
328.652
327.988
326.341
321.303
304.921
321.755
325.548
326.469
326.204
326.354
325.818
325.345
323.988
319.65
304.313
319.763
323.34
324.04
323.812
323.935
323.435
322.993
322.062
318.513
303.583
317.759
321.828
322.43
322.268
322.171
321.749
321.228
320.467
317.807
302.605
314.998
320.473
321.054
321.069
320.741
320.44
319.93
318.928
317.259
301.432
309.46
317.286
319.298
319.096
319.512
319.261
318.44
317.59
316.164
301.439
309.528
316.21
317.776
317.992
318.442
318.548
318.207
317.507
315.974
302.527
315.157
319.815
320.762
320.741
320.763
320.645
320.212
319.241
317.398
303.306
317.565
320.973
321.955
321.89
321.709
321.401
320.888
319.947
318.454
303.687
318.481
320.64
321.7
321.873
321.894
321.691
321.297
320.772
319.342
303.858
319.263
320.246
321.198
321.578
321.763
321.764
321.676
321.53
320.363
303.858
319.266
320.246
321.196
321.577
321.764
321.767
321.681
321.538
320.379
303.687
318.48
320.636
321.693
321.867
321.888
321.689
321.297
320.778
319.357
303.307
317.567
320.972
321.956
321.891
321.709
321.402
320.891
319.952
318.47
302.527
315.163
319.824
320.77
320.747
320.767
320.65
320.218
319.249
317.412
301.439
309.533
316.226
317.785
317.996
318.445
318.553
318.215
317.516
315.985
)
;
        refGradient     uniform 0;
        valueFraction   nonuniform List<scalar> 
500
(
0.000301416
0.000301416
0.000301416
0.000301416
0.000301416
0.000301416
0.000301416
0.000301416
0.000301416
0.000301416
0.000301416
0.000301416
0.000301416
0.000301416
0.000301416
0.000301416
0.000301416
0.000301416
0.000301416
0.000301416
0.000301416
0.000301416
0.000301416
0.000301416
0.000301416
0.000301416
0.000301416
0.000301416
0.000301416
0.000301416
0.000301416
0.000301416
0.000301416
0.000301416
0.000301416
0.000301416
0.000301416
0.000301416
0.000301416
0.000301416
0.000301416
0.000301416
0.000301416
0.000301416
0.000301416
0.000301416
0.000301416
0.000301416
0.000301416
0.000301416
0.000301416
0.000301416
0.000301416
0.000301416
0.000301416
0.000301416
0.000301416
0.000301416
0.000301416
0.000301416
0.000301416
0.000301416
0.000301416
0.000301416
0.000301416
0.000301416
0.000301416
0.000301416
0.000301416
0.000301416
0.000301416
0.000301416
0.000301416
0.000301416
0.000301416
0.000301416
0.000301416
0.000301416
0.000301416
0.000301416
0.000301416
0.000301416
0.000301416
0.000301416
0.000301416
0.000301416
0.000301416
0.000301416
0.000301416
0.000301416
0.000301416
0.000301416
0.000301416
0.000301416
0.000301416
0.000301416
0.000301416
0.000301416
0.000301416
0.000301416
0.000302436
0.000302436
0.000302436
0.000302436
0.000302436
0.000302436
0.000302436
0.000302436
0.000302436
0.000302436
0.000302436
0.000302436
0.000302436
0.000302436
0.000302436
0.000302436
0.000302436
0.000302436
0.000302436
0.000302436
0.000302436
0.000302436
0.000302436
0.000302436
0.000302436
0.000302436
0.000302436
0.000302436
0.000302436
0.000302436
0.000302436
0.000302436
0.000302436
0.000302436
0.000302436
0.000302436
0.000302436
0.000302436
0.000302436
0.000302436
0.000302436
0.000302436
0.000302436
0.000302436
0.000302436
0.000302436
0.000302436
0.000302436
0.000302436
0.000302436
0.000302436
0.000302436
0.000302436
0.000302436
0.000302436
0.000302436
0.000302436
0.000302436
0.000302436
0.000302436
0.000302436
0.000302436
0.000302436
0.000302436
0.000302436
0.000302436
0.000302436
0.000302436
0.000302436
0.000302436
0.000302436
0.000302436
0.000302436
0.000302436
0.000302436
0.000302436
0.000302436
0.000302436
0.000302436
0.000302436
0.000302436
0.000302436
0.000302436
0.000302436
0.000302436
0.000302436
0.000302436
0.000302436
0.000302436
0.000302436
0.000302436
0.000302436
0.000302436
0.000302436
0.000302436
0.000302436
0.000302436
0.000302436
0.000302436
0.000302436
0.000300478
0.000300478
0.000300478
0.000300478
0.000300478
0.000300478
0.000300478
0.000300478
0.000300478
0.000300478
0.000300478
0.000300478
0.000300478
0.000300478
0.000300478
0.000300478
0.000300478
0.000300478
0.000300478
0.000300478
0.000300478
0.000300478
0.000300478
0.000300478
0.000300478
0.000300478
0.000300478
0.000300478
0.000300478
0.000300478
0.000300478
0.000300478
0.000300478
0.000300478
0.000300478
0.000300478
0.000300478
0.000300478
0.000300478
0.000300478
0.000300478
0.000300478
0.000300478
0.000300478
0.000300478
0.000300478
0.000300478
0.000300478
0.000300478
0.000300478
0.000300478
0.000300478
0.000300478
0.000300478
0.000300478
0.000300478
0.000300478
0.000300478
0.000300478
0.000300478
0.000300478
0.000300478
0.000300478
0.000300478
0.000300478
0.000300478
0.000300478
0.000300478
0.000300478
0.000300478
0.000300478
0.000300478
0.000300478
0.000300478
0.000300478
0.000300478
0.000300478
0.000300478
0.000300478
0.000300478
0.000300478
0.000300478
0.000300478
0.000300478
0.000300478
0.000300478
0.000300478
0.000300478
0.000300478
0.000300478
0.000300478
0.000300478
0.000300478
0.000300478
0.000300478
0.000300478
0.000300478
0.000300478
0.000300478
0.000300478
0.000302436
0.000302436
0.000302436
0.000302436
0.000302436
0.000302436
0.000302436
0.000302436
0.000302436
0.000302436
0.000302436
0.000302436
0.000302436
0.000302436
0.000302436
0.000302436
0.000302436
0.000302436
0.000302436
0.000302436
0.000302436
0.000302436
0.000302436
0.000302436
0.000302436
0.000302436
0.000302436
0.000302436
0.000302436
0.000302436
0.000302436
0.000302436
0.000302436
0.000302436
0.000302436
0.000302436
0.000302436
0.000302436
0.000302436
0.000302436
0.000302436
0.000302436
0.000302436
0.000302436
0.000302436
0.000302436
0.000302436
0.000302436
0.000302436
0.000302436
0.000302436
0.000302436
0.000302436
0.000302436
0.000302436
0.000302436
0.000302436
0.000302436
0.000302436
0.000302436
0.000302436
0.000302436
0.000302436
0.000302436
0.000302436
0.000302436
0.000302436
0.000302436
0.000302436
0.000302436
0.000302436
0.000302436
0.000302436
0.000302436
0.000302436
0.000302436
0.000302436
0.000302436
0.000302436
0.000302436
0.000302436
0.000302436
0.000302436
0.000302436
0.000302436
0.000302436
0.000302436
0.000302436
0.000302436
0.000302436
0.000302436
0.000302436
0.000302436
0.000302436
0.000302436
0.000302436
0.000302436
0.000302436
0.000302436
0.000302436
0.000301115
0.000301115
0.000301115
0.000301115
0.000301115
0.000301115
0.000301115
0.000301115
0.000301115
0.000301115
0.000301115
0.000301115
0.000301115
0.000301115
0.000301115
0.000301115
0.000301115
0.000301115
0.000301115
0.000301115
0.000301115
0.000301115
0.000301115
0.000301115
0.000301115
0.000301115
0.000301115
0.000301115
0.000301115
0.000301115
0.000301115
0.000301115
0.000301115
0.000301115
0.000301115
0.000301115
0.000301115
0.000301115
0.000301115
0.000301115
0.000301115
0.000301115
0.000301115
0.000301115
0.000301115
0.000301115
0.000301115
0.000301115
0.000301115
0.000301115
0.000301115
0.000301115
0.000301115
0.000301115
0.000301115
0.000301115
0.000301115
0.000301115
0.000301115
0.000301115
0.000301115
0.000301115
0.000301115
0.000301115
0.000301115
0.000301115
0.000301115
0.000301115
0.000301115
0.000301115
0.000301115
0.000301115
0.000301115
0.000301115
0.000301115
0.000301115
0.000301115
0.000301115
0.000301115
0.000301115
0.000301115
0.000301115
0.000301115
0.000301115
0.000301115
0.000301115
0.000301115
0.000301115
0.000301115
0.000301115
0.000301115
0.000301115
0.000301115
0.000301115
0.000301115
0.000301115
0.000301115
0.000301115
0.000301115
0.000301115
)
;
        source          uniform 0;
        Tnbr            T;
        kappaMethod     solidThermo;
        value           nonuniform List<scalar> 
500
(
350.839
350.846
350.849
350.851
350.851
350.851
350.851
350.849
350.846
350.839
346.604
346.615
346.622
346.626
346.627
346.626
346.625
346.622
346.615
346.603
342.54
342.551
342.559
342.563
342.565
342.564
342.563
342.559
342.552
342.539
338.741
338.752
338.759
338.764
338.765
338.765
338.764
338.761
338.753
338.741
335.296
335.306
335.313
335.318
335.319
335.319
335.319
335.315
335.308
335.296
332.289
332.299
332.306
332.309
332.31
332.31
332.31
332.307
332.3
332.289
329.792
329.802
329.808
329.81
329.811
329.81
329.81
329.807
329.801
329.791
327.862
327.871
327.877
327.879
327.879
327.878
327.877
327.874
327.868
327.858
326.544
326.554
326.559
326.562
326.561
326.56
326.56
326.557
326.551
326.541
325.871
325.88
325.886
325.889
325.889
325.889
325.889
325.886
325.879
325.869
350.839
350.852
350.858
350.861
350.862
350.862
350.862
350.86
350.858
350.855
346.604
346.628
346.64
346.647
346.649
346.651
346.651
346.648
346.644
346.636
342.54
342.567
342.582
342.59
342.595
342.597
342.598
342.595
342.59
342.58
338.742
338.769
338.785
338.794
338.799
338.802
338.803
338.801
338.795
338.784
335.297
335.323
335.339
335.348
335.353
335.357
335.358
335.357
335.352
335.342
332.29
332.314
332.329
332.339
332.344
332.348
332.35
332.35
332.346
332.338
329.791
329.814
329.829
329.838
329.843
329.849
329.852
329.853
329.85
329.843
327.859
327.881
327.896
327.906
327.913
327.919
327.923
327.924
327.922
327.917
326.542
326.564
326.581
326.593
326.599
326.605
326.609
326.61
326.609
326.605
325.87
325.892
325.912
325.925
325.932
325.937
325.942
325.943
325.942
325.937
350.856
350.859
350.86
350.861
350.861
350.861
350.861
350.86
350.859
350.856
346.636
346.64
346.643
346.644
346.645
346.644
346.644
346.643
346.64
346.636
342.578
342.583
342.586
342.588
342.589
342.589
342.588
342.586
342.583
342.578
338.782
338.788
338.791
338.795
338.796
338.796
338.794
338.791
338.788
338.783
335.34
335.346
335.35
335.353
335.354
335.354
335.352
335.349
335.346
335.341
332.336
332.342
332.346
332.349
332.35
332.349
332.347
332.344
332.342
332.337
329.842
329.847
329.851
329.854
329.854
329.854
329.852
329.849
329.847
329.842
327.915
327.92
327.924
327.927
327.927
327.926
327.924
327.922
327.92
327.916
326.603
326.608
326.611
326.614
326.614
326.613
326.612
326.61
326.608
326.604
325.936
325.941
325.945
325.947
325.947
325.947
325.945
325.943
325.941
325.938
350.839
350.852
350.858
350.861
350.862
350.862
350.862
350.86
350.858
350.855
346.605
346.628
346.64
346.647
346.65
346.651
346.651
346.648
346.644
346.636
342.541
342.567
342.583
342.592
342.596
342.598
342.598
342.595
342.59
342.58
338.741
338.768
338.785
338.795
338.8
338.802
338.803
338.801
338.795
338.784
335.296
335.322
335.338
335.348
335.354
335.357
335.359
335.357
335.351
335.342
332.29
332.314
332.328
332.338
332.344
332.349
332.351
332.349
332.345
332.337
329.792
329.815
329.829
329.838
329.845
329.85
329.853
329.851
329.848
329.842
327.862
327.884
327.897
327.908
327.915
327.92
327.923
327.922
327.92
327.915
326.545
326.566
326.581
326.592
326.6
326.606
326.609
326.608
326.606
326.603
325.871
325.893
325.911
325.923
325.932
325.938
325.942
325.941
325.939
325.936
325.871
325.893
325.91
325.923
325.931
325.938
325.941
325.941
325.939
325.936
325.881
325.902
325.916
325.928
325.936
325.942
325.945
325.945
325.944
325.941
325.887
325.906
325.92
325.932
325.939
325.944
325.947
325.947
325.947
325.945
325.89
325.909
325.922
325.933
325.94
325.944
325.947
325.948
325.949
325.947
325.889
325.909
325.922
325.933
325.939
325.943
325.947
325.948
325.949
325.947
325.889
325.91
325.923
325.933
325.939
325.943
325.947
325.949
325.949
325.947
325.889
325.911
325.924
325.934
325.94
325.944
325.948
325.949
325.948
325.945
325.886
325.908
325.923
325.933
325.939
325.942
325.945
325.946
325.946
325.943
325.88
325.902
325.919
325.93
325.936
325.94
325.944
325.946
325.945
325.941
325.87
325.892
325.912
325.925
325.931
325.937
325.941
325.943
325.942
325.937
)
;
    }
}


// ************************************************************************* //
