/*--------------------------------*- C++ -*----------------------------------*\
| =========                 |                                                 |
| \\      /  F ield         | OpenFOAM: The Open Source CFD Toolbox           |
|  \\    /   O peration     | Version:  2412                                  |
|   \\  /    A nd           | Website:  www.openfoam.com                      |
|    \\/     M anipulation  |                                                 |
\*---------------------------------------------------------------------------*/
FoamFile
{
    version     2.0;
    format      ascii;
    arch        "LSB;label=32;scalar=64";
    class       volScalarField;
    location    "2/solid";
    object      wallHeatFlux;
}
// * * * * * * * * * * * * * * * * * * * * * * * * * * * * * * * * * * * * * //

dimensions      [1 0 -3 0 0 0 0];

internalField   uniform 0;

boundaryField
{
    bodyBottom
    {
        type            calculated;
        value           nonuniform List<scalar> 
100
(
441160
439930
439520
439110
439110
439110
439110
439520
439930
441160
439315
438495
438290
438085
438085
438085
438085
438290
438700
439315
438290
437880
437675
437470
437470
437470
437470
437675
437880
438495
437880
437470
437265
437265
437265
437265
437265
437265
437470
437880
437675
437265
437060
437060
437060
437060
437060
437060
437265
437675
437470
437060
437060
436855
436855
436855
436855
437060
437060
437470
437675
437060
437060
436855
436855
436855
436855
437060
437060
437675
437675
437265
437060
437060
437060
437060
437060
437060
437265
437675
438085
437470
437265
437265
437265
437265
437265
437265
437470
438085
438700
438085
437880
437880
437675
437675
437880
437880
438085
438700
)
;
    }
    solid_to_fluid
    {
        type            calculated;
        value           nonuniform List<scalar> 
500
(
-1845
-1640
-1435
-1435
-1435
-1435
-1435
-1435
-1640
-1845
-2255
-2255
-1845
-1640
-1640
-1845
-1845
-1845
-2050
-2460
-2460
-2460
-2050
-2255
-2050
-2255
-2050
-2255
-2255
-2665
-2460
-2255
-2255
-2050
-2255
-2255
-2255
-2050
-2460
-2460
-2255
-2255
-2255
-2050
-2050
-2050
-2050
-2050
-2255
-2460
-2255
-2255
-2050
-2050
-1845
-2050
-2050
-2050
-2050
-2255
-2255
-2050
-1845
-2050
-1845
-2050
-2050
-2050
-2050
-2050
-2050
-2050
-1845
-2050
-1845
-1845
-2050
-2050
-2050
-2255
-2255
-2050
-2050
-1845
-2050
-2050
-2050
-2050
-2050
-2255
-2255
-2255
-2255
-2050
-2050
-2050
-2050
-2050
-2255
-2255
-1845
-1025
-615
-615
-615
-820
-615
-1025
-1025
-1025
-2255
-820
-615
-410
-615
-615
-615
-820
-820
-1025
-2460
-1025
-615
-615
-615
-820
-615
-820
-820
-1025
-2255
-1025
-615
-615
-615
-615
-820
-820
-820
-1230
-2255
-1025
-820
-820
-820
-615
-820
-820
-820
-1230
-2050
-1025
-820
-820
-820
-820
-1025
-820
-1025
-1230
-2050
-1230
-820
-820
-1025
-820
-1025
-820
-1025
-1230
-2050
-1230
-820
-1025
-820
-820
-1025
-1025
-1025
-1230
-2050
-1230
-1025
-820
-1025
-820
-1025
-1025
-1025
-1025
-2050
-1640
-1230
-1025
-1025
-1025
-1025
-1025
-1025
-1230
-820
-820
-820
-615
-820
-820
-615
-820
-820
-820
-1025
-1230
-1025
-1230
-1025
-1230
-1230
-1025
-1230
-1025
-1435
-1435
-1435
-1640
-1435
-1435
-1640
-1435
-1435
-1435
-1640
-1435
-1640
-1230
-1230
-1230
-1435
-1640
-1435
-1435
-1640
-1435
-1230
-1230
-1230
-1230
-1435
-1435
-1435
-1435
-1435
-1230
-1230
-1025
-1025
-1025
-1230
-1230
-1230
-1435
-1230
-1230
-1230
-1025
-1025
-1025
-1025
-1230
-1230
-1435
-1230
-1230
-1230
-1025
-820
-1025
-1025
-1025
-1230
-1435
-1230
-1025
-1230
-1025
-820
-1025
-820
-1025
-1230
-1230
-1230
-1025
-1025
-1025
-1025
-820
-1025
-1025
-1230
-1025
-1845
-1025
-820
-615
-615
-820
-615
-1025
-1025
-1025
-2050
-1025
-820
-615
-615
-615
-615
-820
-820
-1025
-2255
-1025
-615
-615
-615
-615
-820
-820
-820
-1025
-2460
-1230
-615
-615
-615
-820
-820
-820
-820
-1230
-2255
-1025
-820
-820
-615
-820
-820
-820
-1025
-1230
-2050
-1025
-820
-820
-1025
-820
-820
-820
-820
-1230
-2255
-1025
-820
-1025
-1025
-820
-820
-1025
-1025
-1230
-2050
-1025
-1025
-820
-820
-1025
-1025
-1025
-1025
-1230
-2050
-1230
-1025
-1025
-1025
-820
-1025
-1025
-1025
-1230
-2255
-1435
-1025
-1025
-1025
-1025
-1025
-1025
-1025
-1230
-2255
-1435
-1230
-1025
-1230
-1025
-1230
-1025
-1025
-1230
-2050
-1230
-1025
-820
-1025
-820
-1025
-1025
-820
-1025
-2050
-1230
-820
-820
-820
-820
-1025
-820
-820
-1025
-1845
-1025
-1025
-1025
-820
-1025
-1025
-820
-1025
-1025
-2050
-1025
-1025
-820
-820
-1025
-820
-1025
-1025
-1025
-2050
-1025
-1025
-820
-820
-1025
-1025
-820
-820
-820
-2050
-1025
-1025
-820
-820
-820
-820
-820
-820
-1025
-2050
-1025
-820
-820
-820
-820
-820
-1025
-1025
-1025
-2050
-1230
-820
-820
-820
-820
-1025
-1025
-1025
-1230
-2050
-1640
-1230
-1025
-1230
-1025
-1230
-1025
-1025
-1230
)
;
    }
}


// ************************************************************************* //
