/*--------------------------------*- C++ -*----------------------------------*\
| =========                 |                                                 |
| \\      /  F ield         | OpenFOAM: The Open Source CFD Toolbox           |
|  \\    /   O peration     | Version:  2412                                  |
|   \\  /    A nd           | Website:  www.openfoam.com                      |
|    \\/     M anipulation  |                                                 |
\*---------------------------------------------------------------------------*/
FoamFile
{
    version     2.0;
    format      ascii;
    arch        "LSB;label=32;scalar=64";
    class       faceList;
    location    "constant/solid/polyMesh";
    object      faces;
}
// * * * * * * * * * * * * * * * * * * * * * * * * * * * * * * * * * * * * * //


242
(
4(37 62 76 39)
4(61 75 76 62)
4(38 39 76 75)
4(62 76 7 1)
4(39 6 7 76)
4(62 65 79 76)
4(64 78 79 65)
4(75 76 79 78)
4(65 79 8 2)
4(76 7 8 79)
4(64 67 81 78)
4(66 80 81 67)
4(77 78 81 80)
4(65 68 82 79)
4(67 81 82 68)
4(78 79 82 81)
4(68 82 9 3)
4(79 8 9 82)
4(67 70 84 81)
4(69 83 84 70)
4(80 81 84 83)
4(68 71 85 82)
4(70 84 85 71)
4(81 82 85 84)
4(71 85 10 4)
4(82 9 10 85)
4(70 73 87 84)
4(83 84 87 86)
4(71 74 88 85)
4(84 85 88 87)
4(85 10 11 88)
4(39 76 90 41)
4(75 89 90 76)
4(40 41 90 89)
4(76 90 13 7)
4(41 12 13 90)
4(76 79 93 90)
4(78 92 93 79)
4(89 90 93 92)
4(79 93 14 8)
4(90 13 14 93)
4(78 81 95 92)
4(80 94 95 81)
4(91 92 95 94)
4(79 82 96 93)
4(81 95 96 82)
4(92 93 96 95)
4(82 96 15 9)
4(93 14 15 96)
4(81 84 98 95)
4(83 97 98 84)
4(94 95 98 97)
4(82 85 99 96)
4(84 98 99 85)
4(95 96 99 98)
4(85 99 16 10)
4(96 15 16 99)
4(84 87 101 98)
4(97 98 101 100)
4(85 88 102 99)
4(98 99 102 101)
4(99 16 17 102)
4(41 90 104 43)
4(89 103 104 90)
4(42 43 104 103)
4(90 104 19 13)
4(43 18 19 104)
4(90 93 107 104)
4(92 106 107 93)
4(103 104 107 106)
4(93 107 20 14)
4(104 19 20 107)
4(92 95 109 106)
4(94 108 109 95)
4(93 96 110 107)
4(95 109 110 96)
4(106 107 110 109)
4(96 110 21 15)
4(107 20 21 110)
4(95 98 112 109)
4(97 111 112 98)
4(108 109 112 111)
4(96 99 113 110)
4(98 112 113 99)
4(109 110 113 112)
4(99 113 22 16)
4(110 21 22 113)
4(98 101 115 112)
4(111 112 115 114)
4(99 102 116 113)
4(112 113 116 115)
4(113 22 23 116)
4(43 104 118 45)
4(103 117 118 104)
4(44 45 118 117)
4(104 118 25 19)
4(45 24 25 118)
4(104 107 120 118)
4(106 119 120 107)
4(117 118 120 119)
4(107 120 26 20)
4(118 25 26 120)
4(107 110 123 120)
4(109 122 123 110)
4(119 120 123 122)
4(110 123 27 21)
4(120 26 27 123)
4(109 112 125 122)
4(111 124 125 112)
4(121 122 125 124)
4(110 113 126 123)
4(112 125 126 113)
4(122 123 126 125)
4(113 126 28 22)
4(123 27 28 126)
4(112 115 128 125)
4(124 125 128 127)
4(113 116 129 126)
4(125 126 129 128)
4(126 28 29 129)
4(45 118 49 47)
4(117 48 49 118)
4(118 49 31 25)
4(118 120 51 49)
4(119 50 51 120)
4(120 51 32 26)
4(120 123 54 51)
4(122 53 54 123)
4(123 54 33 27)
4(122 125 56 53)
4(124 55 56 125)
4(123 126 57 54)
4(125 56 57 126)
4(126 57 34 28)
4(125 128 59 56)
4(126 129 60 57)
4(0 1 7 6)
4(1 2 8 7)
4(2 3 9 8)
4(3 4 10 9)
4(4 5 11 10)
4(6 7 13 12)
4(7 8 14 13)
4(8 9 15 14)
4(9 10 16 15)
4(10 11 17 16)
4(12 13 19 18)
4(13 14 20 19)
4(14 15 21 20)
4(15 16 22 21)
4(16 17 23 22)
4(18 19 25 24)
4(19 20 26 25)
4(20 21 27 26)
4(21 22 28 27)
4(22 23 29 28)
4(24 25 31 30)
4(25 26 32 31)
4(26 27 33 32)
4(27 28 34 33)
4(28 29 35 34)
4(36 37 39 38)
4(37 0 6 39)
4(38 39 41 40)
4(39 6 12 41)
4(40 41 43 42)
4(41 12 18 43)
4(42 43 45 44)
4(43 18 24 45)
4(44 45 47 46)
4(45 24 30 47)
4(46 47 49 48)
4(47 30 31 49)
4(48 49 51 50)
4(49 31 32 51)
4(50 51 54 53)
4(51 32 33 54)
4(52 53 56 55)
4(53 54 57 56)
4(54 33 34 57)
4(55 56 59 58)
4(56 57 60 59)
4(57 34 35 60)
4(36 61 62 37)
4(37 62 1 0)
4(61 64 65 62)
4(62 65 2 1)
4(63 66 67 64)
4(64 67 68 65)
4(65 68 3 2)
4(66 69 70 67)
4(67 70 71 68)
4(68 71 4 3)
4(69 72 73 70)
4(70 73 74 71)
4(71 74 5 4)
4(36 38 75 61)
4(61 75 78 64)
4(63 64 78 77)
4(63 77 80 66)
4(66 80 83 69)
4(69 83 86 72)
4(38 40 89 75)
4(75 89 92 78)
4(77 78 92 91)
4(77 91 94 80)
4(80 94 97 83)
4(83 97 100 86)
4(40 42 103 89)
4(89 103 106 92)
4(91 92 106 105)
4(91 105 108 94)
4(105 106 109 108)
4(94 108 111 97)
4(97 111 114 100)
4(42 44 117 103)
4(103 117 119 106)
4(106 119 122 109)
4(108 109 122 121)
4(108 121 124 111)
4(111 124 127 114)
4(44 46 48 117)
4(117 48 50 119)
4(119 50 53 122)
4(121 122 53 52)
4(121 52 55 124)
4(124 55 58 127)
4(72 86 87 73)
4(73 87 88 74)
4(74 88 11 5)
4(86 100 101 87)
4(87 101 102 88)
4(88 102 17 11)
4(100 114 115 101)
4(101 115 116 102)
4(102 116 23 17)
4(114 127 128 115)
4(115 128 129 116)
4(116 129 29 23)
4(127 58 59 128)
4(128 59 60 129)
4(129 60 35 29)
)


// ************************************************************************* //
