/*--------------------------------*- C++ -*----------------------------------*\
| =========                 |                                                 |
| \\      /  F ield         | OpenFOAM: The Open Source CFD Toolbox           |
|  \\    /   O peration     | Version:  2412                                  |
|   \\  /    A nd           | Website:  www.openfoam.com                      |
|    \\/     M anipulation  |                                                 |
\*---------------------------------------------------------------------------*/
FoamFile
{
    version     2.0;
    format      ascii;
    arch        "LSB;label=32;scalar=64";
    class       labelList;
    location    "constant/solid/polyMesh";
    object      faceProcAddressing;
}
// * * * * * * * * * * * * * * * * * * * * * * * * * * * * * * * * * * * * * //


242
(
1425
1426
1427
1428
1429
1454
1455
1456
1457
1458
1480
1481
1482
1483
1484
1485
1486
1487
1509
1510
1511
1512
1513
1514
1515
1516
1538
1540
1541
1543
1545
1705
1706
1707
1708
1709
1734
1735
1736
1737
1738
1760
1761
1762
1763
1764
1765
1766
1767
1789
1790
1791
1792
1793
1794
1795
1796
1818
1820
1821
1823
1825
1985
1986
1987
1988
1989
2014
2015
2016
2017
2018
2040
2041
2043
2044
2045
2046
2047
2069
2070
2071
2072
2073
2074
2075
2076
2098
2100
2101
2103
2105
2265
2266
2267
2268
2269
2294
2295
2296
2297
2298
2323
2324
2325
2326
2327
2349
2350
2351
2352
2353
2354
2355
2356
2378
2380
2381
2383
2385
2537
2538
2539
2556
2557
2558
2575
2576
2577
2592
2593
2594
2595
2596
2611
2613
3051
3052
3053
3054
3055
3061
3062
3063
3064
3065
3071
3072
3073
3074
3075
3081
3082
3083
3084
3085
3091
3092
3093
3094
3095
3159
3160
3169
3170
3179
3180
3189
3190
3199
3200
3209
3210
3219
3220
3229
3230
3238
3239
3240
3248
3249
3250
-1147
-1149
-1176
-1178
-1202
-1205
-1207
-1231
-1234
-1236
-1260
-1263
-1265
-1422
-1451
-1452
-1477
-1506
-1535
-1702
-1731
-1732
-1757
-1786
-1815
-1982
-2011
-2012
-2037
2042
-2066
-2095
-2262
-2291
-2320
-2321
-2346
-2375
-2535
-2554
-2573
-2574
-2590
-2609
1539
1542
1544
1819
1822
1824
2099
2102
2104
2379
2382
2384
2612
2614
2615
)


// ************************************************************************* //
