/*--------------------------------*- C++ -*----------------------------------*\
| =========                 |                                                 |
| \\      /  F ield         | OpenFOAM: The Open Source CFD Toolbox           |
|  \\    /   O peration     | Version:  2412                                  |
|   \\  /    A nd           | Website:  www.openfoam.com                      |
|    \\/     M anipulation  |                                                 |
\*---------------------------------------------------------------------------*/
FoamFile
{
    version     2.0;
    format      ascii;
    arch        "LSB;label=32;scalar=64";
    note        "nPoints:130  nCells:63  nFaces:242  nInternalFaces:136";
    class       labelList;
    location    "constant/solid/polyMesh";
    object      owner;
}
// * * * * * * * * * * * * * * * * * * * * * * * * * * * * * * * * * * * * * //


242
(
0
0
0
1
1
2
2
2
3
3
4
4
4
5
5
5
6
6
7
7
7
8
8
8
9
9
10
10
11
11
12
13
13
13
14
14
15
15
15
16
16
17
17
17
18
18
18
19
19
20
20
20
21
21
21
22
22
23
23
24
24
25
26
26
26
27
27
28
28
28
29
29
30
30
31
31
31
32
32
33
33
33
34
34
34
35
35
36
36
37
37
38
39
39
39
40
40
41
41
41
42
42
43
43
43
44
44
45
45
45
46
46
46
47
47
48
48
49
49
50
51
51
52
53
53
54
55
55
56
57
57
58
58
59
60
61
1
3
6
9
12
14
16
19
22
25
27
29
32
35
38
40
42
44
47
50
52
54
56
59
62
0
1
13
14
26
27
39
40
51
52
51
52
53
54
55
56
57
58
59
60
61
62
0
1
2
3
4
5
6
7
8
9
10
11
12
0
2
4
4
7
10
13
15
17
17
20
23
26
28
30
30
30
33
36
39
41
43
45
45
48
51
53
55
57
57
60
10
11
12
23
24
25
36
37
38
48
49
50
60
61
62
)


// ************************************************************************* //
