/*--------------------------------*- C++ -*----------------------------------*\
| =========                 |                                                 |
| \\      /  F ield         | OpenFOAM: The Open Source CFD Toolbox           |
|  \\    /   O peration     | Version:  2412                                  |
|   \\  /    A nd           | Website:  www.openfoam.com                      |
|    \\/     M anipulation  |                                                 |
\*---------------------------------------------------------------------------*/
FoamFile
{
    version     2.0;
    format      ascii;
    arch        "LSB;label=32;scalar=64";
    class       volScalarField;
    location    "0.9/fluid";
    object      wallHeatFlux;
}
// * * * * * * * * * * * * * * * * * * * * * * * * * * * * * * * * * * * * * //

dimensions      [1 0 -3 0 0 0 0];

internalField   uniform 0;

boundaryField
{
    inlet
    {
        type            calculated;
        value           uniform 0;
    }
    outlet
    {
        type            calculated;
        value           uniform 0;
    }
    walls
    {
        type            calculated;
        value           uniform 0;
    }
    fluid_to_solid
    {
        type            calculated;
        value           nonuniform List<scalar> 
500
(
1858.78
1620.2
1518.27
1457.21
1426.86
1426.86
1457.21
1518.27
1620.2
1858.72
2078.26
1861.93
1683.74
1587.99
1545.72
1545.65
1587.99
1683.67
1861.93
2078.2
1936.16
1790.29
1667.79
1602.77
1574.64
1574.58
1602.77
1667.73
1790.36
1936.16
1641.71
1526.86
1432.85
1385.38
1365.48
1365.48
1385.45
1432.98
1526.99
1641.77
1346.94
1249.16
1170.23
1131.41
1115.09
1115.09
1131.53
1170.41
1249.34
1347
1094.39
1011.63
944.749
912.423
898.763
898.763
912.423
944.872
1011.75
1094.39
883.249
811.798
753.017
724.647
712.656
712.656
724.585
753.017
811.736
883.187
733.857
674.767
625.197
601.4
591.511
591.449
601.277
624.949
674.582
733.671
650.847
605.912
567.096
548.492
540.766
540.704
548.43
566.973
605.727
650.662
626.062
594.972
567.467
554.611
549.357
549.419
554.611
567.467
594.91
625.938
1782.03
935.852
760.961
578.938
666.508
695.532
771.753
861.307
949.992
1020.13
1918.59
753.705
481.26
348.727
383.21
418.002
492.423
592.893
697.951
854.981
1780.17
716.122
372.666
262.336
277.531
295.888
349.658
429.847
533.355
787.009
1511.26
585.388
304.943
221.342
223.141
224.009
258.305
311.641
402.187
670.787
1240.36
463.275
261.778
200.318
201
189.093
212.908
243.111
315.548
533.913
1008.97
370.62
220.598
176.627
179.604
170.86
185.93
201.497
248.072
402.869
812.747
298.369
184.69
159.076
163.294
159.572
170.798
179.79
199.264
294.276
672.648
256.879
152.502
136.316
141.277
145.804
154.673
164.348
173.899
216.877
592.707
266.864
142.952
130.362
132.719
139.789
144.44
152.564
166.953
184.442
571.186
374.775
201.063
152.937
159.696
152.006
157.96
171.914
181.713
196.597
776.244
782.59
820.546
847.472
864.109
864.171
847.534
820.608
782.714
776.367
1083.16
1055.3
1095.6
1137.32
1172.31
1172.38
1137.44
1095.73
1055.49
1083.34
1155.06
1123.39
1140.03
1146.31
1141.63
1141.69
1146.37
1140.15
1123.58
1155.25
955.301
915.312
906.932
878.281
843.098
843.159
878.342
906.994
915.374
955.424
730.216
683.265
660.467
615.856
568.473
568.412
615.856
660.528
683.388
730.34
526.389
477.281
446.411
396.502
347.085
347.024
396.379
446.349
477.343
526.574
357.437
309.684
276.904
230.569
187.684
187.684
230.507
276.843
309.807
357.56
230.938
188.115
159.34
123.418
95.7519
95.7519
123.356
159.278
188.177
231.123
154.472
119.598
98.956
75.8498
57.4881
57.4881
75.7882
98.956
119.721
154.596
139.253
113.374
101.236
87.9883
72.1528
72.1528
87.9883
101.236
113.436
139.253
1782.03
935.914
761.023
579.001
666.57
695.532
771.753
861.307
949.93
1020.07
1918.65
753.705
481.322
348.79
383.21
418.064
492.485
592.955
697.951
854.857
1780.23
716.06
372.728
262.398
277.593
295.95
349.658
429.847
533.293
786.823
1511.13
585.326
304.881
221.404
223.203
224.009
258.367
311.579
402.125
670.663
1240.3
463.213
261.716
200.318
201.063
189.093
212.908
243.111
315.486
533.851
1008.97
370.62
220.474
176.627
179.666
170.922
185.93
201.435
248.01
402.807
812.871
298.431
184.628
159.076
163.418
159.634
170.798
179.728
199.14
294.214
672.896
257.065
152.564
136.44
141.401
145.866
154.735
164.286
173.837
216.815
592.955
266.988
142.952
130.3
132.781
139.913
144.502
152.564
166.829
184.442
571.31
374.713
200.938
152.812
159.696
152.068
158.022
171.852
181.651
196.535
574.743
392.403
247.236
207.717
202.531
193.083
190.799
195.306
204.013
222.66
547.389
262.734
162.766
143.068
143.439
142.574
143.747
149.119
162.272
185.982
527.012
203.148
131.768
112.38
114.603
117.443
122.074
128.681
140.907
156.097
516.638
177.338
135.72
109.786
105.896
105.094
107.934
112.009
117.011
124.359
511.699
149.552
141.586
117.32
107.07
101.018
99.1659
98.425
96.4491
100.154
511.699
149.613
141.71
117.32
107.07
101.018
99.2277
98.4867
96.4491
100.216
516.7
177.4
135.906
109.91
105.835
105.094
107.934
112.071
116.949
124.297
526.95
203.21
131.954
112.503
114.603
117.381
121.889
128.619
140.907
156.035
547.265
262.734
162.889
143.13
143.439
142.451
143.624
149.119
162.333
185.982
574.619
392.403
247.297
207.779
202.531
193.083
190.799
195.368
204.136
222.722
)
;
    }
}


// ************************************************************************* //
