/*--------------------------------*- C++ -*----------------------------------*\
| =========                 |                                                 |
| \\      /  F ield         | OpenFOAM: The Open Source CFD Toolbox           |
|  \\    /   O peration     | Version:  2412                                  |
|   \\  /    A nd           | Website:  www.openfoam.com                      |
|    \\/     M anipulation  |                                                 |
\*---------------------------------------------------------------------------*/
FoamFile
{
    version     2.0;
    format      ascii;
    arch        "LSB;label=32;scalar=64";
    class       volScalarField;
    location    "0.5/solid";
    object      T;
}
// * * * * * * * * * * * * * * * * * * * * * * * * * * * * * * * * * * * * * //

dimensions      [0 0 0 1 0 0 0];

internalField   nonuniform List<scalar> 
1000
(
347.74
347.749
347.752
347.754
347.753
347.753
347.753
347.753
347.751
347.747
347.745
347.751
347.753
347.755
347.755
347.755
347.755
347.755
347.754
347.75
347.747
347.752
347.753
347.754
347.754
347.754
347.755
347.755
347.754
347.752
347.748
347.752
347.754
347.754
347.754
347.754
347.755
347.756
347.755
347.753
347.747
347.752
347.754
347.754
347.754
347.754
347.755
347.755
347.755
347.752
347.747
347.752
347.753
347.754
347.754
347.754
347.755
347.755
347.755
347.752
347.747
347.752
347.754
347.754
347.754
347.754
347.755
347.755
347.755
347.752
347.746
347.752
347.754
347.755
347.754
347.754
347.755
347.755
347.754
347.751
347.745
347.751
347.753
347.754
347.754
347.755
347.755
347.755
347.753
347.75
347.739
347.747
347.751
347.752
347.753
347.753
347.753
347.753
347.751
347.747
337.494
337.508
337.515
337.518
337.518
337.518
337.519
337.518
337.515
337.508
337.5
337.51
337.515
337.518
337.518
337.518
337.52
337.519
337.517
337.511
337.503
337.511
337.514
337.516
337.516
337.516
337.517
337.518
337.518
337.513
337.505
337.513
337.515
337.516
337.515
337.515
337.518
337.52
337.519
337.515
337.504
337.511
337.514
337.515
337.514
337.515
337.517
337.519
337.519
337.515
337.502
337.509
337.513
337.515
337.514
337.515
337.517
337.519
337.519
337.515
337.503
337.51
337.515
337.516
337.515
337.515
337.518
337.519
337.519
337.515
337.502
337.51
337.515
337.517
337.516
337.516
337.518
337.517
337.516
337.513
337.499
337.508
337.513
337.516
337.516
337.517
337.519
337.519
337.516
337.511
337.491
337.504
337.51
337.514
337.515
337.516
337.518
337.517
337.514
337.508
327.982
327.995
328.003
328.006
328.005
328.006
328.008
328.007
328.004
327.998
327.986
327.996
328.001
328.005
328.004
328.005
328.007
328.006
328.005
328
327.988
327.996
327.998
328
328
328.001
328.003
328.003
328.005
328.002
327.991
327.998
328
328
327.998
327.999
328.003
328.006
328.007
328.004
327.989
327.996
327.998
327.999
327.997
327.998
328.002
328.005
328.006
328.003
327.987
327.993
327.996
327.997
327.996
327.998
328.002
328.005
328.006
328.003
327.989
327.995
327.997
327.999
327.998
327.999
328.003
328.005
328.006
328.004
327.989
327.996
327.998
328
327.999
328
328.003
328.003
328.003
328.001
327.987
327.995
327.998
328
328
328.003
328.006
328.006
328.004
328
327.98
327.992
327.997
327.999
327.999
328.003
328.007
328.007
328.004
327.998
319.567
319.578
319.584
319.587
319.585
319.586
319.589
319.59
319.588
319.583
319.569
319.577
319.583
319.585
319.584
319.585
319.588
319.588
319.586
319.584
319.57
319.575
319.577
319.58
319.579
319.58
319.583
319.583
319.585
319.584
319.573
319.578
319.578
319.578
319.576
319.577
319.582
319.585
319.588
319.587
319.571
319.576
319.577
319.577
319.575
319.576
319.581
319.584
319.586
319.586
319.571
319.576
319.577
319.576
319.574
319.576
319.581
319.584
319.586
319.586
319.574
319.58
319.58
319.58
319.577
319.577
319.582
319.586
319.588
319.587
319.576
319.581
319.582
319.582
319.579
319.579
319.581
319.582
319.585
319.584
319.574
319.581
319.584
319.583
319.581
319.583
319.586
319.586
319.586
319.583
319.569
319.579
319.583
319.583
319.581
319.584
319.588
319.589
319.587
319.583
312.48
312.487
312.491
312.493
312.491
312.492
312.496
312.496
312.496
312.494
312.481
312.486
312.49
312.491
312.489
312.49
312.494
312.494
312.494
312.493
312.481
312.483
312.484
312.486
312.485
312.486
312.489
312.49
312.492
312.494
312.482
312.485
312.484
312.484
312.482
312.483
312.487
312.49
312.494
312.496
312.48
312.483
312.483
312.483
312.48
312.481
312.486
312.489
312.493
312.494
312.481
312.484
312.485
312.484
312.48
312.481
312.486
312.49
312.492
312.493
312.485
312.489
312.49
312.488
312.484
312.483
312.487
312.492
312.494
312.495
312.487
312.492
312.492
312.491
312.487
312.485
312.487
312.489
312.492
312.493
312.487
312.492
312.494
312.492
312.489
312.489
312.492
312.493
312.494
312.493
312.483
312.491
312.493
312.493
312.49
312.49
312.495
312.496
312.496
312.494
306.812
306.817
306.817
306.817
306.817
306.818
306.821
306.82
306.821
306.823
306.813
306.816
306.815
306.815
306.815
306.817
306.819
306.818
306.821
306.824
306.813
306.814
306.811
306.813
306.813
306.813
306.815
306.816
306.821
306.824
306.811
306.811
306.81
306.812
306.81
306.811
306.813
306.816
306.821
306.824
306.808
306.809
306.808
306.809
306.807
306.807
306.81
306.814
306.818
306.821
306.809
306.811
306.811
306.81
306.807
306.807
306.812
306.815
306.818
306.82
306.814
306.816
306.816
306.814
306.811
306.81
306.815
306.817
306.819
306.82
306.817
306.819
306.819
306.817
306.813
306.811
306.814
306.816
306.818
306.82
306.817
306.821
306.821
306.819
306.815
306.813
306.817
306.819
306.822
306.823
306.815
306.82
306.821
306.819
306.816
306.816
306.82
306.823
306.825
306.824
302.528
302.53
302.528
302.528
302.528
302.529
302.532
302.531
302.533
302.536
302.529
302.53
302.527
302.527
302.527
302.528
302.53
302.529
302.533
302.536
302.527
302.527
302.524
302.525
302.525
302.525
302.527
302.528
302.533
302.537
302.525
302.524
302.521
302.524
302.522
302.523
302.525
302.527
302.533
302.536
302.521
302.52
302.519
302.52
302.518
302.519
302.522
302.525
302.53
302.532
302.522
302.522
302.52
302.519
302.517
302.519
302.523
302.526
302.529
302.531
302.526
302.527
302.525
302.523
302.52
302.522
302.526
302.528
302.53
302.531
302.529
302.53
302.528
302.526
302.522
302.522
302.526
302.527
302.529
302.532
302.53
302.531
302.53
302.527
302.524
302.524
302.528
302.531
302.534
302.536
302.528
302.531
302.531
302.528
302.525
302.527
302.531
302.534
302.537
302.537
299.505
299.506
299.503
299.502
299.502
299.504
299.506
299.506
299.507
299.511
299.505
299.505
299.502
299.501
299.502
299.503
299.505
299.504
299.507
299.511
299.503
299.502
299.498
299.5
299.5
299.501
299.502
299.501
299.508
299.511
299.501
299.499
299.497
299.499
299.498
299.498
299.499
299.502
299.507
299.51
299.497
299.495
299.494
299.496
299.494
299.495
299.497
299.5
299.504
299.507
299.495
299.494
299.494
299.494
299.492
299.494
299.498
299.501
299.504
299.506
299.499
299.498
299.497
299.497
299.495
299.497
299.501
299.503
299.504
299.506
299.501
299.5
299.498
299.499
299.496
299.497
299.5
299.501
299.504
299.507
299.502
299.502
299.5
299.499
299.498
299.499
299.502
299.505
299.509
299.511
299.502
299.503
299.501
299.5
299.499
299.501
299.506
299.509
299.511
299.512
297.598
297.598
297.595
297.595
297.595
297.596
297.598
297.598
297.6
297.603
297.598
297.597
297.594
297.594
297.594
297.595
297.597
297.597
297.599
297.603
297.596
297.594
297.591
297.593
297.593
297.593
297.595
297.594
297.599
297.602
297.594
297.592
297.591
297.592
297.591
297.591
297.592
297.593
297.598
297.601
297.59
297.589
297.588
297.589
297.588
297.588
297.59
297.592
297.596
297.599
297.589
297.589
297.589
297.589
297.587
297.588
297.591
297.593
297.596
297.598
297.591
297.592
297.593
297.592
297.59
297.59
297.593
297.594
297.596
297.598
297.593
297.594
297.594
297.594
297.591
297.59
297.592
297.593
297.597
297.599
297.594
297.595
297.595
297.595
297.592
297.592
297.595
297.598
297.601
297.603
297.594
297.595
297.595
297.595
297.593
297.594
297.598
297.601
297.603
297.605
296.681
296.68
296.678
296.677
296.677
296.678
296.681
296.681
296.682
296.685
296.68
296.679
296.676
296.677
296.677
296.678
296.68
296.68
296.682
296.685
296.679
296.677
296.675
296.677
296.676
296.676
296.678
296.677
296.681
296.685
296.676
296.675
296.674
296.675
296.674
296.674
296.675
296.676
296.681
296.684
296.673
296.672
296.672
296.673
296.671
296.671
296.673
296.675
296.679
296.681
296.673
296.673
296.674
296.673
296.671
296.671
296.674
296.676
296.678
296.68
296.676
296.677
296.677
296.676
296.674
296.673
296.676
296.677
296.679
296.68
296.678
296.679
296.679
296.678
296.675
296.673
296.675
296.677
296.68
296.682
296.678
296.679
296.679
296.679
296.676
296.675
296.678
296.681
296.684
296.685
296.678
296.679
296.68
296.679
296.677
296.677
296.681
296.683
296.686
296.687
)
;

boundaryField
{
    bodyBottom
    {
        type            fixedValue;
        value           uniform 353;
    }
    solid_to_fluid
    {
        type            compressible::turbulentTemperatureCoupledBaffleMixed;
        refValue        nonuniform List<scalar> 
500
(
317.315
320.872
322.381
323.299
323.76
323.76
323.299
322.381
320.872
317.315
306.006
309.015
311.494
312.832
313.435
313.435
312.831
311.494
309.014
306.006
301.061
302.939
304.514
305.348
305.707
305.706
305.348
304.515
302.939
301.061
298.936
300.3
301.415
301.975
302.208
302.208
301.976
301.417
300.302
298.937
297.518
298.578
299.433
299.854
300.028
300.029
299.855
299.435
298.58
297.519
296.281
297.063
297.695
297.999
298.125
298.125
298
297.696
297.064
296.282
295.448
296.05
296.547
296.788
296.889
296.889
296.789
296.548
296.05
295.449
294.757
295.201
295.579
295.762
295.838
295.838
295.762
295.578
295.2
294.757
294.201
294.505
294.774
294.907
294.962
294.962
294.907
294.774
294.505
294.2
293.833
294.029
294.207
294.294
294.329
294.329
294.294
294.207
294.029
293.833
318.779
332.283
335.082
338.068
336.515
335.917
334.343
332.241
329.715
326.656
308.513
325.881
330.239
332.359
331.712
331.03
329.592
327.568
325.279
321.708
303.266
317.879
322.917
324.582
324.351
324.033
323.154
321.804
320.016
316.033
300.607
312.162
315.856
317.064
317.1
317.125
316.689
315.957
314.613
311.186
298.734
307.388
309.696
310.514
310.577
310.785
310.582
310.297
309.445
307.139
297.132
303.337
304.869
305.369
305.393
305.524
305.456
305.389
305.006
303.759
296.052
300.335
301.255
301.476
301.464
301.513
301.477
301.474
301.417
300.932
295.198
298.104
298.719
298.812
298.764
298.721
298.696
298.679
298.703
298.647
294.549
296.467
297.025
297.089
297.031
296.952
296.919
296.892
296.88
296.932
294.114
295.148
295.91
296.115
296.091
296.09
296.041
295.983
295.941
295.909
330.882
333.339
334.025
333.943
333.831
333.83
333.942
334.024
333.338
330.882
318.253
319.627
319.786
319.347
318.695
318.693
319.346
319.785
319.626
318.253
312.356
313.524
313.918
313.849
313.507
313.506
313.848
313.917
313.522
312.355
308.759
310.032
310.759
311.01
310.969
310.968
311.009
310.758
310.031
308.758
306.002
307.324
308.289
308.768
308.972
308.971
308.767
308.288
307.323
306.001
303.641
304.91
305.958
306.542
306.875
306.875
306.54
305.956
304.909
303.641
301.45
302.525
303.416
303.947
304.302
304.301
303.944
303.414
302.525
301.45
299.399
300.187
300.878
301.391
301.752
301.752
301.388
300.876
300.187
299.4
297.658
298.197
298.754
299.239
299.614
299.613
299.236
298.751
298.197
297.659
296.455
296.876
297.344
297.862
298.323
298.322
297.86
297.342
296.876
296.457
318.779
332.284
335.083
338.069
336.515
335.917
334.343
332.242
329.715
326.656
308.513
325.883
330.242
332.361
331.714
331.031
329.593
327.568
325.28
321.708
303.266
317.881
322.921
324.586
324.354
324.034
323.155
321.804
320.016
316.034
300.607
312.162
315.858
317.067
317.103
317.126
316.69
315.958
314.613
311.186
298.733
307.386
309.695
310.515
310.578
310.786
310.583
310.297
309.445
307.139
297.131
303.335
304.868
305.368
305.393
305.525
305.455
305.387
305.004
303.759
296.052
300.334
301.255
301.476
301.466
301.513
301.477
301.471
301.415
300.931
295.199
298.105
298.72
298.814
298.765
298.722
298.695
298.677
298.701
298.646
294.55
296.468
297.025
297.089
297.032
296.952
296.919
296.89
296.878
296.931
294.115
295.148
295.909
296.115
296.092
296.09
296.04
295.981
295.939
295.908
294.007
294.754
295.326
295.569
295.653
295.702
295.716
295.718
295.703
295.679
294.161
295.3
295.696
295.793
295.815
295.834
295.844
295.848
295.84
295.865
294.282
295.582
295.863
295.925
295.919
295.921
295.925
295.935
295.98
296.158
294.344
295.706
295.866
295.985
295.991
296.002
296.024
296.077
296.214
296.599
294.375
295.847
295.871
296.015
296.087
296.142
296.213
296.332
296.559
297.105
294.374
295.847
295.872
296.015
296.087
296.142
296.214
296.332
296.558
297.104
294.343
295.707
295.867
295.985
295.991
296.001
296.024
296.077
296.212
296.597
294.281
295.583
295.865
295.925
295.918
295.919
295.924
295.935
295.98
296.157
294.161
295.301
295.698
295.794
295.814
295.833
295.844
295.849
295.841
295.866
294.007
294.754
295.326
295.57
295.653
295.702
295.716
295.72
295.704
295.68
)
;
        refGradient     uniform 0;
        valueFraction   nonuniform List<scalar> 
500
(
0.000301416
0.000301416
0.000301416
0.000301416
0.000301416
0.000301416
0.000301416
0.000301416
0.000301416
0.000301416
0.000301416
0.000301416
0.000301416
0.000301416
0.000301416
0.000301416
0.000301416
0.000301416
0.000301416
0.000301416
0.000301416
0.000301416
0.000301416
0.000301416
0.000301416
0.000301416
0.000301416
0.000301416
0.000301416
0.000301416
0.000301416
0.000301416
0.000301416
0.000301416
0.000301416
0.000301416
0.000301416
0.000301416
0.000301416
0.000301416
0.000301416
0.000301416
0.000301416
0.000301416
0.000301416
0.000301416
0.000301416
0.000301416
0.000301416
0.000301416
0.000301416
0.000301416
0.000301416
0.000301416
0.000301416
0.000301416
0.000301416
0.000301416
0.000301416
0.000301416
0.000301416
0.000301416
0.000301416
0.000301416
0.000301416
0.000301416
0.000301416
0.000301416
0.000301416
0.000301416
0.000301416
0.000301416
0.000301416
0.000301416
0.000301416
0.000301416
0.000301416
0.000301416
0.000301416
0.000301416
0.000301416
0.000301416
0.000301416
0.000301416
0.000301416
0.000301416
0.000301416
0.000301416
0.000301416
0.000301416
0.000301416
0.000301416
0.000301416
0.000301416
0.000301416
0.000301416
0.000301416
0.000301416
0.000301416
0.000301416
0.000302436
0.000302436
0.000302436
0.000302436
0.000302436
0.000302436
0.000302436
0.000302436
0.000302436
0.000302436
0.000302436
0.000302436
0.000302436
0.000302436
0.000302436
0.000302436
0.000302436
0.000302436
0.000302436
0.000302436
0.000302436
0.000302436
0.000302436
0.000302436
0.000302436
0.000302436
0.000302436
0.000302436
0.000302436
0.000302436
0.000302436
0.000302436
0.000302436
0.000302436
0.000302436
0.000302436
0.000302436
0.000302436
0.000302436
0.000302436
0.000302436
0.000302436
0.000302436
0.000302436
0.000302436
0.000302436
0.000302436
0.000302436
0.000302436
0.000302436
0.000302436
0.000302436
0.000302436
0.000302436
0.000302436
0.000302436
0.000302436
0.000302436
0.000302436
0.000302436
0.000302436
0.000302436
0.000302436
0.000302436
0.000302436
0.000302436
0.000302436
0.000302436
0.000302436
0.000302436
0.000302436
0.000302436
0.000302436
0.000302436
0.000302436
0.000302436
0.000302436
0.000302436
0.000302436
0.000302436
0.000302436
0.000302436
0.000302436
0.000302436
0.000302436
0.000302436
0.000302436
0.000302436
0.000302436
0.000302436
0.000302436
0.000302436
0.000302436
0.000302436
0.000302436
0.000302436
0.000302436
0.000302436
0.000302436
0.000302436
0.000300478
0.000300478
0.000300478
0.000300478
0.000300478
0.000300478
0.000300478
0.000300478
0.000300478
0.000300478
0.000300478
0.000300478
0.000300478
0.000300478
0.000300478
0.000300478
0.000300478
0.000300478
0.000300478
0.000300478
0.000300478
0.000300478
0.000300478
0.000300478
0.000300478
0.000300478
0.000300478
0.000300478
0.000300478
0.000300478
0.000300478
0.000300478
0.000300478
0.000300478
0.000300478
0.000300478
0.000300478
0.000300478
0.000300478
0.000300478
0.000300478
0.000300478
0.000300478
0.000300478
0.000300478
0.000300478
0.000300478
0.000300478
0.000300478
0.000300478
0.000300478
0.000300478
0.000300478
0.000300478
0.000300478
0.000300478
0.000300478
0.000300478
0.000300478
0.000300478
0.000300478
0.000300478
0.000300478
0.000300478
0.000300478
0.000300478
0.000300478
0.000300478
0.000300478
0.000300478
0.000300478
0.000300478
0.000300478
0.000300478
0.000300478
0.000300478
0.000300478
0.000300478
0.000300478
0.000300478
0.000300478
0.000300478
0.000300478
0.000300478
0.000300478
0.000300478
0.000300478
0.000300478
0.000300478
0.000300478
0.000300478
0.000300478
0.000300478
0.000300478
0.000300478
0.000300478
0.000300478
0.000300478
0.000300478
0.000300478
0.000302436
0.000302436
0.000302436
0.000302436
0.000302436
0.000302436
0.000302436
0.000302436
0.000302436
0.000302436
0.000302436
0.000302436
0.000302436
0.000302436
0.000302436
0.000302436
0.000302436
0.000302436
0.000302436
0.000302436
0.000302436
0.000302436
0.000302436
0.000302436
0.000302436
0.000302436
0.000302436
0.000302436
0.000302436
0.000302436
0.000302436
0.000302436
0.000302436
0.000302436
0.000302436
0.000302436
0.000302436
0.000302436
0.000302436
0.000302436
0.000302436
0.000302436
0.000302436
0.000302436
0.000302436
0.000302436
0.000302436
0.000302436
0.000302436
0.000302436
0.000302436
0.000302436
0.000302436
0.000302436
0.000302436
0.000302436
0.000302436
0.000302436
0.000302436
0.000302436
0.000302436
0.000302436
0.000302436
0.000302436
0.000302436
0.000302436
0.000302436
0.000302436
0.000302436
0.000302436
0.000302436
0.000302436
0.000302436
0.000302436
0.000302436
0.000302436
0.000302436
0.000302436
0.000302436
0.000302436
0.000302436
0.000302436
0.000302436
0.000302436
0.000302436
0.000302436
0.000302436
0.000302436
0.000302436
0.000302436
0.000302436
0.000302436
0.000302436
0.000302436
0.000302436
0.000302436
0.000302436
0.000302436
0.000302436
0.000302436
0.000301115
0.000301115
0.000301115
0.000301115
0.000301115
0.000301115
0.000301115
0.000301115
0.000301115
0.000301115
0.000301115
0.000301115
0.000301115
0.000301115
0.000301115
0.000301115
0.000301115
0.000301115
0.000301115
0.000301115
0.000301115
0.000301115
0.000301115
0.000301115
0.000301115
0.000301115
0.000301115
0.000301115
0.000301115
0.000301115
0.000301115
0.000301115
0.000301115
0.000301115
0.000301115
0.000301115
0.000301115
0.000301115
0.000301115
0.000301115
0.000301115
0.000301115
0.000301115
0.000301115
0.000301115
0.000301115
0.000301115
0.000301115
0.000301115
0.000301115
0.000301115
0.000301115
0.000301115
0.000301115
0.000301115
0.000301115
0.000301115
0.000301115
0.000301115
0.000301115
0.000301115
0.000301115
0.000301115
0.000301115
0.000301115
0.000301115
0.000301115
0.000301115
0.000301115
0.000301115
0.000301115
0.000301115
0.000301115
0.000301115
0.000301115
0.000301115
0.000301115
0.000301115
0.000301115
0.000301115
0.000301115
0.000301115
0.000301115
0.000301115
0.000301115
0.000301115
0.000301115
0.000301115
0.000301115
0.000301115
0.000301115
0.000301115
0.000301115
0.000301115
0.000301115
0.000301115
0.000301115
0.000301115
0.000301115
0.000301115
)
;
        source          uniform 0;
        Tnbr            T;
        kappaMethod     solidThermo;
        value           nonuniform List<scalar> 
500
(
347.73
347.736
347.738
347.739
347.739
347.738
347.738
347.738
347.735
347.729
337.482
337.489
337.492
337.495
337.493
337.491
337.492
337.491
337.487
337.478
327.969
327.974
327.977
327.979
327.977
327.976
327.978
327.977
327.974
327.967
319.555
319.558
319.559
319.561
319.56
319.56
319.563
319.564
319.563
319.557
312.469
312.47
312.47
312.472
312.47
312.471
312.475
312.477
312.477
312.473
306.803
306.804
306.804
306.802
306.799
306.801
306.806
306.808
306.808
306.806
302.52
302.521
302.52
302.517
302.514
302.515
302.519
302.521
302.522
302.521
299.499
299.499
299.497
299.495
299.491
299.489
299.493
299.495
299.496
299.495
297.593
297.593
297.591
297.588
297.585
297.583
297.586
297.588
297.589
297.588
296.676
296.675
296.674
296.672
296.668
296.668
296.671
296.673
296.674
296.673
347.729
347.742
347.746
347.748
347.748
347.748
347.748
347.747
347.744
347.739
337.479
337.497
337.505
337.51
337.51
337.511
337.513
337.511
337.507
337.5
327.968
327.984
327.991
327.993
327.994
327.997
328
328
327.997
327.99
319.557
319.571
319.576
319.576
319.574
319.577
319.581
319.582
319.58
319.575
312.473
312.483
312.486
312.486
312.483
312.484
312.488
312.489
312.489
312.487
306.806
306.813
306.814
306.813
306.809
306.81
306.814
306.817
306.818
306.817
302.521
302.525
302.525
302.522
302.519
302.521
302.526
302.529
302.531
302.531
299.495
299.498
299.496
299.495
299.493
299.496
299.5
299.504
299.506
299.507
297.589
297.59
297.59
297.591
297.589
297.59
297.593
297.596
297.599
297.6
296.673
296.675
296.675
296.675
296.673
296.673
296.676
296.679
296.681
296.682
347.741
347.745
347.746
347.747
347.747
347.747
347.747
347.746
347.745
347.741
337.499
337.503
337.505
337.507
337.506
337.506
337.506
337.504
337.503
337.499
327.989
327.991
327.993
327.995
327.994
327.994
327.995
327.992
327.991
327.989
319.574
319.575
319.576
319.579
319.577
319.577
319.578
319.576
319.575
319.574
312.486
312.486
312.486
312.488
312.486
312.486
312.487
312.485
312.485
312.486
306.816
306.817
306.818
306.818
306.815
306.814
306.814
306.814
306.817
306.817
302.53
302.531
302.531
302.531
302.527
302.526
302.526
302.527
302.53
302.532
299.506
299.506
299.506
299.506
299.503
299.501
299.501
299.502
299.506
299.507
297.598
297.599
297.598
297.598
297.595
297.594
297.594
297.595
297.599
297.6
296.681
296.681
296.681
296.68
296.678
296.677
296.677
296.678
296.681
296.683
347.73
347.743
347.747
347.749
347.749
347.749
347.748
347.747
347.744
347.739
337.482
337.501
337.509
337.513
337.513
337.513
337.513
337.512
337.508
337.5
327.97
327.987
327.996
328
327.999
328
328.002
328
327.997
327.99
319.556
319.57
319.577
319.58
319.579
319.58
319.583
319.583
319.58
319.575
312.469
312.48
312.484
312.486
312.484
312.485
312.489
312.489
312.489
312.486
306.803
306.809
306.81
306.81
306.81
306.811
306.815
306.814
306.815
306.816
302.52
302.524
302.522
302.522
302.522
302.523
302.526
302.525
302.527
302.53
299.499
299.5
299.498
299.497
299.497
299.498
299.501
299.5
299.502
299.506
297.593
297.593
297.591
297.59
297.59
297.591
297.594
297.593
297.595
297.598
296.676
296.676
296.674
296.673
296.673
296.674
296.677
296.676
296.678
296.681
296.676
296.676
296.673
296.673
296.673
296.674
296.676
296.676
296.678
296.681
296.675
296.675
296.672
296.672
296.673
296.674
296.676
296.675
296.678
296.681
296.674
296.673
296.67
296.672
296.672
296.672
296.674
296.673
296.677
296.68
296.672
296.671
296.67
296.671
296.67
296.67
296.671
296.672
296.677
296.68
296.669
296.668
296.668
296.669
296.667
296.667
296.669
296.671
296.675
296.677
296.668
296.669
296.669
296.669
296.667
296.667
296.67
296.672
296.674
296.676
296.671
296.672
296.672
296.672
296.669
296.669
296.671
296.673
296.675
296.676
296.673
296.674
296.674
296.673
296.671
296.669
296.671
296.673
296.676
296.678
296.674
296.675
296.675
296.674
296.672
296.671
296.674
296.677
296.68
296.681
296.673
296.675
296.675
296.675
296.673
296.673
296.676
296.679
296.681
296.682
)
;
    }
}


// ************************************************************************* //
