/*--------------------------------*- C++ -*----------------------------------*\
| =========                 |                                                 |
| \\      /  F ield         | OpenFOAM: The Open Source CFD Toolbox           |
|  \\    /   O peration     | Version:  2412                                  |
|   \\  /    A nd           | Website:  www.openfoam.com                      |
|    \\/     M anipulation  |                                                 |
\*---------------------------------------------------------------------------*/
FoamFile
{
    version     2.0;
    format      ascii;
    arch        "LSB;label=32;scalar=64";
    class       volScalarField;
    location    "0.5/solid";
    object      wallHeatFlux;
}
// * * * * * * * * * * * * * * * * * * * * * * * * * * * * * * * * * * * * * //

dimensions      [1 0 -3 0 0 0 0];

internalField   uniform 0;

boundaryField
{
    bodyBottom
    {
        type            calculated;
        value           nonuniform List<scalar> 
100
(
1.0783e+06
1.07728e+06
1.07686e+06
1.07666e+06
1.07686e+06
1.07686e+06
1.07686e+06
1.07707e+06
1.07727e+06
1.07851e+06
1.07645e+06
1.07605e+06
1.07584e+06
1.07584e+06
1.07584e+06
1.07584e+06
1.07584e+06
1.07584e+06
1.07605e+06
1.07686e+06
1.07584e+06
1.07564e+06
1.07564e+06
1.07543e+06
1.07543e+06
1.07564e+06
1.07543e+06
1.07543e+06
1.07564e+06
1.07605e+06
1.07543e+06
1.07523e+06
1.07543e+06
1.07543e+06
1.07543e+06
1.07543e+06
1.07543e+06
1.07523e+06
1.07543e+06
1.07584e+06
1.07564e+06
1.07523e+06
1.07543e+06
1.07543e+06
1.07543e+06
1.07543e+06
1.07543e+06
1.07543e+06
1.07543e+06
1.07564e+06
1.07564e+06
1.07523e+06
1.07543e+06
1.07543e+06
1.07543e+06
1.07543e+06
1.07543e+06
1.07543e+06
1.07523e+06
1.07564e+06
1.07564e+06
1.07523e+06
1.07523e+06
1.07523e+06
1.07523e+06
1.07523e+06
1.07523e+06
1.07523e+06
1.07523e+06
1.07564e+06
1.07564e+06
1.07523e+06
1.07523e+06
1.07502e+06
1.07523e+06
1.07523e+06
1.07523e+06
1.07523e+06
1.07523e+06
1.07564e+06
1.07605e+06
1.07543e+06
1.07543e+06
1.07523e+06
1.07523e+06
1.07523e+06
1.07523e+06
1.07543e+06
1.07564e+06
1.07605e+06
1.07686e+06
1.07625e+06
1.07584e+06
1.07564e+06
1.07584e+06
1.07584e+06
1.07584e+06
1.07605e+06
1.07625e+06
1.07686e+06
)
;
    }
    solid_to_fluid
    {
        type            calculated;
        value           nonuniform List<scalar> 
500
(
-2050
-1845
-1845
-1845
-1640
-1845
-1845
-1640
-2050
-2050
-2460
-2255
-2255
-2050
-2255
-2255
-2255
-2255
-2460
-2665
-2665
-2460
-2255
-2460
-2460
-2255
-2255
-2460
-2665
-2665
-2460
-2255
-2255
-2460
-2255
-2255
-2255
-2460
-2255
-2460
-2255
-2255
-2255
-2050
-2050
-2050
-2050
-2050
-2050
-2050
-1845
-1845
-1845
-1845
-1845
-1640
-1640
-1845
-1845
-1845
-1640
-1640
-1435
-1640
-1435
-1435
-1435
-1640
-1640
-1435
-1230
-1230
-1230
-1230
-1230
-1230
-1230
-1230
-1230
-1435
-1025
-1025
-1025
-1230
-1025
-1230
-1025
-1025
-1025
-1230
-1025
-1025
-1025
-820
-1025
-1025
-1025
-1025
-820
-1025
-2050
-1025
-1025
-820
-1025
-1025
-1025
-1230
-1435
-1640
-2460
-1435
-1025
-820
-1025
-1025
-1025
-1230
-1435
-1640
-2460
-1640
-1230
-1230
-1025
-1230
-1435
-1435
-1435
-1640
-2460
-1640
-1435
-1435
-1435
-1435
-1435
-1435
-1435
-1640
-2050
-1640
-1435
-1435
-1435
-1230
-1435
-1435
-1435
-1435
-1845
-1435
-1435
-1230
-1435
-1230
-1230
-1230
-1435
-1435
-1435
-1230
-1230
-1230
-1230
-1230
-1025
-1025
-1230
-1230
-1435
-1025
-1025
-1025
-1230
-1025
-1230
-1025
-1025
-1025
-1025
-1025
-1025
-820
-820
-820
-1025
-1025
-820
-1025
-1025
-820
-1025
-820
-820
-820
-1025
-820
-1025
-1025
-1230
-1025
-1230
-1230
-1025
-1025
-1025
-1025
-1025
-1230
-1845
-1640
-1640
-1640
-1845
-1845
-1845
-1845
-1640
-1845
-1845
-1845
-1845
-1845
-1845
-1845
-1845
-1845
-1845
-1845
-1845
-1845
-1640
-1640
-1845
-1845
-1845
-1640
-1640
-1845
-1640
-1435
-1640
-1640
-1640
-1435
-1640
-1640
-1640
-1640
-1435
-1435
-1230
-1230
-1230
-1230
-1230
-1230
-1230
-1435
-1230
-1025
-1230
-1025
-1025
-1025
-1025
-1025
-1230
-1025
-1025
-1025
-1025
-820
-820
-1025
-1025
-1025
-1025
-1025
-1025
-820
-820
-615
-820
-820
-820
-820
-820
-1025
-820
-820
-820
-820
-615
-615
-615
-820
-820
-820
-2050
-1230
-1025
-1025
-820
-820
-1025
-1230
-1435
-1640
-2460
-1435
-1230
-1025
-1025
-1025
-1230
-1230
-1435
-1640
-2460
-1640
-1435
-1230
-1230
-1230
-1230
-1435
-1435
-1640
-2255
-1640
-1435
-1435
-1230
-1230
-1230
-1435
-1640
-1640
-2255
-1435
-1435
-1435
-1435
-1435
-1435
-1435
-1435
-1640
-1845
-1640
-1435
-1435
-1435
-1435
-1230
-1230
-1230
-1435
-1640
-1230
-1230
-1230
-1230
-1230
-1230
-1230
-1230
-1230
-1230
-1230
-1025
-1025
-1025
-1230
-1025
-1230
-1025
-1025
-1025
-1025
-820
-1025
-1025
-1025
-820
-1025
-1025
-1025
-1025
-820
-820
-820
-820
-820
-820
-1025
-820
-820
-1025
-820
-1025
-820
-820
-820
-1025
-1025
-820
-820
-1025
-820
-820
-1025
-820
-820
-820
-1025
-820
-820
-1025
-820
-1025
-1025
-820
-820
-820
-820
-820
-1025
-820
-820
-820
-820
-820
-820
-820
-820
-820
-820
-820
-820
-820
-820
-820
-820
-820
-820
-820
-820
-1025
-820
-1025
-820
-820
-820
-820
-820
-820
-820
-1025
-1025
-1025
-820
-1025
-820
-1025
-820
-820
-820
-1025
-1025
-1025
-1025
-820
-820
-820
-820
-820
-820
-820
-820
-820
-1025
-820
-820
-820
-820
-820
-820
-1025
-820
-1025
-820
-820
-820
-1025
-820
-1025
-1025
)
;
    }
}


// ************************************************************************* //
