/*--------------------------------*- C++ -*----------------------------------*\
| =========                 |                                                 |
| \\      /  F ield         | OpenFOAM: The Open Source CFD Toolbox           |
|  \\    /   O peration     | Version:  2412                                  |
|   \\  /    A nd           | Website:  www.openfoam.com                      |
|    \\/     M anipulation  |                                                 |
\*---------------------------------------------------------------------------*/
FoamFile
{
    version     2.0;
    format      ascii;
    arch        "LSB;label=32;scalar=64";
    class       volScalarField;
    location    "0.2/fluid";
    object      wallHeatFlux;
}
// * * * * * * * * * * * * * * * * * * * * * * * * * * * * * * * * * * * * * //

dimensions      [1 0 -3 0 0 0 0];

internalField   uniform 0;

boundaryField
{
    inlet
    {
        type            calculated;
        value           uniform 0;
    }
    outlet
    {
        type            calculated;
        value           uniform 0;
    }
    walls
    {
        type            calculated;
        value           uniform 0;
    }
    fluid_to_solid
    {
        type            calculated;
        value           nonuniform List<scalar> 
500
(
1912.18
1727.43
1651.72
1603.69
1578.91
1578.97
1603.69
1651.78
1727.43
1912.12
1640.47
1512.46
1406.52
1348.85
1320.79
1320.55
1348.48
1406.4
1512.22
1639.97
1118.37
1053.59
999.511
971.141
958.594
958.347
970.77
999.449
1053.47
1117.94
652.331
614.566
584.094
569.198
562.77
562.708
569.198
584.465
614.936
652.207
340.629
317.883
299.711
290.996
287.102
287.164
291.12
300.082
318.192
340.69
165.277
153.78
144.509
140.059
138.081
138.143
140.183
144.633
153.904
165.339
69.844
62.9832
57.2968
54.3918
53.1556
53.1556
54.4536
57.2968
63.1069
69.844
26.3924
22.4366
18.9753
17.1211
16.3175
16.3175
17.1211
18.9135
22.4366
26.3924
9.14771
6.9844
4.94471
3.77034
3.27587
3.21406
3.70853
4.8829
6.92259
9.14771
3.89396
2.65778
1.48341
0.741706
0.494471
0.494471
0.741706
1.4216
2.59597
3.83215
1819.3
1006.18
835.197
669.857
810.39
937.837
1118.99
1319.31
1522.48
1798.4
1519.63
632.956
372.356
252.289
315.052
405.536
545.945
713.022
888.533
1140.26
1036.38
429.599
162.611
59.1652
71.7549
108.284
178.736
287.888
418.498
624.956
605.172
220.536
46.3895
-35.3503
-46.6376
-43.0405
-16.6208
33.9239
119.695
274.616
315.672
90.6084
-7.75226
-62.2661
-78.5149
-87.8796
-84.4686
-66.4213
-22.5746
70.1424
152.812
26.7298
-35.2263
-65.7391
-77.5846
-82.1739
-86.019
-83.4763
-67.4136
-25.2413
63.5065
-5.51961
-41.304
-60.1575
-67.2276
-65.8632
-66.6074
-67.7237
-64.6228
-53.6456
23.1948
-13.2719
-34.296
-50.6687
-55.8162
-55.01
-52.3432
-51.599
-49.8625
-50.4827
7.50418
-9.48876
-21.4582
-36.4046
-42.9785
-45.7073
-44.9011
-42.4824
-40.7459
-41.242
3.03888
-2.54274
-8.18638
-18.7295
-26.6057
-32.4354
-35.5363
-35.9085
-34.9782
-34.9782
1840.36
1728.46
1640.48
1630.25
1570.85
1570.79
1630.25
1640.41
1728.46
1840.36
1221.18
1085.25
934.044
867.436
763.366
763.304
867.436
934.044
1085.19
1221.18
683.819
543.888
379.989
291.446
197.173
197.111
291.507
379.989
543.888
683.819
298.901
169.938
27.9739
-41.4062
-98.5863
-98.5863
-41.4062
27.9739
169.938
298.901
67.3468
-37.1547
-128.717
-173.882
-207.771
-207.771
-173.943
-128.778
-37.0931
67.3468
-43.6244
-114.545
-160.881
-186.451
-203.334
-203.396
-186.575
-161.065
-114.483
-43.6244
-75.1721
-109.677
-131.859
-143.135
-148.003
-148.064
-143.197
-131.982
-109.616
-75.1104
-64.2043
-76.1579
-85.7701
-88.7277
-86.3862
-86.3862
-88.7277
-85.8317
-76.2195
-64.2043
-42.7618
-43.6244
-47.1366
-46.9517
-41.283
-41.2214
-46.8901
-47.1982
-43.6244
-42.7618
-28.3436
-22.4284
-22.3668
-22.0587
-16.8213
-16.8829
-22.0587
-22.3668
-22.4284
-28.2819
1819.36
1006.18
835.259
669.857
810.39
937.837
1118.99
1319.31
1522.48
1798.4
1520.12
633.266
372.666
252.537
315.176
405.66
545.883
713.022
888.471
1140.26
1036.82
429.847
163.107
59.7854
72.189
108.47
178.736
287.888
418.498
624.956
605.234
220.536
46.3895
-35.0402
-46.2655
-42.9165
-16.5588
33.9859
119.633
274.616
315.61
90.5464
-7.81427
-62.2661
-78.4528
-87.8176
-84.4066
-66.4213
-22.6366
70.1424
152.812
26.6678
-35.3503
-65.8012
-77.5846
-82.1119
-85.895
-83.5383
-67.5377
-25.3034
63.5685
-5.51961
-41.366
-60.2195
-67.2276
-65.8632
-66.5454
-67.7237
-64.6848
-53.6456
23.1948
-13.2719
-34.358
-50.6067
-55.7542
-55.072
-52.3432
-51.599
-49.9245
-50.4827
7.5662
-9.48876
-21.4582
-36.4046
-42.9785
-45.7073
-44.9011
-42.4203
-40.7459
-41.242
3.1009
-2.48072
-8.2484
-18.7295
-26.6057
-32.3734
-35.5363
-35.9085
-34.9782
-35.0402
4.38405
3.58134
1.97591
-1.72892
-5.98947
-9.87955
-13.0287
-14.3253
-14.3253
-14.2018
3.70483
2.84037
2.2229
0.617472
-1.1732
-2.71688
-3.89007
-4.3223
-4.19881
-4.4458
3.02561
2.53163
2.28464
1.72892
0.987955
0.308736
-0.123494
-0.246989
-0.246989
-0.493977
2.59338
2.59338
2.59338
2.34639
2.0994
1.85241
1.66717
1.60543
1.54368
0.926207
2.46989
2.77862
3.02561
2.77862
2.65513
2.59338
2.53163
2.34639
1.97591
0.308736
2.46989
2.77862
3.02561
2.77862
2.65513
2.59338
2.46989
2.34639
1.97591
0.308736
2.59338
2.59338
2.59338
2.34639
2.16115
1.85241
1.66717
1.60543
1.54368
0.86446
2.96386
2.53163
2.28464
1.72892
0.987955
0.370483
-0.123494
-0.246989
-0.246989
-0.493977
3.64308
2.84037
2.2229
0.617472
-1.1732
-2.71688
-3.89007
-4.26055
-4.19881
-4.4458
4.3223
3.51959
1.97591
-1.72892
-5.98947
-9.94129
-13.0287
-14.3871
-14.3253
-14.1401
)
;
    }
}


// ************************************************************************* //
