/*--------------------------------*- C++ -*----------------------------------*\
| =========                 |                                                 |
| \\      /  F ield         | OpenFOAM: The Open Source CFD Toolbox           |
|  \\    /   O peration     | Version:  2412                                  |
|   \\  /    A nd           | Website:  www.openfoam.com                      |
|    \\/     M anipulation  |                                                 |
\*---------------------------------------------------------------------------*/
FoamFile
{
    version     2.0;
    format      ascii;
    arch        "LSB;label=32;scalar=64";
    class       volScalarField;
    location    "4.8/solid";
    object      T;
}
// * * * * * * * * * * * * * * * * * * * * * * * * * * * * * * * * * * * * * //

dimensions      [0 0 0 1 0 0 0];

internalField   nonuniform List<scalar> 
1000
(
352.463
352.472
352.478
352.481
352.482
352.483
352.483
352.482
352.481
352.478
352.469
352.476
352.48
352.483
352.484
352.485
352.485
352.485
352.483
352.481
352.472
352.478
352.482
352.484
352.485
352.486
352.486
352.486
352.485
352.482
352.474
352.479
352.482
352.484
352.486
352.486
352.487
352.486
352.485
352.483
352.474
352.48
352.483
352.485
352.486
352.487
352.487
352.486
352.485
352.483
352.474
352.48
352.483
352.485
352.486
352.487
352.487
352.486
352.485
352.483
352.474
352.479
352.482
352.484
352.486
352.486
352.487
352.486
352.485
352.483
352.472
352.478
352.482
352.484
352.485
352.486
352.486
352.486
352.485
352.483
352.469
352.476
352.48
352.483
352.484
352.485
352.485
352.485
352.483
352.481
352.463
352.472
352.477
352.481
352.482
352.483
352.483
352.482
352.481
352.478
351.419
351.438
351.451
351.459
351.463
351.466
351.466
351.464
351.461
351.454
351.43
351.445
351.455
351.462
351.466
351.469
351.469
351.468
351.465
351.459
351.437
351.45
351.459
351.465
351.468
351.471
351.471
351.47
351.467
351.462
351.441
351.453
351.461
351.466
351.47
351.472
351.473
351.472
351.469
351.464
351.443
351.454
351.462
351.467
351.47
351.472
351.473
351.472
351.47
351.465
351.443
351.454
351.462
351.467
351.47
351.472
351.473
351.472
351.47
351.465
351.441
351.453
351.461
351.466
351.47
351.472
351.472
351.472
351.469
351.465
351.437
351.45
351.459
351.465
351.468
351.471
351.471
351.47
351.468
351.464
351.43
351.445
351.455
351.462
351.466
351.468
351.469
351.468
351.465
351.461
351.419
351.438
351.451
351.459
351.463
351.465
351.465
351.464
351.461
351.456
350.424
350.449
350.466
350.477
350.484
350.488
350.489
350.487
350.481
350.472
350.438
350.457
350.471
350.481
350.488
350.491
350.493
350.491
350.486
350.478
350.446
350.463
350.475
350.484
350.49
350.494
350.495
350.494
350.49
350.482
350.452
350.467
350.478
350.487
350.492
350.496
350.497
350.496
350.492
350.485
350.454
350.469
350.48
350.488
350.493
350.496
350.498
350.497
350.493
350.487
350.454
350.469
350.48
350.488
350.493
350.496
350.498
350.497
350.493
350.487
350.452
350.467
350.478
350.487
350.492
350.495
350.497
350.496
350.492
350.487
350.447
350.463
350.475
350.484
350.49
350.494
350.495
350.493
350.49
350.484
350.438
350.457
350.471
350.481
350.487
350.491
350.492
350.491
350.487
350.481
350.424
350.448
350.466
350.477
350.483
350.487
350.488
350.486
350.482
350.475
349.499
349.526
349.546
349.559
349.568
349.573
349.574
349.572
349.566
349.554
349.514
349.535
349.552
349.564
349.572
349.577
349.578
349.577
349.571
349.562
349.523
349.541
349.556
349.567
349.575
349.58
349.581
349.58
349.575
349.567
349.529
349.546
349.56
349.57
349.577
349.582
349.583
349.582
349.578
349.57
349.531
349.548
349.561
349.571
349.578
349.583
349.584
349.583
349.579
349.572
349.531
349.548
349.561
349.571
349.578
349.582
349.584
349.583
349.579
349.573
349.529
349.546
349.56
349.57
349.577
349.581
349.583
349.582
349.578
349.572
349.523
349.542
349.557
349.567
349.575
349.579
349.581
349.58
349.576
349.569
349.514
349.535
349.552
349.564
349.571
349.576
349.578
349.576
349.572
349.565
349.499
349.526
349.546
349.559
349.567
349.572
349.573
349.572
349.566
349.558
348.663
348.69
348.712
348.727
348.736
348.742
348.744
348.742
348.736
348.724
348.677
348.699
348.718
348.731
348.741
348.747
348.749
348.748
348.742
348.732
348.687
348.707
348.723
348.735
348.744
348.75
348.752
348.751
348.746
348.738
348.693
348.711
348.726
348.738
348.747
348.752
348.754
348.753
348.749
348.742
348.696
348.714
348.728
348.74
348.748
348.753
348.755
348.755
348.751
348.743
348.696
348.714
348.728
348.74
348.748
348.753
348.755
348.755
348.751
348.744
348.693
348.712
348.727
348.738
348.747
348.752
348.754
348.753
348.75
348.743
348.688
348.707
348.723
348.736
348.744
348.749
348.752
348.751
348.747
348.74
348.678
348.7
348.718
348.731
348.741
348.746
348.748
348.747
348.742
348.735
348.663
348.69
348.712
348.726
348.736
348.742
348.744
348.742
348.737
348.728
347.933
347.961
347.983
347.999
348.01
348.017
348.02
348.018
348.012
348.001
347.948
347.971
347.989
348.004
348.015
348.022
348.025
348.023
348.018
348.009
347.958
347.978
347.995
348.009
348.019
348.025
348.028
348.027
348.023
348.015
347.964
347.983
347.998
348.012
348.021
348.027
348.03
348.03
348.026
348.019
347.967
347.985
348
348.013
348.022
348.028
348.031
348.031
348.027
348.02
347.967
347.985
348.001
348.013
348.022
348.028
348.031
348.031
348.027
348.021
347.964
347.983
347.999
348.012
348.021
348.027
348.03
348.03
348.026
348.02
347.958
347.978
347.995
348.009
348.018
348.024
348.027
348.027
348.023
348.017
347.948
347.971
347.99
348.004
348.015
348.021
348.024
348.023
348.019
348.012
347.933
347.961
347.983
347.999
348.01
348.016
348.019
348.018
348.013
348.005
347.326
347.354
347.377
347.395
347.407
347.415
347.418
347.417
347.411
347.4
347.341
347.364
347.384
347.4
347.412
347.419
347.423
347.422
347.417
347.408
347.351
347.371
347.389
347.404
347.415
347.423
347.426
347.426
347.422
347.414
347.357
347.376
347.393
347.407
347.418
347.425
347.428
347.428
347.425
347.418
347.36
347.379
347.395
347.409
347.419
347.426
347.429
347.429
347.426
347.42
347.36
347.379
347.395
347.409
347.419
347.426
347.429
347.429
347.426
347.42
347.357
347.377
347.393
347.407
347.418
347.425
347.428
347.428
347.425
347.419
347.351
347.372
347.389
347.404
347.415
347.422
347.425
347.425
347.421
347.416
347.341
347.364
347.384
347.399
347.411
347.418
347.421
347.421
347.417
347.411
347.326
347.354
347.377
347.394
347.406
347.414
347.417
347.416
347.412
347.404
346.854
346.883
346.907
346.926
346.94
346.948
346.952
346.951
346.946
346.936
346.869
346.893
346.914
346.932
346.944
346.953
346.957
346.956
346.952
346.944
346.879
346.901
346.92
346.936
346.948
346.956
346.96
346.96
346.957
346.949
346.886
346.906
346.924
346.94
346.951
346.959
346.963
346.963
346.96
346.953
346.888
346.908
346.926
346.941
346.952
346.96
346.964
346.964
346.961
346.954
346.888
346.908
346.926
346.941
346.952
346.96
346.964
346.964
346.961
346.955
346.885
346.906
346.924
346.939
346.951
346.958
346.962
346.962
346.959
346.953
346.879
346.9
346.92
346.936
346.948
346.955
346.959
346.959
346.956
346.95
346.869
346.892
346.914
346.931
346.943
346.951
346.955
346.955
346.952
346.946
346.853
346.882
346.907
346.925
346.938
346.947
346.951
346.95
346.946
346.939
346.527
346.557
346.584
346.605
346.619
346.629
346.633
346.633
346.627
346.618
346.542
346.568
346.592
346.611
346.625
346.634
346.638
346.638
346.634
346.625
346.553
346.577
346.598
346.616
346.629
346.637
346.642
346.642
346.638
346.631
346.56
346.582
346.602
346.619
346.632
346.64
346.644
346.644
346.641
346.634
346.563
346.585
346.604
346.621
346.633
346.641
346.645
346.645
346.642
346.636
346.562
346.585
346.605
346.621
346.633
346.641
346.645
346.645
346.642
346.636
346.559
346.582
346.603
346.619
346.631
346.639
346.644
346.644
346.641
346.634
346.553
346.577
346.598
346.616
346.628
346.636
346.64
346.64
346.637
346.631
346.542
346.568
346.592
346.61
346.624
346.632
346.636
346.636
346.633
346.627
346.526
346.556
346.584
346.604
346.618
346.627
346.631
346.631
346.627
346.619
346.35
346.384
346.415
346.438
346.454
346.464
346.469
346.468
346.462
346.452
346.367
346.398
346.424
346.445
346.46
346.469
346.474
346.474
346.469
346.46
346.379
346.407
346.432
346.451
346.465
346.474
346.478
346.478
346.474
346.465
346.386
346.413
346.436
346.455
346.468
346.476
346.481
346.481
346.477
346.469
346.389
346.416
346.438
346.456
346.469
346.477
346.481
346.482
346.478
346.47
346.389
346.416
346.439
346.456
346.469
346.477
346.481
346.482
346.478
346.471
346.386
346.414
346.437
346.455
346.468
346.476
346.48
346.48
346.476
346.469
346.379
346.408
346.432
346.451
346.464
346.473
346.477
346.476
346.473
346.466
346.367
346.398
346.425
346.445
346.459
346.468
346.472
346.472
346.468
346.461
346.35
346.384
346.415
346.438
346.452
346.462
346.466
346.466
346.461
346.453
)
;

boundaryField
{
    bodyBottom
    {
        type            fixedValue;
        value           uniform 353;
    }
    solid_to_fluid
    {
        type            compressible::turbulentTemperatureCoupledBaffleMixed;
        refValue        nonuniform List<scalar> 
500
(
323.313
327.956
329.982
331.158
331.74
331.719
331.125
329.948
327.923
323.231
312.634
317.455
321.432
323.564
324.494
324.467
323.506
321.371
317.394
312.563
307.81
311.524
314.663
316.34
317.081
317.047
316.298
314.623
311.485
307.764
306.585
309.906
312.642
314.038
314.64
314.614
314.009
312.613
309.878
306.548
306.256
309.479
312.087
313.383
313.941
313.919
313.358
312.063
309.455
306.223
306.337
309.6
312.242
313.535
314.095
314.073
313.513
312.22
309.579
306.305
306.326
309.562
312.207
313.48
314.027
314.006
313.458
312.186
309.541
306.295
305.818
308.831
311.322
312.49
312.982
312.963
312.471
311.303
308.812
305.789
304.47
306.986
309.1
310.078
310.485
310.47
310.064
309.086
306.97
304.446
302.704
304.539
306.111
306.815
307.095
307.086
306.808
306.104
304.53
302.687
324.168
338.038
340.853
343.668
342.4
342.117
341.296
340.341
339.194
337.75
315.611
337.576
341.947
344.041
343.481
343.11
342.209
341.109
340.01
338.477
311.405
334.671
341.196
343.044
342.633
342.428
341.637
340.741
339.703
336.925
310.157
333.802
340.234
341.685
341.434
341.562
340.81
340.085
338.849
334.643
309.72
333.205
339.045
340.334
340.047
340.389
339.686
339.144
337.917
333.393
309.674
332.733
338.24
339.497
339.258
339.67
339.048
338.562
337.43
333.162
309.574
331.917
337.747
339.02
338.856
339.121
338.609
338.081
337.127
333.317
309.127
330.53
337.684
339.031
339.065
339.168
338.745
337.875
336.711
333.485
308.089
327.184
336.784
338.392
338.931
338.815
338.321
337.485
335.887
332.988
306.501
319.073
331.125
335.503
336.01
336.509
336.708
335.275
333.199
330.66
341.099
342.107
342.338
342.885
343.446
343.978
344.447
344.812
344.735
343.116
334.407
336.015
337.029
338.442
339.614
340.523
341.258
341.803
341.82
340.023
327.728
329.629
331.332
333.17
334.797
336.165
337.225
337.839
337.548
335.362
324.367
326.583
328.851
330.731
332.297
333.583
334.528
334.971
334.404
331.94
323.263
325.638
328.468
330.459
332.087
333.384
334.261
334.55
333.743
331.045
323.095
325.473
328.614
330.636
332.333
333.692
334.599
334.878
334.034
331.295
323.189
325.437
328.552
330.511
332.267
333.737
334.773
335.184
334.483
331.887
323.67
325.634
328.325
330.14
331.865
333.407
334.602
335.25
334.871
332.634
324.669
325.985
327.846
329.304
330.832
332.346
333.683
334.658
334.826
333.28
325.581
325.574
326.329
327.241
328.436
329.814
331.23
332.55
333.423
332.88
324.3
338.156
341.008
343.818
342.628
342.312
341.476
340.549
339.46
337.843
315.736
337.724
342.116
344.154
343.607
343.168
342.187
341.002
339.624
336.861
311.499
334.794
341.282
343.023
342.561
342.257
341.287
340.174
338.413
332.846
310.237
333.881
340.221
341.541
341.156
341.111
340.167
339.157
336.695
329.37
309.793
333.239
338.932
340.097
339.593
339.619
338.746
337.929
335.149
327.573
309.744
332.736
338.012
339.098
338.594
338.668
337.844
337.055
334.251
326.904
309.644
331.93
337.437
338.413
338.012
338.092
337.209
336.224
333.678
326.699
309.196
330.601
337.339
338.383
338.147
337.932
337.076
335.869
333.536
327.002
308.157
327.521
336.807
338.049
338.286
337.799
337.048
335.754
333.033
327.729
306.566
319.511
332.356
335.882
335.858
336.646
336.494
334.837
332.341
328.05
306.684
319.981
331.275
333.724
334.218
334.99
335.19
334.242
331.982
327.844
308.425
329.005
336.951
338.627
338.557
338.516
338.109
336.92
334.488
329.854
309.659
332.528
338.196
339.943
339.898
339.575
338.937
337.776
335.608
330.564
310.252
333.663
337.265
338.988
339.357
339.439
339.089
338.202
336.289
331.155
310.508
334.303
336.522
337.972
338.565
338.736
338.695
338.303
336.911
331.933
310.506
334.349
336.523
337.881
338.348
338.421
338.387
338.182
337.298
332.8
310.261
333.849
337.244
338.686
338.82
338.699
338.383
337.862
337.054
333.483
309.673
332.787
338.256
340.01
340.048
339.723
339.015
337.962
336.448
333.66
308.443
329.599
337.782
339.497
339.394
339.208
338.841
337.916
335.999
332.922
306.701
320.498
332.848
335.031
334.988
335.575
335.967
335.784
334.43
331.48
)
;
        refGradient     uniform 0;
        valueFraction   nonuniform List<scalar> 
500
(
0.000301416
0.000301416
0.000301416
0.000301416
0.000301416
0.000301416
0.000301416
0.000301416
0.000301416
0.000301416
0.000301416
0.000301416
0.000301416
0.000301416
0.000301416
0.000301416
0.000301416
0.000301416
0.000301416
0.000301416
0.000301416
0.000301416
0.000301416
0.000301416
0.000301416
0.000301416
0.000301416
0.000301416
0.000301416
0.000301416
0.000301416
0.000301416
0.000301416
0.000301416
0.000301416
0.000301416
0.000301416
0.000301416
0.000301416
0.000301416
0.000301416
0.000301416
0.000301416
0.000301416
0.000301416
0.000301416
0.000301416
0.000301416
0.000301416
0.000301416
0.000301416
0.000301416
0.000301416
0.000301416
0.000301416
0.000301416
0.000301416
0.000301416
0.000301416
0.000301416
0.000301416
0.000301416
0.000301416
0.000301416
0.000301416
0.000301416
0.000301416
0.000301416
0.000301416
0.000301416
0.000301416
0.000301416
0.000301416
0.000301416
0.000301416
0.000301416
0.000301416
0.000301416
0.000301416
0.000301416
0.000301416
0.000301416
0.000301416
0.000301416
0.000301416
0.000301416
0.000301416
0.000301416
0.000301416
0.000301416
0.000301416
0.000301416
0.000301416
0.000301416
0.000301416
0.000301416
0.000301416
0.000301416
0.000301416
0.000301416
0.000302436
0.000302436
0.000302436
0.000302436
0.000302436
0.000302436
0.000302436
0.000302436
0.000302436
0.000302436
0.000302436
0.000302436
0.000302436
0.000302436
0.000302436
0.000302436
0.000302436
0.000302436
0.000302436
0.000302436
0.000302436
0.000302436
0.000302436
0.000302436
0.000302436
0.000302436
0.000302436
0.000302436
0.000302436
0.000302436
0.000302436
0.000302436
0.000302436
0.000302436
0.000302436
0.000302436
0.000302436
0.000302436
0.000302436
0.000302436
0.000302436
0.000302436
0.000302436
0.000302436
0.000302436
0.000302436
0.000302436
0.000302436
0.000302436
0.000302436
0.000302436
0.000302436
0.000302436
0.000302436
0.000302436
0.000302436
0.000302436
0.000302436
0.000302436
0.000302436
0.000302436
0.000302436
0.000302436
0.000302436
0.000302436
0.000302436
0.000302436
0.000302436
0.000302436
0.000302436
0.000302436
0.000302436
0.000302436
0.000302436
0.000302436
0.000302436
0.000302436
0.000302436
0.000302436
0.000302436
0.000302436
0.000302436
0.000302436
0.000302436
0.000302436
0.000302436
0.000302436
0.000302436
0.000302436
0.000302436
0.000302436
0.000302436
0.000302436
0.000302436
0.000302436
0.000302436
0.000302436
0.000302436
0.000302436
0.000302436
0.000300478
0.000300478
0.000300478
0.000300478
0.000300478
0.000300478
0.000300478
0.000300478
0.000300478
0.000300478
0.000300478
0.000300478
0.000300478
0.000300478
0.000300478
0.000300478
0.000300478
0.000300478
0.000300478
0.000300478
0.000300478
0.000300478
0.000300478
0.000300478
0.000300478
0.000300478
0.000300478
0.000300478
0.000300478
0.000300478
0.000300478
0.000300478
0.000300478
0.000300478
0.000300478
0.000300478
0.000300478
0.000300478
0.000300478
0.000300478
0.000300478
0.000300478
0.000300478
0.000300478
0.000300478
0.000300478
0.000300478
0.000300478
0.000300478
0.000300478
0.000300478
0.000300478
0.000300478
0.000300478
0.000300478
0.000300478
0.000300478
0.000300478
0.000300478
0.000300478
0.000300478
0.000300478
0.000300478
0.000300478
0.000300478
0.000300478
0.000300478
0.000300478
0.000300478
0.000300478
0.000300478
0.000300478
0.000300478
0.000300478
0.000300478
0.000300478
0.000300478
0.000300478
0.000300478
0.000300478
0.000300478
0.000300478
0.000300478
0.000300478
0.000300478
0.000300478
0.000300478
0.000300478
0.000300478
0.000300478
0.000300478
0.000300478
0.000300478
0.000300478
0.000300478
0.000300478
0.000300478
0.000300478
0.000300478
0.000300478
0.000302436
0.000302436
0.000302436
0.000302436
0.000302436
0.000302436
0.000302436
0.000302436
0.000302436
0.000302436
0.000302436
0.000302436
0.000302436
0.000302436
0.000302436
0.000302436
0.000302436
0.000302436
0.000302436
0.000302436
0.000302436
0.000302436
0.000302436
0.000302436
0.000302436
0.000302436
0.000302436
0.000302436
0.000302436
0.000302436
0.000302436
0.000302436
0.000302436
0.000302436
0.000302436
0.000302436
0.000302436
0.000302436
0.000302436
0.000302436
0.000302436
0.000302436
0.000302436
0.000302436
0.000302436
0.000302436
0.000302436
0.000302436
0.000302436
0.000302436
0.000302436
0.000302436
0.000302436
0.000302436
0.000302436
0.000302436
0.000302436
0.000302436
0.000302436
0.000302436
0.000302436
0.000302436
0.000302436
0.000302436
0.000302436
0.000302436
0.000302436
0.000302436
0.000302436
0.000302436
0.000302436
0.000302436
0.000302436
0.000302436
0.000302436
0.000302436
0.000302436
0.000302436
0.000302436
0.000302436
0.000302436
0.000302436
0.000302436
0.000302436
0.000302436
0.000302436
0.000302436
0.000302436
0.000302436
0.000302436
0.000302436
0.000302436
0.000302436
0.000302436
0.000302436
0.000302436
0.000302436
0.000302436
0.000302436
0.000302436
0.000301115
0.000301115
0.000301115
0.000301115
0.000301115
0.000301115
0.000301115
0.000301115
0.000301115
0.000301115
0.000301115
0.000301115
0.000301115
0.000301115
0.000301115
0.000301115
0.000301115
0.000301115
0.000301115
0.000301115
0.000301115
0.000301115
0.000301115
0.000301115
0.000301115
0.000301115
0.000301115
0.000301115
0.000301115
0.000301115
0.000301115
0.000301115
0.000301115
0.000301115
0.000301115
0.000301115
0.000301115
0.000301115
0.000301115
0.000301115
0.000301115
0.000301115
0.000301115
0.000301115
0.000301115
0.000301115
0.000301115
0.000301115
0.000301115
0.000301115
0.000301115
0.000301115
0.000301115
0.000301115
0.000301115
0.000301115
0.000301115
0.000301115
0.000301115
0.000301115
0.000301115
0.000301115
0.000301115
0.000301115
0.000301115
0.000301115
0.000301115
0.000301115
0.000301115
0.000301115
0.000301115
0.000301115
0.000301115
0.000301115
0.000301115
0.000301115
0.000301115
0.000301115
0.000301115
0.000301115
0.000301115
0.000301115
0.000301115
0.000301115
0.000301115
0.000301115
0.000301115
0.000301115
0.000301115
0.000301115
0.000301115
0.000301115
0.000301115
0.000301115
0.000301115
0.000301115
0.000301115
0.000301115
0.000301115
0.000301115
)
;
        source          uniform 0;
        Tnbr            T;
        kappaMethod     solidThermo;
        value           nonuniform List<scalar> 
500
(
352.454
352.462
352.465
352.467
352.468
352.468
352.467
352.465
352.462
352.454
351.407
351.42
351.428
351.432
351.434
351.434
351.432
351.428
351.42
351.407
350.411
350.426
350.435
350.441
350.443
350.443
350.441
350.435
350.426
350.411
349.486
349.501
349.511
349.518
349.52
349.52
349.518
349.512
349.502
349.486
348.65
348.665
348.676
348.682
348.685
348.685
348.682
348.676
348.666
348.65
347.92
347.936
347.947
347.953
347.956
347.956
347.953
347.947
347.936
347.92
347.313
347.329
347.34
347.346
347.349
347.349
347.347
347.34
347.329
347.313
346.841
346.857
346.868
346.875
346.878
346.877
346.874
346.868
346.856
346.84
346.513
346.53
346.541
346.548
346.551
346.551
346.548
346.541
346.529
346.513
346.337
346.354
346.366
346.373
346.376
346.376
346.373
346.366
346.354
346.336
352.454
352.468
352.474
352.478
352.479
352.48
352.479
352.478
352.477
352.474
351.408
351.434
351.448
351.456
351.46
351.462
351.462
351.461
351.457
351.451
350.412
350.443
350.463
350.474
350.481
350.484
350.485
350.483
350.478
350.47
349.487
349.521
349.542
349.556
349.564
349.569
349.57
349.568
349.563
349.553
348.651
348.685
348.708
348.723
348.733
348.739
348.741
348.739
348.733
348.723
347.921
347.956
347.98
347.996
348.007
348.013
348.016
348.015
348.009
348
347.314
347.349
347.374
347.391
347.403
347.41
347.414
347.413
347.408
347.399
346.841
346.877
346.903
346.922
346.935
346.944
346.948
346.947
346.942
346.934
346.514
346.55
346.58
346.601
346.615
346.624
346.628
346.628
346.623
346.615
346.337
346.375
346.41
346.434
346.449
346.458
346.463
346.462
346.456
346.448
352.474
352.477
352.479
352.48
352.48
352.481
352.481
352.48
352.479
352.475
351.449
351.454
351.458
351.46
351.461
351.462
351.462
351.46
351.458
351.452
350.465
350.472
350.476
350.48
350.482
350.483
350.482
350.48
350.476
350.47
349.547
349.555
349.56
349.564
349.567
349.567
349.567
349.564
349.56
349.552
348.716
348.725
348.731
348.736
348.738
348.739
348.738
348.735
348.73
348.722
347.993
348.002
348.008
348.013
348.015
348.016
348.015
348.012
348.007
347.999
347.392
347.401
347.408
347.412
347.414
347.415
347.414
347.411
347.406
347.399
346.928
346.937
346.943
346.947
346.949
346.95
346.949
346.946
346.941
346.934
346.61
346.619
346.624
346.628
346.63
346.631
346.63
346.627
346.622
346.615
346.445
346.453
346.459
346.462
346.464
346.465
346.464
346.461
346.456
346.448
352.454
352.468
352.474
352.478
352.479
352.48
352.48
352.479
352.477
352.473
351.408
351.434
351.448
351.456
351.461
351.463
351.463
351.461
351.457
351.449
350.412
350.444
350.463
350.475
350.481
350.485
350.486
350.483
350.477
350.466
349.487
349.521
349.543
349.557
349.565
349.57
349.571
349.568
349.561
349.548
348.651
348.685
348.708
348.724
348.733
348.739
348.741
348.739
348.731
348.717
347.921
347.956
347.98
347.996
348.007
348.014
348.016
348.014
348.007
347.994
347.314
347.349
347.374
347.391
347.403
347.411
347.414
347.413
347.406
347.393
346.842
346.877
346.904
346.923
346.936
346.945
346.948
346.947
346.941
346.929
346.515
346.551
346.581
346.602
346.616
346.625
346.63
346.629
346.623
346.611
346.338
346.375
346.41
346.434
346.45
346.46
346.465
346.464
346.457
346.446
346.338
346.375
346.41
346.433
346.449
346.459
346.464
346.463
346.457
346.446
346.355
346.392
346.421
346.442
346.457
346.466
346.471
346.47
346.465
346.454
346.367
346.402
346.428
346.448
346.462
346.471
346.475
346.475
346.47
346.46
346.374
346.409
346.433
346.452
346.465
346.473
346.478
346.477
346.473
346.463
346.377
346.412
346.435
346.453
346.466
346.474
346.478
346.479
346.475
346.465
346.377
346.412
346.435
346.453
346.466
346.474
346.478
346.479
346.475
346.466
346.374
346.409
346.434
346.452
346.465
346.473
346.477
346.477
346.473
346.465
346.367
346.403
346.429
346.449
346.462
346.47
346.474
346.473
346.469
346.461
346.355
346.392
346.421
346.442
346.456
346.465
346.469
346.469
346.464
346.456
346.337
346.375
346.41
346.433
346.448
346.458
346.463
346.462
346.457
346.448
)
;
    }
}


// ************************************************************************* //
