/*--------------------------------*- C++ -*----------------------------------*\
| =========                 |                                                 |
| \\      /  F ield         | OpenFOAM: The Open Source CFD Toolbox           |
|  \\    /   O peration     | Version:  2412                                  |
|   \\  /    A nd           | Website:  www.openfoam.com                      |
|    \\/     M anipulation  |                                                 |
\*---------------------------------------------------------------------------*/
FoamFile
{
    version     2.0;
    format      ascii;
    arch        "LSB;label=32;scalar=64";
    class       volScalarField;
    location    "4.8/solid";
    object      wallHeatFlux;
}
// * * * * * * * * * * * * * * * * * * * * * * * * * * * * * * * * * * * * * //

dimensions      [1 0 -3 0 0 0 0];

internalField   uniform 0;

boundaryField
{
    bodyBottom
    {
        type            calculated;
        value           nonuniform List<scalar> 
100
(
110085
108855
108240
107830
107830
107830
107830
108240
108855
110085
108240
107420
107010
106805
106600
106600
106805
107010
107420
108240
107010
106600
106190
106190
105985
105985
106190
106190
106600
107215
106395
105985
105780
105780
105575
105575
105780
105780
105985
106395
106190
105780
105575
105370
105370
105370
105370
105575
105780
106190
105985
105575
105370
105370
105165
105165
105370
105370
105575
105985
105985
105575
105370
105165
105165
105165
105165
105370
105575
105985
106190
105575
105370
105370
105370
105370
105370
105370
105575
106190
106395
105985
105575
105575
105575
105575
105575
105575
105985
106395
107010
106395
106190
105985
105985
105985
105985
105985
106395
107010
)
;
    }
    solid_to_fluid
    {
        type            calculated;
        value           nonuniform List<scalar> 
500
(
-1845
-1435
-1435
-1435
-1230
-1230
-1435
-1435
-1435
-1845
-2460
-2050
-1845
-1845
-1845
-1845
-1845
-1845
-2050
-2460
-2665
-2460
-2255
-2255
-2255
-2255
-2255
-2460
-2460
-2665
-2665
-2665
-2460
-2255
-2255
-2255
-2255
-2255
-2460
-2665
-2665
-2460
-2255
-2255
-2255
-2255
-2255
-2460
-2460
-2665
-2665
-2460
-2255
-2255
-2255
-2255
-2255
-2255
-2460
-2665
-2665
-2460
-2255
-2255
-2255
-2255
-2050
-2255
-2460
-2665
-2665
-2460
-2255
-2255
-2050
-2255
-2255
-2255
-2665
-2665
-2870
-2460
-2460
-2460
-2460
-2255
-2255
-2460
-2665
-2665
-2665
-2665
-2665
-2665
-2665
-2665
-2665
-2665
-2665
-2870
-1845
-820
-615
-615
-615
-615
-820
-820
-820
-820
-2255
-820
-615
-615
-615
-615
-615
-615
-820
-1025
-2460
-1025
-615
-615
-410
-615
-615
-615
-820
-1025
-2460
-1025
-820
-615
-615
-615
-615
-820
-615
-1025
-2460
-1025
-820
-615
-615
-615
-615
-615
-820
-1025
-2460
-1025
-615
-615
-615
-615
-615
-615
-820
-1025
-2460
-1025
-615
-615
-615
-820
-615
-615
-820
-1025
-2460
-1025
-820
-615
-615
-615
-615
-615
-820
-1025
-2460
-1230
-820
-615
-615
-615
-615
-615
-820
-820
-2665
-1845
-1025
-820
-615
-820
-615
-820
-1025
-1025
-820
-820
-615
-615
-615
-410
-410
-615
-410
-615
-1025
-1025
-820
-820
-820
-615
-615
-820
-615
-820
-1435
-1230
-1230
-1025
-1025
-820
-1025
-820
-1025
-1025
-1435
-1435
-1435
-1230
-1025
-1230
-1025
-1025
-1025
-1230
-1640
-1435
-1435
-1230
-1025
-1025
-1025
-1025
-1025
-1230
-1640
-1435
-1435
-1230
-1025
-1025
-1025
-1025
-1025
-1230
-1640
-1435
-1230
-1230
-1230
-1025
-1025
-1025
-1025
-1025
-1640
-1435
-1230
-1230
-1025
-1025
-820
-820
-1025
-1025
-1640
-1230
-1435
-1230
-1230
-1025
-820
-820
-1025
-820
-1435
-1435
-1230
-1435
-1230
-1230
-1025
-1025
-1025
-1025
-1845
-820
-820
-615
-615
-615
-615
-615
-820
-1025
-2255
-820
-615
-615
-410
-615
-615
-615
-820
-1025
-2460
-1025
-615
-410
-615
-615
-615
-820
-820
-1230
-2460
-1025
-615
-410
-615
-615
-615
-820
-1025
-1230
-2460
-1025
-820
-615
-615
-615
-615
-615
-1025
-1435
-2460
-1025
-615
-615
-615
-615
-820
-820
-1025
-1435
-2460
-1025
-615
-820
-820
-820
-820
-820
-1025
-1435
-2460
-1230
-615
-615
-820
-615
-820
-820
-1025
-1435
-2460
-1230
-615
-615
-615
-820
-615
-820
-820
-1435
-2460
-1845
-1025
-820
-820
-820
-820
-820
-1025
-1230
-2460
-1845
-1025
-1025
-1025
-1025
-1025
-1025
-1025
-1230
-2460
-1230
-615
-615
-615
-615
-615
-820
-820
-1230
-2460
-1025
-820
-615
-615
-615
-615
-615
-820
-1025
-2460
-820
-615
-615
-615
-615
-615
-820
-820
-1230
-2460
-820
-615
-615
-615
-615
-615
-615
-615
-1025
-2460
-820
-820
-615
-615
-615
-615
-615
-615
-1025
-2460
-1025
-615
-615
-615
-615
-615
-615
-615
-820
-2460
-1025
-615
-410
-410
-615
-615
-615
-820
-1025
-2460
-1230
-820
-615
-615
-615
-615
-615
-820
-1025
-2665
-1845
-1025
-1025
-820
-820
-615
-820
-820
-1025
)
;
    }
}


// ************************************************************************* //
