/*--------------------------------*- C++ -*----------------------------------*\
| =========                 |                                                 |
| \\      /  F ield         | OpenFOAM: The Open Source CFD Toolbox           |
|  \\    /   O peration     | Version:  2412                                  |
|   \\  /    A nd           | Website:  www.openfoam.com                      |
|    \\/     M anipulation  |                                                 |
\*---------------------------------------------------------------------------*/
FoamFile
{
    version     2.0;
    format      ascii;
    arch        "LSB;label=32;scalar=64";
    class       volScalarField;
    location    "1.6/solid";
    object      T;
}
// * * * * * * * * * * * * * * * * * * * * * * * * * * * * * * * * * * * * * //

dimensions      [0 0 0 1 0 0 0];

internalField   nonuniform List<scalar> 
1000
(
350.357
350.366
350.37
350.373
350.374
350.374
350.374
350.373
350.371
350.368
350.363
350.369
350.373
350.375
350.375
350.376
350.376
350.375
350.374
350.371
350.365
350.371
350.374
350.375
350.376
350.376
350.376
350.376
350.375
350.372
350.366
350.372
350.374
350.375
350.376
350.377
350.377
350.376
350.375
350.373
350.367
350.372
350.374
350.376
350.376
350.377
350.377
350.377
350.375
350.373
350.367
350.372
350.374
350.376
350.376
350.377
350.377
350.377
350.375
350.373
350.366
350.372
350.374
350.376
350.376
350.377
350.377
350.376
350.375
350.373
350.365
350.371
350.374
350.375
350.376
350.376
350.376
350.376
350.375
350.372
350.363
350.369
350.373
350.374
350.375
350.376
350.376
350.375
350.374
350.371
350.357
350.366
350.37
350.372
350.373
350.374
350.374
350.373
350.371
350.368
345.155
345.172
345.182
345.188
345.191
345.192
345.192
345.19
345.186
345.179
345.165
345.178
345.186
345.19
345.193
345.194
345.194
345.193
345.189
345.183
345.17
345.181
345.187
345.191
345.194
345.195
345.195
345.194
345.191
345.186
345.173
345.183
345.189
345.192
345.194
345.195
345.196
345.195
345.193
345.187
345.174
345.183
345.189
345.193
345.194
345.196
345.196
345.196
345.193
345.188
345.173
345.183
345.189
345.193
345.194
345.196
345.196
345.196
345.193
345.188
345.173
345.182
345.189
345.193
345.194
345.195
345.196
345.195
345.193
345.187
345.17
345.181
345.188
345.192
345.194
345.195
345.195
345.194
345.191
345.186
345.165
345.177
345.185
345.19
345.192
345.194
345.194
345.193
345.189
345.183
345.155
345.171
345.181
345.187
345.19
345.191
345.191
345.19
345.186
345.179
340.161
340.18
340.193
340.2
340.204
340.206
340.206
340.204
340.199
340.19
340.171
340.186
340.196
340.203
340.206
340.208
340.209
340.207
340.202
340.195
340.177
340.189
340.197
340.203
340.207
340.209
340.209
340.208
340.205
340.198
340.18
340.192
340.2
340.205
340.207
340.209
340.21
340.21
340.207
340.2
340.181
340.193
340.2
340.205
340.207
340.209
340.211
340.21
340.207
340.201
340.181
340.192
340.2
340.205
340.207
340.209
340.211
340.21
340.207
340.201
340.18
340.192
340.199
340.205
340.207
340.209
340.21
340.209
340.206
340.2
340.177
340.19
340.198
340.204
340.206
340.208
340.209
340.207
340.204
340.198
340.171
340.186
340.195
340.201
340.205
340.207
340.208
340.207
340.202
340.195
340.16
340.179
340.191
340.199
340.202
340.205
340.206
340.204
340.199
340.19
335.492
335.511
335.524
335.532
335.537
335.539
335.54
335.538
335.533
335.524
335.501
335.516
335.527
335.535
335.538
335.541
335.542
335.54
335.536
335.529
335.507
335.519
335.528
335.535
335.539
335.541
335.543
335.541
335.538
335.532
335.511
335.523
335.531
335.536
335.539
335.542
335.543
335.543
335.54
335.535
335.512
335.523
335.531
335.537
335.539
335.542
335.544
335.543
335.541
335.535
335.512
335.523
335.531
335.536
335.539
335.542
335.544
335.543
335.541
335.535
335.511
335.523
335.531
335.537
335.54
335.542
335.543
335.543
335.54
335.534
335.509
335.521
335.53
335.536
335.539
335.541
335.542
335.541
335.538
335.532
335.503
335.517
335.528
335.534
335.538
335.54
335.542
335.54
335.536
335.529
335.492
335.511
335.524
335.531
335.535
335.538
335.54
335.538
335.533
335.524
331.26
331.277
331.29
331.298
331.303
331.306
331.307
331.306
331.301
331.294
331.268
331.282
331.293
331.3
331.305
331.307
331.309
331.308
331.304
331.298
331.273
331.285
331.294
331.301
331.305
331.308
331.309
331.308
331.306
331.301
331.277
331.288
331.296
331.302
331.305
331.308
331.31
331.31
331.309
331.304
331.277
331.288
331.296
331.302
331.305
331.308
331.31
331.31
331.309
331.304
331.278
331.289
331.297
331.302
331.305
331.308
331.31
331.31
331.309
331.304
331.278
331.289
331.298
331.303
331.306
331.308
331.31
331.31
331.308
331.303
331.276
331.288
331.297
331.303
331.305
331.307
331.309
331.308
331.306
331.301
331.27
331.284
331.294
331.301
331.304
331.307
331.309
331.307
331.304
331.298
331.261
331.278
331.291
331.298
331.302
331.305
331.307
331.306
331.302
331.294
327.568
327.584
327.595
327.603
327.608
327.612
327.614
327.612
327.609
327.604
327.577
327.589
327.598
327.605
327.61
327.614
327.616
327.614
327.612
327.608
327.581
327.592
327.599
327.606
327.611
327.614
327.616
327.615
327.615
327.612
327.583
327.593
327.6
327.607
327.611
327.614
327.616
327.617
327.617
327.614
327.583
327.593
327.6
327.607
327.61
327.613
327.615
327.616
327.616
327.613
327.584
327.594
327.601
327.607
327.61
327.613
327.616
327.617
327.616
327.613
327.584
327.595
327.603
327.608
327.611
327.614
327.617
327.617
327.615
327.612
327.582
327.593
327.602
327.608
327.611
327.613
327.615
327.615
327.613
327.61
327.577
327.59
327.6
327.606
327.609
327.612
327.614
327.615
327.613
327.608
327.568
327.585
327.597
327.604
327.607
327.611
327.613
327.613
327.611
327.605
324.505
324.52
324.529
324.537
324.542
324.546
324.549
324.547
324.545
324.542
324.513
324.524
324.532
324.539
324.544
324.548
324.55
324.549
324.549
324.546
324.517
324.526
324.533
324.54
324.545
324.549
324.55
324.55
324.551
324.549
324.518
324.527
324.533
324.541
324.545
324.548
324.551
324.552
324.553
324.551
324.517
324.526
324.533
324.54
324.544
324.547
324.549
324.551
324.552
324.55
324.517
324.526
324.533
324.539
324.542
324.547
324.55
324.552
324.551
324.549
324.518
324.527
324.534
324.54
324.543
324.548
324.551
324.552
324.551
324.548
324.516
324.526
324.534
324.54
324.543
324.546
324.55
324.55
324.549
324.547
324.511
324.523
324.532
324.538
324.542
324.545
324.549
324.55
324.55
324.546
324.504
324.519
324.529
324.536
324.54
324.545
324.548
324.549
324.548
324.543
322.14
322.153
322.163
322.17
322.176
322.18
322.183
322.182
322.181
322.179
322.147
322.158
322.165
322.172
322.178
322.182
322.185
322.184
322.184
322.183
322.151
322.16
322.165
322.174
322.179
322.183
322.185
322.184
322.187
322.186
322.151
322.16
322.166
322.175
322.179
322.182
322.185
322.186
322.188
322.187
322.15
322.158
322.166
322.173
322.177
322.18
322.183
322.185
322.187
322.186
322.149
322.157
322.165
322.172
322.176
322.18
322.184
322.186
322.186
322.185
322.149
322.158
322.166
322.173
322.177
322.181
322.185
322.186
322.186
322.184
322.148
322.157
322.165
322.173
322.176
322.18
322.184
322.184
322.184
322.183
322.143
322.155
322.163
322.171
322.175
322.179
322.183
322.185
322.185
322.183
322.136
322.15
322.161
322.168
322.173
322.178
322.183
322.185
322.184
322.181
320.528
320.542
320.551
320.559
320.565
320.57
320.573
320.573
320.572
320.571
320.535
320.546
320.553
320.562
320.568
320.572
320.575
320.575
320.575
320.574
320.539
320.548
320.554
320.564
320.569
320.573
320.576
320.575
320.577
320.577
320.54
320.548
320.556
320.565
320.569
320.572
320.575
320.576
320.578
320.578
320.538
320.547
320.556
320.563
320.567
320.571
320.573
320.575
320.577
320.577
320.537
320.547
320.556
320.563
320.567
320.571
320.574
320.576
320.577
320.576
320.538
320.548
320.558
320.565
320.568
320.572
320.575
320.576
320.577
320.575
320.536
320.547
320.557
320.564
320.568
320.57
320.573
320.574
320.576
320.574
320.532
320.544
320.554
320.563
320.566
320.569
320.574
320.576
320.577
320.575
320.524
320.539
320.551
320.56
320.565
320.569
320.573
320.575
320.575
320.573
319.707
319.722
319.733
319.742
319.749
319.753
319.757
319.757
319.756
319.755
319.715
319.727
319.736
319.745
319.751
319.756
319.76
319.759
319.759
319.758
319.718
319.73
319.738
319.748
319.753
319.757
319.76
319.76
319.761
319.761
319.72
319.731
319.74
319.749
319.753
319.757
319.759
319.76
319.763
319.762
319.718
319.73
319.739
319.748
319.751
319.755
319.758
319.76
319.762
319.761
319.718
319.731
319.741
319.748
319.751
319.755
319.759
319.761
319.762
319.761
319.719
319.733
319.743
319.75
319.753
319.756
319.76
319.761
319.761
319.76
319.718
319.731
319.742
319.749
319.753
319.755
319.757
319.759
319.76
319.759
319.713
319.728
319.739
319.747
319.751
319.754
319.758
319.761
319.761
319.759
319.706
319.721
319.735
319.744
319.749
319.753
319.757
319.759
319.759
319.757
)
;

boundaryField
{
    bodyBottom
    {
        type            fixedValue;
        value           uniform 353;
    }
    solid_to_fluid
    {
        type            compressible::turbulentTemperatureCoupledBaffleMixed;
        refValue        nonuniform List<scalar> 
500
(
320.633
324.784
326.572
327.626
328.148
328.147
327.626
326.571
324.783
320.633
309.628
313.618
316.901
318.66
319.425
319.425
318.659
316.901
313.618
309.627
304.69
307.547
309.95
311.226
311.78
311.78
311.226
309.95
307.547
304.69
302.975
305.363
307.322
308.314
308.732
308.732
308.314
307.322
305.363
302.975
302.035
304.204
305.953
306.818
307.182
307.182
306.818
305.954
304.204
302.035
301.335
303.352
304.98
305.771
306.104
306.105
305.771
304.98
303.352
301.335
300.779
302.66
304.199
304.937
305.247
305.247
304.936
304.198
302.66
300.779
300.058
301.725
303.109
303.76
304.028
304.028
303.759
303.108
301.724
300.057
299.035
300.379
301.517
302.049
302.266
302.265
302.048
301.517
300.378
299.034
297.968
298.93
299.764
300.141
300.289
300.289
300.141
299.763
298.93
297.967
321.845
335.586
338.421
341.3
339.973
339.544
338.441
337.153
335.783
334.478
312.47
332.482
336.853
338.926
338.363
337.841
336.673
335.167
333.526
330.974
307.703
327.164
333.009
334.758
334.405
334.096
333.132
331.85
330.117
325.496
305.699
323.859
328.988
330.284
330.115
330.119
329.361
328.403
326.627
321.37
304.453
320.968
325.047
326.092
325.886
326.028
325.452
324.832
323.227
318.512
303.473
318.387
321.731
322.57
322.345
322.475
322.013
321.595
320.333
316.427
302.713
316.042
319.054
319.645
319.449
319.551
319.127
318.76
317.951
314.888
301.9
313.843
317.154
317.629
317.477
317.382
317.03
316.61
315.998
313.818
300.942
311.188
315.581
316.019
315.995
315.71
315.48
315.084
314.297
312.99
299.894
306.447
312.733
314.36
314.168
314.478
314.26
313.611
312.967
311.875
338.317
338.856
338.616
338.525
338.596
338.596
338.525
338.616
338.859
338.322
327.947
328.953
328.823
328.679
328.76
328.761
328.678
328.823
328.956
327.954
319.825
320.821
320.913
321.225
321.944
321.945
321.222
320.91
320.823
319.83
316.459
317.607
318.227
319.338
320.79
320.79
319.333
318.221
317.607
316.463
314.834
316.14
317.073
318.582
320.361
320.36
318.576
317.066
316.139
314.837
313.733
315.107
316.246
317.96
319.814
319.812
317.953
316.239
315.107
313.736
313.041
314.406
315.613
317.328
318.943
318.942
317.322
315.608
314.406
313.045
312.742
313.994
315.102
316.616
317.85
317.85
316.611
315.098
313.997
312.748
312.783
313.76
314.568
315.711
316.817
316.818
315.708
314.567
313.765
312.79
312.682
313.22
313.54
314.282
315.288
315.29
314.281
313.54
313.224
312.691
321.845
335.586
338.421
341.3
339.973
339.544
338.441
337.153
335.783
334.476
312.47
332.483
336.854
338.927
338.362
337.841
336.672
335.166
333.524
330.968
307.703
327.164
333.01
334.758
334.404
334.094
333.13
331.847
330.113
325.488
305.699
323.858
328.988
330.283
330.113
330.117
329.358
328.4
326.622
321.362
304.453
320.966
325.046
326.09
325.884
326.026
325.449
324.829
323.222
318.504
303.472
318.386
321.73
322.568
322.343
322.473
322.011
321.591
320.328
316.42
302.713
316.042
319.054
319.645
319.448
319.549
319.124
318.756
317.945
314.882
301.9
313.844
317.154
317.628
317.476
317.38
317.027
316.606
315.993
313.811
300.943
311.189
315.581
316.017
315.993
315.707
315.476
315.078
314.291
312.984
299.895
306.448
312.734
314.358
314.167
314.477
314.255
313.605
312.962
311.869
299.867
306.384
311.704
313.023
313.184
313.536
313.612
313.349
312.826
311.665
300.759
310.954
314.662
315.413
315.393
315.411
315.324
315
314.262
312.836
301.402
312.94
315.644
316.418
316.358
316.216
315.978
315.587
314.869
313.728
301.718
313.716
315.405
316.274
316.416
316.44
316.28
315.98
315.583
314.564
301.862
314.447
315.103
315.89
316.208
316.374
316.382
316.321
316.228
315.446
301.862
314.448
315.103
315.889
316.207
316.374
316.383
316.323
316.23
315.449
301.718
313.715
315.403
316.27
316.413
316.438
316.28
315.98
315.583
314.565
301.402
312.941
315.643
316.418
316.357
316.215
315.978
315.588
314.87
313.732
300.759
310.957
314.667
315.417
315.395
315.412
315.326
315.003
314.266
312.841
299.867
306.386
311.711
313.027
313.185
313.537
313.615
313.354
312.831
311.67
)
;
        refGradient     uniform 0;
        valueFraction   nonuniform List<scalar> 
500
(
0.000301416
0.000301416
0.000301416
0.000301416
0.000301416
0.000301416
0.000301416
0.000301416
0.000301416
0.000301416
0.000301416
0.000301416
0.000301416
0.000301416
0.000301416
0.000301416
0.000301416
0.000301416
0.000301416
0.000301416
0.000301416
0.000301416
0.000301416
0.000301416
0.000301416
0.000301416
0.000301416
0.000301416
0.000301416
0.000301416
0.000301416
0.000301416
0.000301416
0.000301416
0.000301416
0.000301416
0.000301416
0.000301416
0.000301416
0.000301416
0.000301416
0.000301416
0.000301416
0.000301416
0.000301416
0.000301416
0.000301416
0.000301416
0.000301416
0.000301416
0.000301416
0.000301416
0.000301416
0.000301416
0.000301416
0.000301416
0.000301416
0.000301416
0.000301416
0.000301416
0.000301416
0.000301416
0.000301416
0.000301416
0.000301416
0.000301416
0.000301416
0.000301416
0.000301416
0.000301416
0.000301416
0.000301416
0.000301416
0.000301416
0.000301416
0.000301416
0.000301416
0.000301416
0.000301416
0.000301416
0.000301416
0.000301416
0.000301416
0.000301416
0.000301416
0.000301416
0.000301416
0.000301416
0.000301416
0.000301416
0.000301416
0.000301416
0.000301416
0.000301416
0.000301416
0.000301416
0.000301416
0.000301416
0.000301416
0.000301416
0.000302436
0.000302436
0.000302436
0.000302436
0.000302436
0.000302436
0.000302436
0.000302436
0.000302436
0.000302436
0.000302436
0.000302436
0.000302436
0.000302436
0.000302436
0.000302436
0.000302436
0.000302436
0.000302436
0.000302436
0.000302436
0.000302436
0.000302436
0.000302436
0.000302436
0.000302436
0.000302436
0.000302436
0.000302436
0.000302436
0.000302436
0.000302436
0.000302436
0.000302436
0.000302436
0.000302436
0.000302436
0.000302436
0.000302436
0.000302436
0.000302436
0.000302436
0.000302436
0.000302436
0.000302436
0.000302436
0.000302436
0.000302436
0.000302436
0.000302436
0.000302436
0.000302436
0.000302436
0.000302436
0.000302436
0.000302436
0.000302436
0.000302436
0.000302436
0.000302436
0.000302436
0.000302436
0.000302436
0.000302436
0.000302436
0.000302436
0.000302436
0.000302436
0.000302436
0.000302436
0.000302436
0.000302436
0.000302436
0.000302436
0.000302436
0.000302436
0.000302436
0.000302436
0.000302436
0.000302436
0.000302436
0.000302436
0.000302436
0.000302436
0.000302436
0.000302436
0.000302436
0.000302436
0.000302436
0.000302436
0.000302436
0.000302436
0.000302436
0.000302436
0.000302436
0.000302436
0.000302436
0.000302436
0.000302436
0.000302436
0.000300478
0.000300478
0.000300478
0.000300478
0.000300478
0.000300478
0.000300478
0.000300478
0.000300478
0.000300478
0.000300478
0.000300478
0.000300478
0.000300478
0.000300478
0.000300478
0.000300478
0.000300478
0.000300478
0.000300478
0.000300478
0.000300478
0.000300478
0.000300478
0.000300478
0.000300478
0.000300478
0.000300478
0.000300478
0.000300478
0.000300478
0.000300478
0.000300478
0.000300478
0.000300478
0.000300478
0.000300478
0.000300478
0.000300478
0.000300478
0.000300478
0.000300478
0.000300478
0.000300478
0.000300478
0.000300478
0.000300478
0.000300478
0.000300478
0.000300478
0.000300478
0.000300478
0.000300478
0.000300478
0.000300478
0.000300478
0.000300478
0.000300478
0.000300478
0.000300478
0.000300478
0.000300478
0.000300478
0.000300478
0.000300478
0.000300478
0.000300478
0.000300478
0.000300478
0.000300478
0.000300478
0.000300478
0.000300478
0.000300478
0.000300478
0.000300478
0.000300478
0.000300478
0.000300478
0.000300478
0.000300478
0.000300478
0.000300478
0.000300478
0.000300478
0.000300478
0.000300478
0.000300478
0.000300478
0.000300478
0.000300478
0.000300478
0.000300478
0.000300478
0.000300478
0.000300478
0.000300478
0.000300478
0.000300478
0.000300478
0.000302436
0.000302436
0.000302436
0.000302436
0.000302436
0.000302436
0.000302436
0.000302436
0.000302436
0.000302436
0.000302436
0.000302436
0.000302436
0.000302436
0.000302436
0.000302436
0.000302436
0.000302436
0.000302436
0.000302436
0.000302436
0.000302436
0.000302436
0.000302436
0.000302436
0.000302436
0.000302436
0.000302436
0.000302436
0.000302436
0.000302436
0.000302436
0.000302436
0.000302436
0.000302436
0.000302436
0.000302436
0.000302436
0.000302436
0.000302436
0.000302436
0.000302436
0.000302436
0.000302436
0.000302436
0.000302436
0.000302436
0.000302436
0.000302436
0.000302436
0.000302436
0.000302436
0.000302436
0.000302436
0.000302436
0.000302436
0.000302436
0.000302436
0.000302436
0.000302436
0.000302436
0.000302436
0.000302436
0.000302436
0.000302436
0.000302436
0.000302436
0.000302436
0.000302436
0.000302436
0.000302436
0.000302436
0.000302436
0.000302436
0.000302436
0.000302436
0.000302436
0.000302436
0.000302436
0.000302436
0.000302436
0.000302436
0.000302436
0.000302436
0.000302436
0.000302436
0.000302436
0.000302436
0.000302436
0.000302436
0.000302436
0.000302436
0.000302436
0.000302436
0.000302436
0.000302436
0.000302436
0.000302436
0.000302436
0.000302436
0.000301115
0.000301115
0.000301115
0.000301115
0.000301115
0.000301115
0.000301115
0.000301115
0.000301115
0.000301115
0.000301115
0.000301115
0.000301115
0.000301115
0.000301115
0.000301115
0.000301115
0.000301115
0.000301115
0.000301115
0.000301115
0.000301115
0.000301115
0.000301115
0.000301115
0.000301115
0.000301115
0.000301115
0.000301115
0.000301115
0.000301115
0.000301115
0.000301115
0.000301115
0.000301115
0.000301115
0.000301115
0.000301115
0.000301115
0.000301115
0.000301115
0.000301115
0.000301115
0.000301115
0.000301115
0.000301115
0.000301115
0.000301115
0.000301115
0.000301115
0.000301115
0.000301115
0.000301115
0.000301115
0.000301115
0.000301115
0.000301115
0.000301115
0.000301115
0.000301115
0.000301115
0.000301115
0.000301115
0.000301115
0.000301115
0.000301115
0.000301115
0.000301115
0.000301115
0.000301115
0.000301115
0.000301115
0.000301115
0.000301115
0.000301115
0.000301115
0.000301115
0.000301115
0.000301115
0.000301115
0.000301115
0.000301115
0.000301115
0.000301115
0.000301115
0.000301115
0.000301115
0.000301115
0.000301115
0.000301115
0.000301115
0.000301115
0.000301115
0.000301115
0.000301115
0.000301115
0.000301115
0.000301115
0.000301115
0.000301115
)
;
        source          uniform 0;
        Tnbr            T;
        kappaMethod     solidThermo;
        value           nonuniform List<scalar> 
500
(
350.348
350.355
350.358
350.359
350.36
350.36
350.359
350.358
350.355
350.347
345.144
345.154
345.161
345.164
345.165
345.165
345.164
345.161
345.154
345.143
340.148
340.159
340.166
340.17
340.171
340.171
340.17
340.167
340.16
340.148
335.48
335.49
335.496
335.501
335.502
335.502
335.501
335.498
335.492
335.481
331.248
331.257
331.263
331.267
331.268
331.268
331.268
331.266
331.259
331.249
327.558
327.566
327.572
327.574
327.574
327.574
327.575
327.572
327.567
327.558
324.495
324.503
324.507
324.509
324.508
324.508
324.509
324.507
324.502
324.493
322.13
322.137
322.141
322.143
322.141
322.14
322.14
322.138
322.134
322.126
320.518
320.525
320.529
320.53
320.529
320.528
320.529
320.527
320.522
320.514
319.697
319.705
319.709
319.71
319.709
319.709
319.71
319.708
319.703
319.695
350.348
350.361
350.366
350.369
350.37
350.37
350.37
350.369
350.366
350.363
345.144
345.167
345.178
345.184
345.187
345.188
345.188
345.186
345.181
345.174
340.149
340.174
340.188
340.196
340.199
340.202
340.202
340.2
340.194
340.185
335.481
335.506
335.52
335.528
335.532
335.535
335.536
335.534
335.528
335.518
331.25
331.273
331.287
331.294
331.298
331.301
331.303
331.301
331.297
331.288
327.558
327.579
327.592
327.599
327.603
327.606
327.609
327.609
327.606
327.599
324.494
324.513
324.525
324.531
324.535
324.54
324.544
324.545
324.543
324.537
322.127
322.144
322.156
322.164
322.169
322.174
322.178
322.18
322.179
322.175
320.515
320.533
320.546
320.555
320.56
320.564
320.568
320.57
320.57
320.567
319.696
319.714
319.729
319.739
319.743
319.747
319.752
319.754
319.754
319.751
350.364
350.367
350.368
350.369
350.369
350.369
350.369
350.368
350.367
350.364
345.173
345.178
345.18
345.182
345.182
345.182
345.181
345.18
345.178
345.173
340.183
340.188
340.191
340.193
340.194
340.194
340.193
340.191
340.188
340.183
335.517
335.522
335.525
335.528
335.529
335.529
335.528
335.525
335.521
335.517
331.287
331.291
331.295
331.298
331.299
331.299
331.297
331.294
331.291
331.287
327.597
327.602
327.605
327.608
327.608
327.608
327.606
327.603
327.602
327.598
324.535
324.54
324.543
324.546
324.545
324.545
324.543
324.541
324.54
324.537
322.173
322.177
322.18
322.182
322.181
322.181
322.179
322.177
322.177
322.174
320.565
320.569
320.571
320.573
320.572
320.572
320.57
320.569
320.569
320.567
319.749
319.753
319.756
319.757
319.757
319.756
319.754
319.753
319.753
319.751
350.348
350.361
350.366
350.37
350.37
350.37
350.37
350.369
350.366
350.363
345.145
345.168
345.179
345.185
345.188
345.189
345.188
345.186
345.181
345.174
340.149
340.175
340.189
340.197
340.201
340.203
340.203
340.2
340.194
340.185
335.481
335.505
335.52
335.529
335.533
335.535
335.536
335.534
335.528
335.518
331.249
331.272
331.286
331.294
331.299
331.302
331.303
331.301
331.297
331.288
327.558
327.579
327.591
327.599
327.604
327.607
327.609
327.607
327.604
327.598
324.495
324.514
324.524
324.532
324.538
324.542
324.544
324.543
324.54
324.536
322.13
322.148
322.158
322.165
322.171
322.175
322.178
322.177
322.176
322.173
320.519
320.535
320.546
320.554
320.56
320.565
320.568
320.568
320.567
320.565
319.698
319.714
319.727
319.737
319.743
319.748
319.752
319.751
319.75
319.749
319.698
319.714
319.727
319.736
319.743
319.748
319.752
319.751
319.75
319.749
319.705
319.721
319.731
319.74
319.746
319.751
319.755
319.754
319.754
319.753
319.709
319.724
319.733
319.743
319.748
319.752
319.755
319.755
319.756
319.756
319.711
319.725
319.735
319.744
319.749
319.752
319.755
319.755
319.758
319.757
319.71
319.725
319.734
319.743
319.747
319.75
319.753
319.755
319.757
319.757
319.709
319.726
319.736
319.743
319.747
319.75
319.754
319.756
319.757
319.756
319.71
319.727
319.738
319.745
319.748
319.752
319.755
319.756
319.756
319.754
319.709
319.726
319.737
319.745
319.748
319.75
319.753
319.754
319.755
319.753
319.704
319.721
319.734
319.743
319.746
319.749
319.753
319.756
319.756
319.753
319.696
319.714
319.729
319.739
319.743
319.747
319.752
319.754
319.754
319.751
)
;
    }
}


// ************************************************************************* //
