/*--------------------------------*- C++ -*----------------------------------*\
| =========                 |                                                 |
| \\      /  F ield         | OpenFOAM: The Open Source CFD Toolbox           |
|  \\    /   O peration     | Version:  2412                                  |
|   \\  /    A nd           | Website:  www.openfoam.com                      |
|    \\/     M anipulation  |                                                 |
\*---------------------------------------------------------------------------*/
FoamFile
{
    version     2.0;
    format      ascii;
    arch        "LSB;label=32;scalar=64";
    class       volScalarField;
    location    "1.6/solid";
    object      wallHeatFlux;
}
// * * * * * * * * * * * * * * * * * * * * * * * * * * * * * * * * * * * * * //

dimensions      [1 0 -3 0 0 0 0];

internalField   uniform 0;

boundaryField
{
    bodyBottom
    {
        type            calculated;
        value           nonuniform List<scalar> 
100
(
541815
540585
540175
539970
539765
539765
539970
540175
540585
541815
539970
539355
538945
538740
538740
538740
538740
538945
539355
539970
539150
538535
538330
538330
538330
538330
538330
538330
538535
539150
538535
538125
538125
538125
537920
537920
537920
538125
538330
538740
538330
538125
537920
537920
537920
537920
537920
537920
538125
538535
538330
537920
537920
537715
537715
537715
537715
537920
537920
538330
538330
537920
537920
537715
537715
537715
537715
537920
537920
538330
538535
538125
537920
537920
537715
537715
537920
537920
538125
538535
538945
538330
538125
538125
538125
538125
538125
538125
538330
538945
539560
538945
538740
538535
538535
538535
538535
538740
538945
539560
)
;
    }
    solid_to_fluid
    {
        type            calculated;
        value           nonuniform List<scalar> 
500
(
-1845
-1640
-1435
-1435
-1435
-1435
-1435
-1435
-1640
-2050
-2255
-2255
-1845
-1845
-1845
-1640
-1845
-1845
-2255
-2460
-2665
-2460
-2255
-2050
-2050
-2050
-2050
-2050
-2255
-2460
-2460
-2255
-2255
-2050
-2050
-2050
-2050
-2255
-2255
-2255
-2460
-2255
-2050
-2050
-1845
-2050
-2050
-2050
-2255
-2460
-2050
-2255
-1845
-1845
-1845
-2050
-1845
-2050
-2050
-2050
-2050
-2050
-2050
-1845
-1845
-1845
-1845
-1845
-1845
-2255
-2050
-2050
-2050
-1640
-1845
-1845
-1845
-2050
-1845
-2050
-2050
-2050
-2050
-2050
-1845
-1845
-1845
-1845
-2050
-2050
-2050
-2050
-1845
-2050
-1845
-1845
-1845
-2050
-2050
-2255
-1845
-1025
-820
-615
-615
-820
-820
-820
-1025
-1025
-2255
-820
-615
-615
-615
-615
-615
-820
-1025
-1025
-2255
-1025
-615
-615
-615
-615
-820
-820
-1025
-1025
-2255
-1025
-820
-615
-615
-615
-820
-820
-1025
-1230
-2255
-1025
-820
-820
-820
-820
-820
-1025
-1025
-1230
-2050
-1230
-1025
-1025
-820
-1025
-820
-820
-1025
-1230
-2050
-1230
-820
-1025
-1025
-1025
-820
-820
-1025
-1230
-1845
-1230
-1025
-820
-820
-820
-1025
-1025
-1025
-1230
-1845
-1230
-1025
-1025
-1025
-1025
-1025
-1025
-1025
-1230
-2050
-1435
-1230
-1025
-1230
-1230
-1025
-1025
-1025
-1230
-820
-820
-820
-820
-820
-820
-820
-820
-820
-820
-1230
-1025
-1230
-1025
-1230
-1230
-1230
-1230
-1025
-1230
-1435
-1435
-1435
-1435
-1435
-1435
-1435
-1435
-1435
-1435
-1435
-1435
-1435
-1435
-1230
-1230
-1230
-1435
-1640
-1435
-1435
-1435
-1230
-1230
-1025
-1025
-1230
-1435
-1435
-1435
-1435
-1230
-1435
-1230
-1025
-1025
-1230
-1435
-1230
-1435
-1435
-1230
-1230
-1025
-1025
-820
-1025
-1230
-1230
-1230
-1230
-1230
-1230
-1025
-1025
-820
-1025
-1230
-1230
-1435
-1230
-1025
-1230
-1025
-1025
-820
-1025
-1025
-1230
-1230
-1230
-1025
-1025
-1025
-820
-1025
-1230
-1230
-1230
-1230
-1845
-1025
-820
-615
-820
-820
-820
-820
-1025
-1025
-2050
-820
-615
-615
-615
-615
-820
-820
-1025
-1025
-2460
-1025
-820
-615
-615
-615
-615
-820
-1025
-1025
-2255
-1230
-820
-615
-820
-820
-820
-820
-1025
-1230
-2255
-1025
-820
-820
-820
-820
-820
-1025
-820
-1230
-2050
-1025
-820
-820
-820
-1025
-1025
-1025
-1025
-1230
-2050
-1230
-1025
-1025
-820
-820
-1025
-820
-1025
-1230
-2050
-1025
-1025
-1025
-1025
-1025
-1025
-1025
-1025
-1230
-1845
-1435
-1025
-1025
-1025
-1025
-1025
-1025
-1025
-1230
-1845
-1640
-1230
-1025
-1230
-1025
-1025
-1230
-1230
-1230
-1845
-1640
-1230
-1230
-1230
-1025
-1025
-1230
-1230
-1230
-2050
-1230
-1025
-1025
-1025
-1025
-1025
-1025
-1025
-1025
-1845
-1230
-1025
-1025
-1025
-1025
-1025
-1025
-1025
-1025
-1845
-1230
-1025
-1025
-820
-1025
-820
-1025
-1025
-1025
-1640
-1025
-1025
-1025
-820
-1025
-1025
-1025
-1025
-820
-1845
-1025
-1025
-1025
-820
-1025
-1025
-1025
-1025
-1025
-1845
-1230
-1025
-1025
-1025
-820
-1025
-1025
-1025
-1230
-1845
-1025
-1025
-820
-1025
-1025
-820
-1025
-1025
-1230
-1845
-1435
-1025
-820
-1025
-1025
-1025
-1025
-1025
-1230
-2050
-1435
-1230
-1025
-1230
-1230
-1025
-1025
-1025
-1230
)
;
    }
}


// ************************************************************************* //
