/*--------------------------------*- C++ -*----------------------------------*\
| =========                 |                                                 |
| \\      /  F ield         | OpenFOAM: The Open Source CFD Toolbox           |
|  \\    /   O peration     | Version:  2412                                  |
|   \\  /    A nd           | Website:  www.openfoam.com                      |
|    \\/     M anipulation  |                                                 |
\*---------------------------------------------------------------------------*/
FoamFile
{
    version     2.0;
    format      ascii;
    arch        "LSB;label=32;scalar=64";
    class       volScalarField;
    location    "2.5/fluid";
    object      wallHeatFlux;
}
// * * * * * * * * * * * * * * * * * * * * * * * * * * * * * * * * * * * * * //

dimensions      [1 0 -3 0 0 0 0];

internalField   uniform 0;

boundaryField
{
    inlet
    {
        type            calculated;
        value           uniform 0;
    }
    outlet
    {
        type            calculated;
        value           uniform 0;
    }
    walls
    {
        type            calculated;
        value           uniform 0;
    }
    fluid_to_solid
    {
        type            calculated;
        value           nonuniform List<scalar> 
500
(
1820.7
1549.92
1432.85
1364.43
1330.5
1330.5
1364.43
1432.92
1549.98
1820.83
2288.84
2018.99
1796.72
1677.8
1625.82
1625.88
1677.86
1796.78
2019.05
2288.91
2396.27
2195.88
2026.9
1937.03
1897.84
1897.9
1937.09
2026.96
2195.95
2396.33
2306.65
2133.15
1990.49
1918.11
1887.4
1887.46
1918.18
1990.55
2133.21
2306.77
2182.66
2019.3
1887.33
1822.06
1794.44
1794.44
1822.13
1887.46
2019.42
2182.78
2060.03
1900.62
1771.87
1709.14
1682.5
1682.56
1709.2
1771.87
1900.62
2060.03
1959.46
1805.5
1679.66
1619.27
1593.74
1593.74
1619.33
1679.66
1805.44
1959.46
1905.69
1765.14
1648.88
1594.36
1571.8
1571.74
1594.3
1648.75
1765.08
1905.57
1914.9
1799.38
1701.91
1656.72
1638.24
1638.18
1656.66
1701.85
1799.32
1914.78
1968.24
1884.74
1812.79
1780.47
1767.8
1767.8
1780.47
1812.79
1884.68
1968.18
1759.14
904.781
729.58
554.069
635.561
664.275
732.743
811.382
893.37
963.078
2113.95
819.01
548.798
421.971
458.375
492.733
567.031
659.19
755.194
891.944
2198.97
884.687
503.959
394.435
420.296
441.941
506.253
588.241
691.129
962.83
2119.65
837.306
483.493
400.451
415.583
416.265
470.469
534.161
641.205
984.04
2008.64
784.962
484.051
413.164
430.839
421.165
465.135
508.734
611.25
939.697
1898.5
739.255
475.989
413.908
432.266
421.475
458.934
491.245
578.69
871.044
1806.9
721.022
463.585
413.35
429.041
420.11
455.275
486.842
550.472
796.746
1754.18
740.496
440.514
394.931
405.35
411.552
441.631
479.4
534.348
724.805
1752.57
855.105
448.453
402.745
398.652
420.854
443.057
480.516
554.875
678.539
1800.51
1214.44
637.359
487.772
499.183
466.81
482.004
542.596
607.157
712.277
707.172
682.525
707.11
727.074
734.345
733.729
726.581
706.186
680.492
703.783
1043.04
987.465
1017.29
1055.49
1074.47
1073.36
1055.18
1016.12
984.015
1037.68
1318.96
1264.43
1284.21
1298.38
1281.56
1280.94
1299.12
1283.96
1261.53
1313.91
1321.61
1251.74
1233.56
1190.68
1114.03
1114.27
1192.71
1234.92
1249.95
1317.3
1209.1
1123.88
1082.72
1007.43
898.861
899.723
1010.08
1084.57
1122.34
1205.16
1086.91
992.702
934.228
836.197
709.39
710.561
838.785
935.954
990.854
1082.97
962.942
865.526
797.994
690.474
561.511
562.496
692.322
798.734
863
958.629
840.571
748.208
684.066
582.152
470.934
470.811
583.015
683.265
744.45
835.581
726.889
654.675
612.159
531.319
433.287
432.178
530.887
610.064
649.93
721.159
670.14
638.038
634.526
584.37
500.757
498.6
582.399
631.568
633.047
664.164
1758.96
904.657
729.394
553.945
635.313
664.151
732.743
811.382
893.618
964.257
2113.76
818.886
548.86
422.095
458.623
493.23
567.651
660.058
756.558
895.231
2198.91
884.812
504.331
395.179
421.227
443.057
507.742
589.916
693.61
968.412
2119.53
837.492
484.113
401.443
416.885
417.63
472.205
536.27
644.678
990.118
2008.58
785.273
484.671
414.219
432.266
422.839
466.996
510.905
614.723
945.403
1898.43
739.565
476.671
414.839
433.63
423.087
460.732
493.292
582.039
876.315
1806.9
721.208
464.329
414.405
430.467
421.599
457.135
488.826
553.387
801.831
1754.24
740.744
441.32
396.295
406.962
413.412
443.677
481.446
536.952
729.828
1752.63
854.857
448.887
403.986
400.513
423.087
445.662
483.989
558.411
682.881
1800.51
1213.88
635.189
487.772
500.362
468.112
485.229
545.883
609.886
716.805
1790.05
1196.47
701.818
590.735
574.31
540.658
532.569
558.194
611.976
727.567
1711.63
785.856
440.319
370.606
372.397
370.915
380.363
413.706
487.803
625.56
1655.63
611.667
357.331
285.21
290.212
304.228
327.816
367.025
438.961
554.119
1628.33
546.586
382.647
306.451
295.09
294.904
310.835
341.277
381.844
497.188
1616.29
497.003
412.348
344.487
318.183
306.883
307.871
315.528
328.495
427.723
1616.23
496.2
412.718
345.105
318.615
306.698
307.254
314.108
326.21
424.512
1628.27
546.586
384.5
308.921
297.066
296.695
311.761
340.844
379.745
493.669
1655.44
611.235
358.134
285.148
289.718
303.673
327.075
365.852
437.17
550.414
1711.51
784.127
437.973
368.26
370.298
369.186
378.572
412.039
485.827
621.609
1789.93
1195.12
697.187
588.512
572.705
539.361
530.532
555.971
609.506
724.541
)
;
    }
}


// ************************************************************************* //
