# Region type : patch inlet
# Faces       : 25
# Area        : 1.000000e-01
# Scale factor: 1.000000e+00
# Time        	areaAverage(p)
1             	2.183970e+02
2             	6.809221e+02
3             	8.351993e+02
4             	7.234104e+02
5             	4.776631e+02
6             	2.064214e+02
7             	-1.186970e+01
8             	-1.482807e+02
9             	-1.972113e+02
10            	-1.818536e+02
11            	-1.344807e+02
12            	-8.153726e+01
13            	-3.966444e+01
14            	-1.622641e+01
15            	-1.057406e+01
16            	-1.602096e+01
17            	-2.324276e+01
18            	-2.698410e+01
19            	-2.411421e+01
20            	-1.501833e+01
21            	-2.904119e+00
22            	9.080568e+00
23            	1.771131e+01
24            	2.137669e+01
25            	2.007851e+01
26            	1.481179e+01
27            	7.326140e+00
28            	-6.815242e-01
29            	-7.577761e+00
30            	-1.248292e+01
31            	-1.512387e+01
32            	-1.599443e+01
33            	-1.565363e+01
34            	-1.451947e+01
35            	-1.293139e+01
36            	-1.137678e+01
37            	-9.837681e+00
38            	-8.337957e+00
39            	-6.948242e+00
40            	-5.780171e+00
41            	-4.773358e+00
42            	-4.113140e+00
43            	-3.747428e+00
44            	-3.652048e+00
45            	-3.830933e+00
46            	-4.224733e+00
47            	-4.796281e+00
48            	-5.471499e+00
49            	-6.129035e+00
50            	-6.737774e+00
51            	-7.200790e+00
52            	-7.461373e+00
53            	-7.578838e+00
54            	-7.551085e+00
55            	-7.404978e+00
56            	-7.178691e+00
57            	-6.903720e+00
58            	-6.627589e+00
59            	-6.386266e+00
60            	-6.207844e+00
61            	-6.076055e+00
62            	-5.986776e+00
63            	-5.935751e+00
64            	-5.924726e+00
65            	-5.964599e+00
66            	-6.037664e+00
67            	-6.123632e+00
68            	-6.213377e+00
69            	-6.289426e+00
70            	-6.341620e+00
71            	-6.370768e+00
72            	-6.377142e+00
73            	-6.369017e+00
74            	-6.346224e+00
75            	-6.308565e+00
76            	-6.265788e+00
77            	-6.222555e+00
78            	-6.180794e+00
79            	-6.142685e+00
80            	-6.109242e+00
81            	-6.079808e+00
82            	-6.055023e+00
83            	-6.040975e+00
84            	-6.036708e+00
85            	-6.037678e+00
86            	-6.040756e+00
87            	-6.044425e+00
88            	-6.044339e+00
89            	-6.041372e+00
90            	-6.034928e+00
91            	-6.025867e+00
92            	-6.012501e+00
93            	-5.998435e+00
94            	-5.983753e+00
95            	-5.970667e+00
96            	-5.957575e+00
97            	-5.943917e+00
98            	-5.929209e+00
99            	-5.913914e+00
100           	-5.897558e+00
101           	-5.880622e+00
102           	-5.864083e+00
103           	-5.848597e+00
104           	-5.834835e+00
105           	-5.822375e+00
106           	-5.811348e+00
107           	-5.801381e+00
108           	-5.792499e+00
109           	-5.783865e+00
110           	-5.774122e+00
111           	-5.762446e+00
112           	-5.749471e+00
113           	-5.735690e+00
114           	-5.721464e+00
115           	-5.707475e+00
116           	-5.693633e+00
117           	-5.680539e+00
118           	-5.667758e+00
119           	-5.655894e+00
120           	-5.645071e+00
121           	-5.633668e+00
122           	-5.620354e+00
123           	-5.605912e+00
124           	-5.590800e+00
125           	-5.575227e+00
126           	-5.560045e+00
127           	-5.545026e+00
128           	-5.530430e+00
129           	-5.516785e+00
130           	-5.504424e+00
131           	-5.492351e+00
132           	-5.480127e+00
133           	-5.467538e+00
134           	-5.454474e+00
135           	-5.441161e+00
136           	-5.427929e+00
137           	-5.415018e+00
138           	-5.402617e+00
139           	-5.390682e+00
140           	-5.379621e+00
141           	-5.369187e+00
142           	-5.358736e+00
143           	-5.347844e+00
144           	-5.336661e+00
145           	-5.325216e+00
146           	-5.313573e+00
147           	-5.301924e+00
148           	-5.290355e+00
149           	-5.279022e+00
150           	-5.268433e+00
151           	-5.259087e+00
152           	-5.250412e+00
153           	-5.241779e+00
154           	-5.233029e+00
155           	-5.224218e+00
156           	-5.215457e+00
157           	-5.207048e+00
158           	-5.198835e+00
159           	-5.192627e+00
160           	-5.186743e+00
161           	-5.181002e+00
162           	-5.175546e+00
163           	-5.170246e+00
164           	-5.165013e+00
165           	-5.159780e+00
166           	-5.155130e+00
167           	-5.151223e+00
168           	-5.148140e+00
169           	-5.146017e+00
170           	-5.145193e+00
171           	-5.144912e+00
172           	-5.144500e+00
173           	-5.144334e+00
174           	-5.144739e+00
175           	-5.146139e+00
176           	-5.147697e+00
177           	-5.149407e+00
178           	-5.151182e+00
179           	-5.153184e+00
180           	-5.155979e+00
181           	-5.159027e+00
182           	-5.162630e+00
183           	-5.166379e+00
184           	-5.170123e+00
185           	-5.174288e+00
186           	-5.178728e+00
187           	-5.183488e+00
188           	-5.188676e+00
189           	-5.194306e+00
190           	-5.200357e+00
191           	-5.206547e+00
192           	-5.212854e+00
193           	-5.218878e+00
194           	-5.225428e+00
195           	-5.232909e+00
196           	-5.240669e+00
197           	-5.248795e+00
198           	-5.257176e+00
199           	-5.264566e+00
200           	-5.272753e+00
201           	-5.283106e+00
202           	-5.293558e+00
203           	-5.304050e+00
204           	-5.313694e+00
205           	-5.324453e+00
206           	-5.334903e+00
207           	-5.344797e+00
208           	-5.354399e+00
209           	-5.363159e+00
210           	-5.371932e+00
211           	-5.380684e+00
212           	-5.390011e+00
213           	-5.399075e+00
214           	-5.407970e+00
215           	-5.415874e+00
216           	-5.426670e+00
217           	-5.437687e+00
218           	-5.448187e+00
219           	-5.458264e+00
220           	-5.468226e+00
221           	-5.477771e+00
222           	-5.486761e+00
223           	-5.495226e+00
224           	-5.503734e+00
225           	-5.512556e+00
226           	-5.521054e+00
227           	-5.530599e+00
228           	-5.541875e+00
229           	-5.553691e+00
230           	-5.565635e+00
231           	-5.577020e+00
232           	-5.588358e+00
233           	-5.599507e+00
234           	-5.610518e+00
235           	-5.621163e+00
236           	-5.631471e+00
237           	-5.641382e+00
238           	-5.650924e+00
239           	-5.660047e+00
240           	-5.668956e+00
241           	-5.677569e+00
242           	-5.685766e+00
243           	-5.694146e+00
244           	-5.701881e+00
245           	-5.710089e+00
246           	-5.718503e+00
247           	-5.727063e+00
248           	-5.735847e+00
249           	-5.744383e+00
250           	-5.753037e+00
251           	-5.762053e+00
252           	-5.771302e+00
253           	-5.780456e+00
254           	-5.789082e+00
255           	-5.796736e+00
256           	-5.803620e+00
257           	-5.809411e+00
258           	-5.813957e+00
259           	-5.817490e+00
260           	-5.820463e+00
261           	-5.822939e+00
262           	-5.825189e+00
263           	-5.827537e+00
264           	-5.830329e+00
265           	-5.833309e+00
266           	-5.837348e+00
267           	-5.841738e+00
268           	-5.846139e+00
269           	-5.850588e+00
270           	-5.855267e+00
271           	-5.859765e+00
272           	-5.863323e+00
273           	-5.866441e+00
274           	-5.869403e+00
275           	-5.872553e+00
276           	-5.876058e+00
277           	-5.878368e+00
278           	-5.880085e+00
279           	-5.881583e+00
280           	-5.882593e+00
281           	-5.883287e+00
282           	-5.883973e+00
283           	-5.885018e+00
284           	-5.886387e+00
285           	-5.887970e+00
286           	-5.889772e+00
287           	-5.891893e+00
288           	-5.894513e+00
289           	-5.897365e+00
290           	-5.900131e+00
291           	-5.902886e+00
292           	-5.905612e+00
293           	-5.908231e+00
294           	-5.910738e+00
295           	-5.913633e+00
296           	-5.917087e+00
297           	-5.920476e+00
298           	-5.923374e+00
299           	-5.925866e+00
300           	-5.927199e+00
301           	-5.928595e+00
302           	-5.930080e+00
303           	-5.931659e+00
304           	-5.932754e+00
305           	-5.933567e+00
306           	-5.934148e+00
307           	-5.934858e+00
308           	-5.935997e+00
309           	-5.937549e+00
310           	-5.939339e+00
311           	-5.941431e+00
312           	-5.944014e+00
313           	-5.946305e+00
314           	-5.948036e+00
315           	-5.949744e+00
316           	-5.951484e+00
317           	-5.952917e+00
318           	-5.954149e+00
319           	-5.955174e+00
320           	-5.956155e+00
321           	-5.956966e+00
322           	-5.957764e+00
323           	-5.958958e+00
324           	-5.959897e+00
325           	-5.960497e+00
326           	-5.960919e+00
327           	-5.961176e+00
328           	-5.961347e+00
329           	-5.961448e+00
330           	-5.961746e+00
331           	-5.961977e+00
332           	-5.961587e+00
333           	-5.961176e+00
334           	-5.960781e+00
335           	-5.960820e+00
336           	-5.960509e+00
337           	-5.959931e+00
338           	-5.959192e+00
339           	-5.958402e+00
340           	-5.957578e+00
341           	-5.956471e+00
342           	-5.955672e+00
343           	-5.955237e+00
344           	-5.955074e+00
345           	-5.955118e+00
346           	-5.955223e+00
347           	-5.955333e+00
348           	-5.955398e+00
349           	-5.955262e+00
350           	-5.954991e+00
351           	-5.954623e+00
352           	-5.954201e+00
353           	-5.953733e+00
354           	-5.953268e+00
355           	-5.952853e+00
356           	-5.952734e+00
357           	-5.952275e+00
358           	-5.951922e+00
359           	-5.951539e+00
360           	-5.951286e+00
361           	-5.950824e+00
362           	-5.950346e+00
363           	-5.949905e+00
364           	-5.949684e+00
365           	-5.949400e+00
366           	-5.949026e+00
367           	-5.948633e+00
368           	-5.948230e+00
369           	-5.947733e+00
370           	-5.947201e+00
371           	-5.946758e+00
372           	-5.946355e+00
373           	-5.945895e+00
374           	-5.945438e+00
375           	-5.945123e+00
376           	-5.944798e+00
377           	-5.944377e+00
378           	-5.943851e+00
379           	-5.943260e+00
380           	-5.942671e+00
381           	-5.942048e+00
382           	-5.941482e+00
383           	-5.941020e+00
384           	-5.940465e+00
385           	-5.939855e+00
386           	-5.939234e+00
387           	-5.938655e+00
388           	-5.938137e+00
389           	-5.937520e+00
390           	-5.937045e+00
391           	-5.936577e+00
392           	-5.935882e+00
393           	-5.935069e+00
394           	-5.934547e+00
395           	-5.933939e+00
396           	-5.933226e+00
397           	-5.932237e+00
398           	-5.931228e+00
399           	-5.930384e+00
400           	-5.929961e+00
401           	-5.929310e+00
402           	-5.928669e+00
403           	-5.928387e+00
404           	-5.927686e+00
405           	-5.926568e+00
406           	-5.925447e+00
407           	-5.924251e+00
408           	-5.922994e+00
409           	-5.921656e+00
410           	-5.920385e+00
411           	-5.919378e+00
412           	-5.919534e+00
413           	-5.918904e+00
414           	-5.917462e+00
415           	-5.916179e+00
416           	-5.914807e+00
417           	-5.913687e+00
418           	-5.912365e+00
419           	-5.910545e+00
420           	-5.909319e+00
421           	-5.907918e+00
422           	-5.906020e+00
423           	-5.903903e+00
424           	-5.901956e+00
425           	-5.899892e+00
426           	-5.897604e+00
427           	-5.895267e+00
428           	-5.893206e+00
429           	-5.891976e+00
430           	-5.890090e+00
431           	-5.887667e+00
432           	-5.885274e+00
433           	-5.883130e+00
434           	-5.881047e+00
435           	-5.878969e+00
436           	-5.876835e+00
437           	-5.874917e+00
438           	-5.872685e+00
439           	-5.869964e+00
440           	-5.867069e+00
441           	-5.864215e+00
442           	-5.861529e+00
443           	-5.859170e+00
444           	-5.856758e+00
445           	-5.854334e+00
446           	-5.852144e+00
447           	-5.849668e+00
448           	-5.846926e+00
449           	-5.844011e+00
450           	-5.841244e+00
451           	-5.838461e+00
452           	-5.835805e+00
453           	-5.833088e+00
454           	-5.830193e+00
455           	-5.827425e+00
456           	-5.824632e+00
457           	-5.821462e+00
458           	-5.818153e+00
459           	-5.814926e+00
460           	-5.812374e+00
461           	-5.809862e+00
462           	-5.807352e+00
463           	-5.804733e+00
464           	-5.801709e+00
465           	-5.798969e+00
466           	-5.796281e+00
467           	-5.793395e+00
468           	-5.790366e+00
469           	-5.787317e+00
470           	-5.784555e+00
471           	-5.781821e+00
472           	-5.779199e+00
473           	-5.776415e+00
474           	-5.773436e+00
475           	-5.770427e+00
476           	-5.767390e+00
477           	-5.764316e+00
478           	-5.761114e+00
479           	-5.758011e+00
480           	-5.755085e+00
481           	-5.752316e+00
482           	-5.749565e+00
483           	-5.746780e+00
484           	-5.743938e+00
485           	-5.741063e+00
486           	-5.738309e+00
487           	-5.735657e+00
488           	-5.732870e+00
489           	-5.729885e+00
490           	-5.726441e+00
491           	-5.723195e+00
492           	-5.720564e+00
493           	-5.717542e+00
494           	-5.714562e+00
495           	-5.711477e+00
496           	-5.708375e+00
497           	-5.705318e+00
498           	-5.702309e+00
499           	-5.699296e+00
500           	-5.696260e+00
501           	-5.693379e+00
502           	-5.690390e+00
503           	-5.687333e+00
504           	-5.684175e+00
505           	-5.680905e+00
506           	-5.677817e+00
507           	-5.674719e+00
508           	-5.671573e+00
509           	-5.668359e+00
510           	-5.664949e+00
511           	-5.660001e+00
512           	-5.656523e+00
513           	-5.653072e+00
514           	-5.649679e+00
515           	-5.646329e+00
516           	-5.641355e+00
517           	-5.636603e+00
518           	-5.633811e+00
519           	-5.631098e+00
520           	-5.627473e+00
521           	-5.624006e+00
522           	-5.619524e+00
523           	-5.615999e+00
524           	-5.612454e+00
525           	-5.608891e+00
526           	-5.605252e+00
527           	-5.601525e+00
528           	-5.597271e+00
529           	-5.592820e+00
530           	-5.588215e+00
531           	-5.583716e+00
532           	-5.579390e+00
533           	-5.575211e+00
534           	-5.570949e+00
535           	-5.566682e+00
536           	-5.562449e+00
537           	-5.558195e+00
538           	-5.553805e+00
539           	-5.549387e+00
540           	-5.544946e+00
541           	-5.540249e+00
542           	-5.535264e+00
543           	-5.530172e+00
544           	-5.525090e+00
545           	-5.520106e+00
546           	-5.515115e+00
547           	-5.510001e+00
548           	-5.504813e+00
549           	-5.499566e+00
550           	-5.494286e+00
551           	-5.488785e+00
552           	-5.483396e+00
553           	-5.477873e+00
554           	-5.472164e+00
555           	-5.466341e+00
556           	-5.460515e+00
557           	-5.454703e+00
558           	-5.448896e+00
559           	-5.443012e+00
560           	-5.436947e+00
561           	-5.430762e+00
562           	-5.424781e+00
563           	-5.418219e+00
564           	-5.411708e+00
565           	-5.405241e+00
566           	-5.398913e+00
567           	-5.391829e+00
568           	-5.384679e+00
569           	-5.377537e+00
570           	-5.370463e+00
571           	-5.363445e+00
572           	-5.356724e+00
573           	-5.349177e+00
574           	-5.341403e+00
575           	-5.333615e+00
576           	-5.325874e+00
577           	-5.318187e+00
578           	-5.310441e+00
579           	-5.302485e+00
580           	-5.294289e+00
581           	-5.286048e+00
582           	-5.277762e+00
583           	-5.269481e+00
584           	-5.261202e+00
585           	-5.252907e+00
586           	-5.244339e+00
587           	-5.235504e+00
588           	-5.226431e+00
589           	-5.217091e+00
590           	-5.207726e+00
591           	-5.198313e+00
592           	-5.188786e+00
593           	-5.181422e+00
594           	-5.170250e+00
595           	-5.159317e+00
596           	-5.148797e+00
597           	-5.138619e+00
598           	-5.128661e+00
599           	-5.118810e+00
600           	-5.108765e+00
601           	-5.098531e+00
602           	-5.088077e+00
603           	-5.077447e+00
604           	-5.066683e+00
605           	-5.055770e+00
606           	-5.044713e+00
607           	-5.033444e+00
608           	-5.022043e+00
609           	-5.010580e+00
610           	-4.999088e+00
611           	-4.987528e+00
612           	-4.975854e+00
613           	-4.964040e+00
614           	-4.952141e+00
615           	-4.939907e+00
616           	-4.927555e+00
617           	-4.915332e+00
618           	-4.902975e+00
619           	-4.890513e+00
620           	-4.877087e+00
621           	-4.863949e+00
622           	-4.851881e+00
623           	-4.840586e+00
624           	-4.827418e+00
625           	-4.814333e+00
626           	-4.801262e+00
627           	-4.788129e+00
628           	-4.774113e+00
629           	-4.760401e+00
630           	-4.747676e+00
631           	-4.734005e+00
632           	-4.721240e+00
633           	-4.708102e+00
634           	-4.694718e+00
635           	-4.680523e+00
636           	-4.668762e+00
637           	-4.653553e+00
638           	-4.640024e+00
639           	-4.626162e+00
640           	-4.610849e+00
641           	-4.597555e+00
642           	-4.584183e+00
643           	-4.570644e+00
644           	-4.556903e+00
645           	-4.543070e+00
646           	-4.528026e+00
647           	-4.513620e+00
648           	-4.499989e+00
649           	-4.486602e+00
650           	-4.473307e+00
651           	-4.459958e+00
652           	-4.446447e+00
653           	-4.432716e+00
654           	-4.418931e+00
655           	-4.404990e+00
656           	-4.391010e+00
657           	-4.377086e+00
658           	-4.363253e+00
659           	-4.349495e+00
660           	-4.335899e+00
661           	-4.322121e+00
662           	-4.308565e+00
663           	-4.295241e+00
664           	-4.282103e+00
665           	-4.269081e+00
666           	-4.256093e+00
667           	-4.243106e+00
668           	-4.230126e+00
669           	-4.217189e+00
670           	-4.204310e+00
671           	-4.191490e+00
672           	-4.178758e+00
673           	-4.166136e+00
674           	-4.153622e+00
675           	-4.141210e+00
676           	-4.128910e+00
677           	-4.116737e+00
678           	-4.104694e+00
679           	-4.092764e+00
680           	-4.080958e+00
681           	-4.069269e+00
682           	-4.057692e+00
683           	-4.046243e+00
684           	-4.034919e+00
685           	-4.023720e+00
686           	-4.012635e+00
687           	-4.001660e+00
688           	-3.990796e+00
689           	-3.980062e+00
690           	-3.969455e+00
691           	-3.958988e+00
692           	-3.948703e+00
693           	-3.938578e+00
694           	-3.928625e+00
695           	-3.918820e+00
696           	-3.909145e+00
697           	-3.899574e+00
698           	-3.890121e+00
699           	-3.880806e+00
700           	-3.871676e+00
701           	-3.863178e+00
702           	-3.854030e+00
703           	-3.845677e+00
704           	-3.836861e+00
705           	-3.828465e+00
706           	-3.820310e+00
707           	-3.812324e+00
708           	-3.804475e+00
709           	-3.796783e+00
710           	-3.789263e+00
711           	-3.781913e+00
712           	-3.774724e+00
713           	-3.767664e+00
714           	-3.760743e+00
715           	-3.753966e+00
716           	-3.747340e+00
717           	-3.740868e+00
718           	-3.734534e+00
719           	-3.728340e+00
720           	-3.722291e+00
721           	-3.716419e+00
722           	-3.710727e+00
723           	-3.705212e+00
724           	-3.699867e+00
725           	-3.694700e+00
726           	-3.689721e+00
727           	-3.684924e+00
728           	-3.680306e+00
729           	-3.675844e+00
730           	-3.671451e+00
731           	-3.667149e+00
732           	-3.662984e+00
733           	-3.659042e+00
734           	-3.655406e+00
735           	-3.651934e+00
736           	-3.648606e+00
737           	-3.645385e+00
738           	-3.642239e+00
739           	-3.639170e+00
740           	-3.636194e+00
741           	-3.633343e+00
742           	-3.630622e+00
743           	-3.628056e+00
744           	-3.625643e+00
745           	-3.623358e+00
746           	-3.621224e+00
747           	-3.619258e+00
748           	-3.617448e+00
749           	-3.615761e+00
750           	-3.614207e+00
751           	-3.612774e+00
752           	-3.611475e+00
753           	-3.610280e+00
754           	-3.609217e+00
755           	-3.608251e+00
756           	-3.607450e+00
757           	-3.606739e+00
758           	-3.606158e+00
759           	-3.605683e+00
760           	-3.605323e+00
761           	-3.605055e+00
762           	-3.604902e+00
763           	-3.604866e+00
764           	-3.604929e+00
765           	-3.605137e+00
766           	-3.605493e+00
767           	-3.605948e+00
768           	-3.606475e+00
769           	-3.607094e+00
770           	-3.607786e+00
771           	-3.608590e+00
772           	-3.609524e+00
773           	-3.610548e+00
774           	-3.611667e+00
775           	-3.612890e+00
776           	-3.614256e+00
777           	-3.615685e+00
778           	-3.617189e+00
779           	-3.618724e+00
780           	-3.620339e+00
781           	-3.622043e+00
782           	-3.623827e+00
783           	-3.625822e+00
784           	-3.627809e+00
785           	-3.629804e+00
786           	-3.631832e+00
787           	-3.633914e+00
788           	-3.636273e+00
789           	-3.638793e+00
790           	-3.641253e+00
791           	-3.643549e+00
792           	-3.645990e+00
793           	-3.648441e+00
794           	-3.650923e+00
795           	-3.653442e+00
796           	-3.656024e+00
797           	-3.658702e+00
798           	-3.661478e+00
799           	-3.664474e+00
800           	-3.667657e+00
801           	-3.671007e+00
802           	-3.674379e+00
803           	-3.677775e+00
804           	-3.681159e+00
805           	-3.684502e+00
806           	-3.687827e+00
807           	-3.691160e+00
808           	-3.694535e+00
809           	-3.697946e+00
810           	-3.701409e+00
811           	-3.705087e+00
812           	-3.708777e+00
813           	-3.712465e+00
814           	-3.716127e+00
815           	-3.719983e+00
816           	-3.723586e+00
817           	-3.727191e+00
818           	-3.730828e+00
819           	-3.734850e+00
820           	-3.738567e+00
821           	-3.742331e+00
822           	-3.746143e+00
823           	-3.750016e+00
824           	-3.754012e+00
825           	-3.758090e+00
826           	-3.762219e+00
827           	-3.766365e+00
828           	-3.770508e+00
829           	-3.774646e+00
830           	-3.778782e+00
831           	-3.782933e+00
832           	-3.787094e+00
833           	-3.791282e+00
834           	-3.795503e+00
835           	-3.799753e+00
836           	-3.804031e+00
837           	-3.808333e+00
838           	-3.812668e+00
839           	-3.817029e+00
840           	-3.821415e+00
841           	-3.825821e+00
842           	-3.830249e+00
843           	-3.834703e+00
844           	-3.839152e+00
845           	-3.843599e+00
846           	-3.848041e+00
847           	-3.852518e+00
848           	-3.857014e+00
849           	-3.861542e+00
850           	-3.866067e+00
851           	-3.870652e+00
852           	-3.875075e+00
853           	-3.879456e+00
854           	-3.884113e+00
855           	-3.888825e+00
856           	-3.893530e+00
857           	-3.897928e+00
858           	-3.902590e+00
859           	-3.907281e+00
860           	-3.911969e+00
861           	-3.916338e+00
862           	-3.920998e+00
863           	-3.925374e+00
864           	-3.930092e+00
865           	-3.934854e+00
866           	-3.939591e+00
867           	-3.943972e+00
868           	-3.948646e+00
869           	-3.953015e+00
870           	-3.957759e+00
871           	-3.962196e+00
872           	-3.967033e+00
873           	-3.971519e+00
874           	-3.976333e+00
875           	-3.980844e+00
876           	-3.985692e+00
877           	-3.990480e+00
878           	-3.995204e+00
879           	-3.999600e+00
880           	-4.004230e+00
881           	-4.008620e+00
882           	-4.013298e+00
883           	-4.017769e+00
884           	-4.022533e+00
885           	-4.027070e+00
886           	-4.031870e+00
887           	-4.036431e+00
888           	-4.041240e+00
889           	-4.045782e+00
890           	-4.050305e+00
891           	-4.054853e+00
892           	-4.059658e+00
893           	-4.064460e+00
894           	-4.068970e+00
895           	-4.073430e+00
896           	-4.078117e+00
897           	-4.082556e+00
898           	-4.087237e+00
899           	-4.091667e+00
900           	-4.096309e+00
901           	-4.100927e+00
902           	-4.105503e+00
903           	-4.109797e+00
904           	-4.114316e+00
905           	-4.118600e+00
906           	-4.123159e+00
907           	-4.127510e+00
908           	-4.132123e+00
909           	-4.136499e+00
910           	-4.140874e+00
911           	-4.145277e+00
912           	-4.149934e+00
913           	-4.154561e+00
914           	-4.158875e+00
915           	-4.163354e+00
916           	-4.167548e+00
917           	-4.171936e+00
918           	-4.176100e+00
919           	-4.180470e+00
920           	-4.184636e+00
921           	-4.189026e+00
922           	-4.193190e+00
923           	-4.197576e+00
924           	-4.201722e+00
925           	-4.206064e+00
926           	-4.210374e+00
927           	-4.214627e+00
928           	-4.218622e+00
929           	-4.222778e+00
930           	-4.226744e+00
931           	-4.230916e+00
932           	-4.235086e+00
933           	-4.239238e+00
934           	-4.243350e+00
935           	-4.247413e+00
936           	-4.251431e+00
937           	-4.255411e+00
938           	-4.259367e+00
939           	-4.263305e+00
940           	-4.267239e+00
941           	-4.271157e+00
942           	-4.275073e+00
943           	-4.278969e+00
944           	-4.282680e+00
945           	-4.286575e+00
946           	-4.290470e+00
947           	-4.294360e+00
948           	-4.298221e+00
949           	-4.302051e+00
950           	-4.305816e+00
951           	-4.309555e+00
952           	-4.313246e+00
953           	-4.316921e+00
954           	-4.320560e+00
955           	-4.324192e+00
956           	-4.327821e+00
957           	-4.331441e+00
958           	-4.335024e+00
959           	-4.338588e+00
960           	-4.342139e+00
961           	-4.345684e+00
962           	-4.349218e+00
963           	-4.352713e+00
964           	-4.356189e+00
965           	-4.359648e+00
966           	-4.363089e+00
967           	-4.366509e+00
968           	-4.369910e+00
969           	-4.373268e+00
970           	-4.376603e+00
971           	-4.379914e+00
972           	-4.383203e+00
973           	-4.386449e+00
974           	-4.389674e+00
975           	-4.392886e+00
976           	-4.396092e+00
977           	-4.399293e+00
978           	-4.402485e+00
979           	-4.405661e+00
980           	-4.408855e+00
981           	-4.411987e+00
982           	-4.415066e+00
983           	-4.418101e+00
984           	-4.421105e+00
985           	-4.424099e+00
986           	-4.427083e+00
987           	-4.430061e+00
988           	-4.433053e+00
989           	-4.435982e+00
990           	-4.438878e+00
991           	-4.441749e+00
992           	-4.444612e+00
993           	-4.447473e+00
994           	-4.450333e+00
995           	-4.453217e+00
996           	-4.456033e+00
997           	-4.458823e+00
998           	-4.461592e+00
999           	-4.464340e+00
1000          	-4.467075e+00
1001          	-4.469792e+00
1002          	-4.472496e+00
1003          	-4.475234e+00
1004          	-4.477876e+00
1005          	-4.480509e+00
1006          	-4.483087e+00
1007          	-4.485645e+00
1008          	-4.488192e+00
1009          	-4.490721e+00
1010          	-4.493166e+00
1011          	-4.495607e+00
1012          	-4.498046e+00
1013          	-4.500495e+00
1014          	-4.502916e+00
1015          	-4.505325e+00
1016          	-4.507717e+00
1017          	-4.510094e+00
1018          	-4.512439e+00
1019          	-4.514765e+00
1020          	-4.517071e+00
1021          	-4.519361e+00
1022          	-4.521622e+00
1023          	-4.523873e+00
1024          	-4.526117e+00
1025          	-4.528348e+00
1026          	-4.530601e+00
1027          	-4.532783e+00
1028          	-4.534934e+00
1029          	-4.537073e+00
1030          	-4.539199e+00
1031          	-4.541303e+00
1032          	-4.543397e+00
1033          	-4.545482e+00
1034          	-4.547549e+00
1035          	-4.549607e+00
1036          	-4.551640e+00
1037          	-4.553675e+00
1038          	-4.555684e+00
1039          	-4.557654e+00
1040          	-4.559584e+00
1041          	-4.561438e+00
1042          	-4.563272e+00
1043          	-4.565104e+00
1044          	-4.566952e+00
1045          	-4.568817e+00
1046          	-4.570695e+00
1047          	-4.572572e+00
1048          	-4.574412e+00
1049          	-4.576197e+00
1050          	-4.577940e+00
1051          	-4.579677e+00
1052          	-4.581411e+00
1053          	-4.583131e+00
1054          	-4.584827e+00
1055          	-4.586502e+00
1056          	-4.588179e+00
1057          	-4.589858e+00
1058          	-4.591522e+00
1059          	-4.593165e+00
1060          	-4.594773e+00
1061          	-4.596362e+00
1062          	-4.597913e+00
1063          	-4.599444e+00
1064          	-4.600957e+00
1065          	-4.602473e+00
1066          	-4.603976e+00
1067          	-4.605457e+00
1068          	-4.606930e+00
1069          	-4.608415e+00
1070          	-4.609884e+00
1071          	-4.611325e+00
1072          	-4.612752e+00
1073          	-4.614165e+00
1074          	-4.615567e+00
1075          	-4.616935e+00
1076          	-4.618277e+00
1077          	-4.619610e+00
1078          	-4.620949e+00
1079          	-4.622290e+00
1080          	-4.623611e+00
1081          	-4.624918e+00
1082          	-4.626170e+00
1083          	-4.627399e+00
1084          	-4.628620e+00
1085          	-4.629861e+00
1086          	-4.631100e+00
1087          	-4.632308e+00
1088          	-4.633492e+00
1089          	-4.634655e+00
1090          	-4.635823e+00
1091          	-4.637005e+00
1092          	-4.638185e+00
1093          	-4.639353e+00
1094          	-4.640454e+00
1095          	-4.641523e+00
1096          	-4.642584e+00
1097          	-4.643646e+00
1098          	-4.644718e+00
1099          	-4.645776e+00
1100          	-4.646822e+00
1101          	-4.647882e+00
1102          	-4.648924e+00
1103          	-4.649910e+00
1104          	-4.650880e+00
1105          	-4.651840e+00
1106          	-4.652819e+00
1107          	-4.653815e+00
1108          	-4.654802e+00
1109          	-4.655749e+00
1110          	-4.656692e+00
1111          	-4.657636e+00
1112          	-4.658559e+00
1113          	-4.659470e+00
1114          	-4.660356e+00
1115          	-4.661237e+00
1116          	-4.662093e+00
1117          	-4.662873e+00
1118          	-4.663722e+00
1119          	-4.664600e+00
1120          	-4.665481e+00
1121          	-4.666268e+00
1122          	-4.667133e+00
1123          	-4.667995e+00
1124          	-4.668763e+00
1125          	-4.669518e+00
1126          	-4.670336e+00
1127          	-4.671086e+00
1128          	-4.671887e+00
1129          	-4.672608e+00
1130          	-4.673410e+00
1131          	-4.674138e+00
1132          	-4.674913e+00
1133          	-4.675581e+00
1134          	-4.676275e+00
1135          	-4.677026e+00
1136          	-4.677804e+00
1137          	-4.678472e+00
1138          	-4.679138e+00
1139          	-4.679811e+00
1140          	-4.680475e+00
1141          	-4.681166e+00
1142          	-4.681825e+00
1143          	-4.682495e+00
1144          	-4.683153e+00
1145          	-4.683824e+00
1146          	-4.684445e+00
1147          	-4.685069e+00
1148          	-4.685697e+00
1149          	-4.686340e+00
1150          	-4.687079e+00
1151          	-4.687601e+00
1152          	-4.688126e+00
1153          	-4.688682e+00
1154          	-4.689303e+00
1155          	-4.689842e+00
1156          	-4.690479e+00
1157          	-4.691051e+00
1158          	-4.691653e+00
1159          	-4.692170e+00
1160          	-4.692771e+00
1161          	-4.693221e+00
1162          	-4.693823e+00
1163          	-4.694236e+00
1164          	-4.694882e+00
1165          	-4.695352e+00
1166          	-4.695961e+00
1167          	-4.696488e+00
1168          	-4.696974e+00
1169          	-4.697402e+00
1170          	-4.698005e+00
1171          	-4.698429e+00
1172          	-4.699011e+00
1173          	-4.699410e+00
1174          	-4.699973e+00
1175          	-4.700351e+00
1176          	-4.700924e+00
1177          	-4.701320e+00
1178          	-4.701872e+00
1179          	-4.702238e+00
1180          	-4.702787e+00
1181          	-4.703165e+00
1182          	-4.703707e+00
1183          	-4.704044e+00
1184          	-4.704568e+00
1185          	-4.704903e+00
1186          	-4.705413e+00
1187          	-4.705734e+00
1188          	-4.706229e+00
1189          	-4.706578e+00
1190          	-4.706986e+00
1191          	-4.707385e+00
1192          	-4.707809e+00
1193          	-4.708227e+00
1194          	-4.708779e+00
1195          	-4.709116e+00
1196          	-4.709469e+00
1197          	-4.709817e+00
1198          	-4.710298e+00
1199          	-4.710586e+00
1200          	-4.710900e+00
1201          	-4.711225e+00
1202          	-4.711690e+00
1203          	-4.711975e+00
1204          	-4.712292e+00
1205          	-4.712624e+00
1206          	-4.713105e+00
1207          	-4.713396e+00
1208          	-4.713703e+00
1209          	-4.714025e+00
1210          	-4.714478e+00
1211          	-4.714748e+00
1212          	-4.715030e+00
1213          	-4.715329e+00
1214          	-4.715761e+00
1215          	-4.716007e+00
1216          	-4.716265e+00
1217          	-4.716546e+00
1218          	-4.716967e+00
1219          	-4.717197e+00
1220          	-4.717435e+00
1221          	-4.717697e+00
1222          	-4.718098e+00
1223          	-4.718312e+00
1224          	-4.718619e+00
1225          	-4.718814e+00
1226          	-4.719027e+00
1227          	-4.719278e+00
1228          	-4.719579e+00
1229          	-4.719885e+00
1230          	-4.720277e+00
1231          	-4.720441e+00
1232          	-4.720603e+00
1233          	-4.720799e+00
1234          	-4.721099e+00
1235          	-4.721276e+00
1236          	-4.721448e+00
1237          	-4.721642e+00
1238          	-4.721930e+00
1239          	-4.722095e+00
1240          	-4.722256e+00
1241          	-4.722441e+00
1242          	-4.722718e+00
1243          	-4.722872e+00
1244          	-4.723018e+00
1245          	-4.723185e+00
1246          	-4.723440e+00
1247          	-4.723571e+00
1248          	-4.723695e+00
1249          	-4.723838e+00
1250          	-4.724067e+00
1251          	-4.724155e+00
1252          	-4.724244e+00
1253          	-4.724362e+00
1254          	-4.724532e+00
1255          	-4.724651e+00
1256          	-4.724763e+00
1257          	-4.724885e+00
1258          	-4.725075e+00
1259          	-4.725129e+00
1260          	-4.725179e+00
1261          	-4.725245e+00
1262          	-4.725354e+00
1263          	-4.725415e+00
1264          	-4.725470e+00
1265          	-4.725532e+00
1266          	-4.725623e+00
1267          	-4.725660e+00
1268          	-4.725687e+00
1269          	-4.725714e+00
1270          	-4.725767e+00
1271          	-4.725767e+00
1272          	-4.725762e+00
1273          	-4.725734e+00
1274          	-4.725769e+00
1275          	-4.725734e+00
1276          	-4.725702e+00
1277          	-4.725681e+00
1278          	-4.725662e+00
1279          	-4.725652e+00
1280          	-4.725657e+00
1281          	-4.725593e+00
1282          	-4.725518e+00
1283          	-4.725449e+00
1284          	-4.725371e+00
1285          	-4.725291e+00
1286          	-4.725226e+00
1287          	-4.725113e+00
1288          	-4.724991e+00
1289          	-4.724867e+00
1290          	-4.724742e+00
1291          	-4.724618e+00
1292          	-4.724487e+00
1293          	-4.724348e+00
1294          	-4.724217e+00
1295          	-4.724037e+00
1296          	-4.723850e+00
1297          	-4.723653e+00
1298          	-4.723457e+00
1299          	-4.723254e+00
1300          	-4.723050e+00
1301          	-4.722800e+00
1302          	-4.722597e+00
1303          	-4.722344e+00
1304          	-4.722106e+00
1305          	-4.721838e+00
1306          	-4.721580e+00
1307          	-4.721294e+00
1308          	-4.721012e+00
1309          	-4.720718e+00
1310          	-4.720426e+00
1311          	-4.720083e+00
1312          	-4.719759e+00
1313          	-4.719418e+00
1314          	-4.719093e+00
1315          	-4.718750e+00
1316          	-4.718419e+00
1317          	-4.718064e+00
1318          	-4.717717e+00
1319          	-4.717340e+00
1320          	-4.716967e+00
1321          	-4.716562e+00
1322          	-4.716158e+00
1323          	-4.715717e+00
1324          	-4.715281e+00
1325          	-4.714755e+00
1326          	-4.714254e+00
1327          	-4.713716e+00
1328          	-4.713216e+00
1329          	-4.712686e+00
1330          	-4.712190e+00
1331          	-4.711656e+00
1332          	-4.711156e+00
1333          	-4.710605e+00
1334          	-4.710081e+00
1335          	-4.709516e+00
1336          	-4.708974e+00
1337          	-4.708388e+00
1338          	-4.707822e+00
1339          	-4.707204e+00
1340          	-4.706609e+00
1341          	-4.705965e+00
1342          	-4.705314e+00
1343          	-4.704620e+00
1344          	-4.703981e+00
1345          	-4.703297e+00
1346          	-4.702647e+00
1347          	-4.701959e+00
1348          	-4.701296e+00
1349          	-4.700590e+00
1350          	-4.699903e+00
1351          	-4.699169e+00
1352          	-4.698454e+00
1353          	-4.697693e+00
1354          	-4.696953e+00
1355          	-4.696170e+00
1356          	-4.695409e+00
1357          	-4.694609e+00
1358          	-4.693832e+00
1359          	-4.693016e+00
1360          	-4.692222e+00
1361          	-4.691386e+00
1362          	-4.690572e+00
1363          	-4.689724e+00
1364          	-4.688894e+00
1365          	-4.688028e+00
1366          	-4.687181e+00
1367          	-4.686299e+00
1368          	-4.685433e+00
1369          	-4.684532e+00
1370          	-4.683649e+00
1371          	-4.682734e+00
1372          	-4.681833e+00
1373          	-4.680901e+00
1374          	-4.679985e+00
1375          	-4.679041e+00
1376          	-4.678109e+00
1377          	-4.677148e+00
1378          	-4.676201e+00
1379          	-4.675229e+00
1380          	-4.674268e+00
1381          	-4.673281e+00
1382          	-4.672306e+00
1383          	-4.671309e+00
1384          	-4.670322e+00
1385          	-4.669310e+00
1386          	-4.668310e+00
1387          	-4.667284e+00
1388          	-4.666274e+00
1389          	-4.665240e+00
1390          	-4.664222e+00
1391          	-4.663182e+00
1392          	-4.662153e+00
1393          	-4.661098e+00
1394          	-4.660058e+00
1395          	-4.658997e+00
1396          	-4.657947e+00
1397          	-4.656874e+00
1398          	-4.655816e+00
1399          	-4.654739e+00
1400          	-4.653674e+00
1401          	-4.652587e+00
1402          	-4.651516e+00
1403          	-4.650428e+00
1404          	-4.649353e+00
1405          	-4.648255e+00
1406          	-4.647173e+00
1407          	-4.646074e+00
1408          	-4.644989e+00
1409          	-4.643882e+00
1410          	-4.642793e+00
1411          	-4.641687e+00
1412          	-4.640593e+00
1413          	-4.639480e+00
1414          	-4.638388e+00
1415          	-4.637279e+00
1416          	-4.636188e+00
1417          	-4.635075e+00
1418          	-4.633982e+00
1419          	-4.632871e+00
1420          	-4.631779e+00
1421          	-4.630663e+00
1422          	-4.629570e+00
1423          	-4.628459e+00
1424          	-4.627371e+00
1425          	-4.626257e+00
1426          	-4.625169e+00
1427          	-4.624062e+00
1428          	-4.622976e+00
1429          	-4.621871e+00
1430          	-4.620790e+00
1431          	-4.619689e+00
1432          	-4.618612e+00
1433          	-4.617516e+00
1434          	-4.616445e+00
1435          	-4.615359e+00
1436          	-4.614296e+00
1437          	-4.613212e+00
1438          	-4.612152e+00
1439          	-4.611203e+00
1440          	-4.610071e+00
1441          	-4.608935e+00
1442          	-4.607851e+00
1443          	-4.606779e+00
1444          	-4.605748e+00
1445          	-4.604829e+00
1446          	-4.603748e+00
1447          	-4.602666e+00
1448          	-4.601636e+00
1449          	-4.600721e+00
1450          	-4.599655e+00
1451          	-4.598582e+00
1452          	-4.597566e+00
1453          	-4.596668e+00
1454          	-4.595625e+00
1455          	-4.594583e+00
1456          	-4.593599e+00
1457          	-4.592726e+00
1458          	-4.591713e+00
1459          	-4.590695e+00
1460          	-4.589733e+00
1461          	-4.588880e+00
1462          	-4.587888e+00
1463          	-4.587000e+00
1464          	-4.585991e+00
1465          	-4.585105e+00
1466          	-4.584111e+00
1467          	-4.583241e+00
1468          	-4.582271e+00
1469          	-4.581427e+00
1470          	-4.580486e+00
1471          	-4.579663e+00
1472          	-4.578743e+00
1473          	-4.577941e+00
1474          	-4.577039e+00
1475          	-4.576245e+00
1476          	-4.575352e+00
1477          	-4.574570e+00
1478          	-4.573690e+00
1479          	-4.572916e+00
1480          	-4.572047e+00
1481          	-4.571291e+00
1482          	-4.570443e+00
1483          	-4.569698e+00
1484          	-4.568864e+00
1485          	-4.568142e+00
1486          	-4.567330e+00
1487          	-4.566620e+00
1488          	-4.565824e+00
1489          	-4.565136e+00
1490          	-4.564363e+00
1491          	-4.563685e+00
1492          	-4.562925e+00
1493          	-4.562269e+00
1494          	-4.561531e+00
1495          	-4.560885e+00
1496          	-4.560161e+00
1497          	-4.559539e+00
1498          	-4.558837e+00
1499          	-4.558224e+00
1500          	-4.557535e+00
1501          	-4.556945e+00
1502          	-4.556278e+00
1503          	-4.555698e+00
1504          	-4.555048e+00
1505          	-4.554491e+00
1506          	-4.553862e+00
1507          	-4.553314e+00
1508          	-4.552700e+00
1509          	-4.552175e+00
1510          	-4.551583e+00
1511          	-4.551068e+00
1512          	-4.550492e+00
1513          	-4.549933e+00
1514          	-4.549438e+00
1515          	-4.548997e+00
1516          	-4.548481e+00
1517          	-4.548022e+00
1518          	-4.547490e+00
1519          	-4.547020e+00
1520          	-4.546494e+00
1521          	-4.545989e+00
1522          	-4.545549e+00
1523          	-4.545163e+00
1524          	-4.544718e+00
1525          	-4.544326e+00
1526          	-4.543875e+00
1527          	-4.543479e+00
1528          	-4.543038e+00
1529          	-4.542614e+00
1530          	-4.542248e+00
1531          	-4.541923e+00
1532          	-4.541547e+00
1533          	-4.541170e+00
1534          	-4.540832e+00
1535          	-4.540526e+00
1536          	-4.540169e+00
1537          	-4.539808e+00
1538          	-4.539487e+00
1539          	-4.539199e+00
1540          	-4.538870e+00
1541          	-4.538541e+00
1542          	-4.538256e+00
1543          	-4.538002e+00
1544          	-4.537713e+00
1545          	-4.537425e+00
1546          	-4.537176e+00
1547          	-4.536953e+00
1548          	-4.536699e+00
1549          	-4.536442e+00
1550          	-4.536222e+00
1551          	-4.536023e+00
1552          	-4.535798e+00
1553          	-4.535569e+00
1554          	-4.535374e+00
1555          	-4.535181e+00
1556          	-4.535013e+00
1557          	-4.534853e+00
1558          	-4.534667e+00
1559          	-4.534474e+00
1560          	-4.534310e+00
1561          	-4.534148e+00
1562          	-4.534013e+00
1563          	-4.533873e+00
1564          	-4.533752e+00
1565          	-4.533622e+00
1566          	-4.533508e+00
1567          	-4.533385e+00
1568          	-4.533278e+00
1569          	-4.533163e+00
1570          	-4.533066e+00
1571          	-4.532963e+00
1572          	-4.532879e+00
1573          	-4.532790e+00
1574          	-4.532721e+00
1575          	-4.532648e+00
1576          	-4.532593e+00
1577          	-4.532533e+00
1578          	-4.532490e+00
1579          	-4.532442e+00
1580          	-4.532409e+00
1581          	-4.532371e+00
1582          	-4.532348e+00
1583          	-4.532319e+00
1584          	-4.532306e+00
1585          	-4.532287e+00
1586          	-4.532283e+00
1587          	-4.532274e+00
1588          	-4.532279e+00
1589          	-4.532280e+00
1590          	-4.532297e+00
1591          	-4.532320e+00
1592          	-4.532342e+00
1593          	-4.532365e+00
1594          	-4.532392e+00
1595          	-4.532425e+00
1596          	-4.532466e+00
1597          	-4.532502e+00
1598          	-4.532549e+00
1599          	-4.532605e+00
1600          	-4.532666e+00
1601          	-4.532722e+00
1602          	-4.532785e+00
1603          	-4.532847e+00
1604          	-4.532916e+00
1605          	-4.532982e+00
1606          	-4.533060e+00
1607          	-4.533140e+00
1608          	-4.533249e+00
1609          	-4.533342e+00
1610          	-4.533446e+00
1611          	-4.533542e+00
1612          	-4.533653e+00
1613          	-4.533741e+00
1614          	-4.533853e+00
1615          	-4.533948e+00
1616          	-4.534062e+00
1617          	-4.534167e+00
1618          	-4.534287e+00
1619          	-4.534406e+00
1620          	-4.534546e+00
1621          	-4.534672e+00
1622          	-4.534810e+00
1623          	-4.534942e+00
1624          	-4.535082e+00
1625          	-4.535209e+00
1626          	-4.535352e+00
1627          	-4.535494e+00
1628          	-4.535643e+00
1629          	-4.535780e+00
1630          	-4.535937e+00
1631          	-4.536104e+00
1632          	-4.536280e+00
1633          	-4.536434e+00
1634          	-4.536609e+00
1635          	-4.536780e+00
1636          	-4.536957e+00
1637          	-4.537112e+00
1638          	-4.537287e+00
1639          	-4.537457e+00
1640          	-4.537644e+00
1641          	-4.537799e+00
1642          	-4.537988e+00
1643          	-4.538174e+00
1644          	-4.538369e+00
1645          	-4.538536e+00
1646          	-4.538730e+00
1647          	-4.538915e+00
1648          	-4.539114e+00
1649          	-4.539284e+00
1650          	-4.539486e+00
1651          	-4.539685e+00
1652          	-4.539894e+00
1653          	-4.540073e+00
1654          	-4.540281e+00
1655          	-4.540482e+00
1656          	-4.540695e+00
1657          	-4.540877e+00
1658          	-4.541090e+00
1659          	-4.541301e+00
1660          	-4.541521e+00
1661          	-4.541707e+00
1662          	-4.541924e+00
1663          	-4.542131e+00
1664          	-4.542354e+00
1665          	-4.542543e+00
1666          	-4.542768e+00
1667          	-4.542986e+00
1668          	-4.543217e+00
1669          	-4.543408e+00
1670          	-4.543636e+00
1671          	-4.543853e+00
1672          	-4.544085e+00
1673          	-4.544277e+00
1674          	-4.544508e+00
1675          	-4.544732e+00
1676          	-4.544969e+00
1677          	-4.545163e+00
1678          	-4.545397e+00
1679          	-4.545615e+00
1680          	-4.545853e+00
1681          	-4.546049e+00
1682          	-4.546287e+00
1683          	-4.546516e+00
1684          	-4.546759e+00
1685          	-4.546956e+00
1686          	-4.547194e+00
1687          	-4.547416e+00
1688          	-4.547658e+00
1689          	-4.547854e+00
1690          	-4.548095e+00
1691          	-4.548215e+00
1692          	-4.548506e+00
1693          	-4.548731e+00
1694          	-4.549003e+00
1695          	-4.549250e+00
1696          	-4.549517e+00
1697          	-4.549725e+00
1698          	-4.549978e+00
1699          	-4.550102e+00
1700          	-4.550377e+00
1701          	-4.550591e+00
1702          	-4.550840e+00
1703          	-4.551074e+00
1704          	-4.551326e+00
1705          	-4.551533e+00
1706          	-4.551778e+00
1707          	-4.551899e+00
1708          	-4.552177e+00
1709          	-4.552395e+00
1710          	-4.552651e+00
1711          	-4.552890e+00
1712          	-4.553146e+00
1713          	-4.553353e+00
1714          	-4.553597e+00
1715          	-4.553715e+00
1716          	-4.553990e+00
1717          	-4.554204e+00
1718          	-4.554456e+00
1719          	-4.554690e+00
1720          	-4.554943e+00
1721          	-4.555146e+00
1722          	-4.555387e+00
1723          	-4.555504e+00
1724          	-4.555777e+00
1725          	-4.555988e+00
1726          	-4.556238e+00
1727          	-4.556362e+00
1728          	-4.556651e+00
1729          	-4.556879e+00
1730          	-4.557144e+00
1731          	-4.557273e+00
1732          	-4.557564e+00
1733          	-4.557787e+00
1734          	-4.558041e+00
1735          	-4.558163e+00
1736          	-4.558440e+00
1737          	-4.558651e+00
1738          	-4.558895e+00
1739          	-4.559009e+00
1740          	-4.559280e+00
1741          	-4.559489e+00
1742          	-4.559733e+00
1743          	-4.559854e+00
1744          	-4.560125e+00
1745          	-4.560332e+00
1746          	-4.560573e+00
1747          	-4.560692e+00
1748          	-4.560958e+00
1749          	-4.561161e+00
1750          	-4.561398e+00
1751          	-4.561515e+00
1752          	-4.561778e+00
1753          	-4.561978e+00
1754          	-4.562212e+00
1755          	-4.562325e+00
1756          	-4.562583e+00
1757          	-4.562780e+00
1758          	-4.563010e+00
1759          	-4.563124e+00
1760          	-4.563381e+00
1761          	-4.563574e+00
1762          	-4.563800e+00
1763          	-4.563909e+00
1764          	-4.564157e+00
1765          	-4.564346e+00
1766          	-4.564570e+00
1767          	-4.564678e+00
1768          	-4.564926e+00
1769          	-4.565112e+00
1770          	-4.565331e+00
1771          	-4.565437e+00
1772          	-4.565679e+00
1773          	-4.565860e+00
1774          	-4.566074e+00
1775          	-4.566177e+00
1776          	-4.566414e+00
1777          	-4.566590e+00
1778          	-4.566800e+00
1779          	-4.566901e+00
1780          	-4.567134e+00
1781          	-4.567306e+00
1782          	-4.567512e+00
1783          	-4.567612e+00
1784          	-4.567839e+00
1785          	-4.568008e+00
1786          	-4.568209e+00
1787          	-4.568306e+00
1788          	-4.568528e+00
1789          	-4.568693e+00
1790          	-4.568890e+00
1791          	-4.568984e+00
1792          	-4.569202e+00
1793          	-4.569362e+00
1794          	-4.569554e+00
1795          	-4.569646e+00
1796          	-4.569858e+00
1797          	-4.570014e+00
1798          	-4.570202e+00
1799          	-4.570292e+00
1800          	-4.570499e+00
1801          	-4.570651e+00
1802          	-4.570834e+00
1803          	-4.570920e+00
1804          	-4.571121e+00
1805          	-4.571268e+00
1806          	-4.571446e+00
1807          	-4.571532e+00
1808          	-4.571730e+00
1809          	-4.571872e+00
1810          	-4.572046e+00
1811          	-4.572126e+00
1812          	-4.572316e+00
1813          	-4.572453e+00
1814          	-4.572623e+00
1815          	-4.572703e+00
1816          	-4.572891e+00
1817          	-4.573026e+00
1818          	-4.573191e+00
1819          	-4.573267e+00
1820          	-4.573448e+00
1821          	-4.573578e+00
1822          	-4.573737e+00
1823          	-4.573810e+00
1824          	-4.573986e+00
1825          	-4.574112e+00
1826          	-4.574267e+00
1827          	-4.574339e+00
1828          	-4.574508e+00
1829          	-4.574630e+00
1830          	-4.574780e+00
1831          	-4.574851e+00
1832          	-4.575014e+00
1833          	-4.575132e+00
1834          	-4.575277e+00
1835          	-4.575345e+00
1836          	-4.575503e+00
1837          	-4.575617e+00
1838          	-4.575757e+00
1839          	-4.575823e+00
1840          	-4.575976e+00
1841          	-4.576085e+00
1842          	-4.576221e+00
1843          	-4.576284e+00
1844          	-4.576432e+00
1845          	-4.576537e+00
1846          	-4.576668e+00
1847          	-4.576729e+00
1848          	-4.576872e+00
1849          	-4.576972e+00
1850          	-4.577098e+00
1851          	-4.577157e+00
1852          	-4.577294e+00
1853          	-4.577391e+00
1854          	-4.577513e+00
1855          	-4.577569e+00
1856          	-4.577702e+00
1857          	-4.577795e+00
1858          	-4.577912e+00
1859          	-4.577966e+00
1860          	-4.578093e+00
1861          	-4.578182e+00
1862          	-4.578294e+00
1863          	-4.578347e+00
1864          	-4.578469e+00
1865          	-4.578554e+00
1866          	-4.578662e+00
1867          	-4.578712e+00
1868          	-4.578828e+00
1869          	-4.578909e+00
1870          	-4.579012e+00
1871          	-4.579061e+00
1872          	-4.579174e+00
1873          	-4.579252e+00
1874          	-4.579350e+00
1875          	-4.579396e+00
1876          	-4.579501e+00
1877          	-4.579575e+00
1878          	-4.579670e+00
1879          	-4.579714e+00
1880          	-4.579818e+00
1881          	-4.579888e+00
1882          	-4.579979e+00
1883          	-4.580021e+00
1884          	-4.580118e+00
1885          	-4.580184e+00
1886          	-4.580270e+00
1887          	-4.580310e+00
1888          	-4.580404e+00
1889          	-4.580467e+00
1890          	-4.580548e+00
1891          	-4.580586e+00
1892          	-4.580673e+00
1893          	-4.580733e+00
1894          	-4.580811e+00
1895          	-4.580848e+00
1896          	-4.580933e+00
1897          	-4.580990e+00
1898          	-4.581063e+00
1899          	-4.581097e+00
1900          	-4.581175e+00
1901          	-4.581228e+00
1902          	-4.581298e+00
1903          	-4.581331e+00
1904          	-4.581407e+00
1905          	-4.581458e+00
1906          	-4.581524e+00
1907          	-4.581555e+00
1908          	-4.581625e+00
1909          	-4.581672e+00
1910          	-4.581734e+00
1911          	-4.581763e+00
1912          	-4.581830e+00
1913          	-4.581874e+00
1914          	-4.581933e+00
1915          	-4.581960e+00
1916          	-4.582021e+00
1917          	-4.582062e+00
1918          	-4.582117e+00
1919          	-4.582143e+00
1920          	-4.582203e+00
1921          	-4.582242e+00
1922          	-4.582294e+00
1923          	-4.582317e+00
1924          	-4.582371e+00
1925          	-4.582407e+00
1926          	-4.582455e+00
1927          	-4.582478e+00
1928          	-4.582530e+00
1929          	-4.582563e+00
1930          	-4.582607e+00
1931          	-4.582628e+00
1932          	-4.582674e+00
1933          	-4.582704e+00
1934          	-4.582746e+00
1935          	-4.582765e+00
1936          	-4.582810e+00
1937          	-4.582838e+00
1938          	-4.582877e+00
1939          	-4.582895e+00
1940          	-4.582935e+00
1941          	-4.582960e+00
1942          	-4.582996e+00
1943          	-4.583012e+00
1944          	-4.583050e+00
1945          	-4.583072e+00
1946          	-4.583105e+00
1947          	-4.583120e+00
1948          	-4.583152e+00
1949          	-4.583172e+00
1950          	-4.583203e+00
1951          	-4.583216e+00
1952          	-4.583248e+00
1953          	-4.583267e+00
1954          	-4.583294e+00
1955          	-4.583307e+00
1956          	-4.583334e+00
1957          	-4.583350e+00
1958          	-4.583375e+00
1959          	-4.583386e+00
1960          	-4.583411e+00
1961          	-4.583425e+00
1962          	-4.583447e+00
1963          	-4.583457e+00
1964          	-4.583478e+00
1965          	-4.583489e+00
1966          	-4.583509e+00
1967          	-4.583518e+00
1968          	-4.583538e+00
1969          	-4.583548e+00
1970          	-4.583566e+00
1971          	-4.583573e+00
1972          	-4.583590e+00
1973          	-4.583597e+00
1974          	-4.583613e+00
1975          	-4.583619e+00
1976          	-4.583634e+00
1977          	-4.583640e+00
1978          	-4.583653e+00
1979          	-4.583659e+00
1980          	-4.583670e+00
1981          	-4.583674e+00
1982          	-4.583686e+00
1983          	-4.583690e+00
1984          	-4.583700e+00
1985          	-4.583703e+00
1986          	-4.583712e+00
1987          	-4.583715e+00
1988          	-4.583721e+00
1989          	-4.583722e+00
1990          	-4.583729e+00
1991          	-4.583731e+00
1992          	-4.583737e+00
1993          	-4.583737e+00
1994          	-4.583743e+00
1995          	-4.583745e+00
1996          	-4.583748e+00
1997          	-4.583746e+00
1998          	-4.583750e+00
1999          	-4.583751e+00
2000          	-4.583752e+00
