/*--------------------------------*- C++ -*----------------------------------*\
| =========                 |                                                 |
| \\      /  F ield         | OpenFOAM: The Open Source CFD Toolbox           |
|  \\    /   O peration     | Version:  2412                                  |
|   \\  /    A nd           | Website:  www.openfoam.com                      |
|    \\/     M anipulation  |                                                 |
\*---------------------------------------------------------------------------*/
FoamFile
{
    version     2.0;
    format      ascii;
    arch        "LSB;label=32;scalar=64";
    class       volScalarField;
    location    "1.9/solid";
    object      T;
}
// * * * * * * * * * * * * * * * * * * * * * * * * * * * * * * * * * * * * * //

dimensions      [0 0 0 1 0 0 0];

internalField   nonuniform List<scalar> 
1000
(
350.735
350.744
350.749
350.751
350.752
350.753
350.752
350.751
350.75
350.747
350.741
350.748
350.751
350.753
350.754
350.754
350.754
350.754
350.752
350.75
350.743
350.749
350.752
350.754
350.755
350.755
350.755
350.755
350.753
350.751
350.745
350.75
350.753
350.754
350.755
350.755
350.756
350.755
350.754
350.751
350.745
350.75
350.753
350.754
350.755
350.756
350.756
350.755
350.754
350.751
350.745
350.75
350.753
350.754
350.755
350.756
350.756
350.755
350.754
350.751
350.745
350.75
350.753
350.754
350.755
350.755
350.756
350.755
350.754
350.751
350.743
350.749
350.752
350.754
350.755
350.755
350.755
350.755
350.753
350.751
350.741
350.747
350.751
350.753
350.754
350.754
350.754
350.754
350.752
350.75
350.735
350.744
350.748
350.751
350.752
350.752
350.752
350.751
350.75
350.747
346.28
346.297
346.308
346.314
346.316
346.318
346.318
346.316
346.312
346.305
346.29
346.303
346.311
346.316
346.319
346.32
346.32
346.319
346.315
346.31
346.295
346.306
346.313
346.317
346.32
346.321
346.322
346.32
346.318
346.312
346.298
346.308
346.315
346.319
346.321
346.322
346.323
346.322
346.319
346.314
346.299
346.309
346.315
346.319
346.321
346.322
346.323
346.322
346.319
346.314
346.299
346.309
346.315
346.319
346.321
346.322
346.323
346.322
346.319
346.314
346.298
346.308
346.315
346.319
346.321
346.322
346.322
346.322
346.319
346.313
346.295
346.306
346.313
346.318
346.32
346.321
346.322
346.32
346.317
346.312
346.289
346.302
346.311
346.316
346.319
346.32
346.32
346.319
346.315
346.309
346.279
346.296
346.307
346.313
346.316
346.317
346.317
346.316
346.312
346.305
342.002
342.022
342.035
342.044
342.048
342.05
342.05
342.048
342.043
342.034
342.012
342.028
342.039
342.046
342.05
342.052
342.053
342.051
342.047
342.039
342.019
342.032
342.041
342.048
342.051
342.053
342.054
342.052
342.049
342.042
342.023
342.035
342.044
342.049
342.052
342.054
342.055
342.054
342.051
342.044
342.024
342.036
342.044
342.049
342.052
342.055
342.056
342.055
342.052
342.045
342.024
342.036
342.043
342.049
342.052
342.054
342.056
342.055
342.052
342.045
342.023
342.035
342.043
342.049
342.052
342.054
342.055
342.054
342.051
342.044
342.019
342.032
342.041
342.048
342.051
342.053
342.054
342.052
342.049
342.042
342.013
342.028
342.038
342.045
342.049
342.052
342.053
342.051
342.047
342.039
342.001
342.021
342.034
342.042
342.047
342.049
342.05
342.048
342.043
342.034
338.002
338.022
338.037
338.046
338.051
338.054
338.055
338.052
338.047
338.038
338.012
338.028
338.04
338.049
338.053
338.056
338.057
338.055
338.051
338.043
338.018
338.032
338.042
338.05
338.054
338.057
338.058
338.056
338.053
338.046
338.023
338.036
338.045
338.051
338.055
338.057
338.059
338.058
338.056
338.049
338.024
338.036
338.045
338.052
338.055
338.058
338.06
338.059
338.056
338.05
338.024
338.037
338.045
338.051
338.055
338.058
338.06
338.059
338.056
338.05
338.023
338.036
338.045
338.052
338.055
338.057
338.059
338.059
338.055
338.049
338.02
338.034
338.044
338.05
338.054
338.056
338.058
338.056
338.053
338.046
338.013
338.029
338.041
338.048
338.052
338.055
338.057
338.055
338.051
338.043
338.002
338.023
338.037
338.045
338.05
338.053
338.054
338.052
338.047
338.038
334.375
334.394
334.408
334.418
334.423
334.426
334.428
334.426
334.422
334.414
334.384
334.4
334.412
334.42
334.425
334.429
334.431
334.429
334.425
334.418
334.39
334.403
334.413
334.422
334.426
334.429
334.431
334.43
334.427
334.422
334.394
334.407
334.416
334.423
334.427
334.43
334.432
334.432
334.43
334.425
334.395
334.407
334.416
334.423
334.427
334.43
334.432
334.432
334.43
334.426
334.395
334.408
334.417
334.423
334.427
334.43
334.433
334.433
334.43
334.425
334.395
334.408
334.417
334.424
334.428
334.43
334.432
334.432
334.43
334.424
334.392
334.406
334.416
334.423
334.427
334.429
334.431
334.43
334.427
334.421
334.386
334.401
334.413
334.421
334.425
334.428
334.43
334.429
334.425
334.418
334.375
334.395
334.409
334.418
334.423
334.426
334.428
334.426
334.422
334.414
331.209
331.227
331.24
331.249
331.255
331.259
331.262
331.26
331.256
331.25
331.218
331.233
331.243
331.252
331.258
331.262
331.264
331.262
331.26
331.255
331.224
331.236
331.245
331.254
331.259
331.263
331.265
331.264
331.263
331.259
331.227
331.238
331.247
331.255
331.26
331.263
331.265
331.266
331.265
331.261
331.227
331.238
331.247
331.255
331.259
331.263
331.265
331.266
331.265
331.261
331.228
331.239
331.248
331.255
331.259
331.263
331.266
331.266
331.265
331.261
331.228
331.24
331.249
331.256
331.26
331.263
331.266
331.266
331.264
331.26
331.225
331.238
331.248
331.255
331.259
331.262
331.264
331.264
331.262
331.257
331.219
331.234
331.245
331.253
331.257
331.26
331.263
331.263
331.261
331.255
331.209
331.228
331.241
331.25
331.255
331.259
331.261
331.261
331.258
331.251
328.58
328.597
328.609
328.618
328.625
328.629
328.632
328.631
328.628
328.624
328.589
328.602
328.612
328.621
328.627
328.632
328.634
328.633
328.632
328.629
328.594
328.606
328.614
328.623
328.629
328.633
328.635
328.635
328.635
328.632
328.596
328.607
328.615
328.624
328.629
328.633
328.636
328.636
328.637
328.634
328.596
328.607
328.615
328.624
328.628
328.632
328.635
328.636
328.636
328.634
328.596
328.607
328.616
328.623
328.627
328.632
328.636
328.637
328.636
328.633
328.596
328.607
328.616
328.623
328.628
328.633
328.636
328.637
328.635
328.632
328.594
328.606
328.615
328.622
328.627
328.631
328.634
328.634
328.633
328.63
328.588
328.602
328.613
328.62
328.625
328.63
328.633
328.634
328.633
328.628
328.579
328.596
328.609
328.618
328.623
328.628
328.632
328.632
328.63
328.625
326.549
326.565
326.577
326.586
326.593
326.598
326.601
326.6
326.599
326.595
326.557
326.57
326.58
326.589
326.596
326.601
326.604
326.603
326.602
326.6
326.562
326.573
326.581
326.591
326.597
326.602
326.604
326.604
326.605
326.603
326.564
326.574
326.583
326.592
326.598
326.602
326.605
326.606
326.607
326.605
326.563
326.573
326.583
326.592
326.597
326.601
326.604
326.606
326.606
326.605
326.562
326.573
326.582
326.591
326.596
326.601
326.605
326.606
326.606
326.604
326.562
326.573
326.583
326.591
326.596
326.601
326.605
326.606
326.605
326.603
326.559
326.571
326.581
326.59
326.595
326.6
326.603
326.603
326.603
326.601
326.554
326.568
326.578
326.588
326.594
326.598
326.602
326.604
326.603
326.6
326.545
326.562
326.575
326.585
326.591
326.597
326.601
326.602
326.601
326.597
325.163
325.179
325.192
325.202
325.21
325.215
325.219
325.218
325.216
325.214
325.171
325.185
325.195
325.205
325.212
325.218
325.221
325.221
325.22
325.218
325.176
325.188
325.197
325.208
325.214
325.219
325.222
325.221
325.222
325.221
325.178
325.189
325.199
325.209
325.215
325.219
325.222
325.223
325.224
325.223
325.177
325.189
325.199
325.208
325.214
325.218
325.221
325.223
325.224
325.223
325.176
325.189
325.2
325.208
325.213
325.218
325.222
325.224
325.224
325.222
325.176
325.189
325.201
325.209
325.214
325.219
325.222
325.223
325.223
325.221
325.174
325.187
325.199
325.208
325.213
325.217
325.22
325.221
325.222
325.219
325.168
325.183
325.196
325.206
325.211
325.215
325.22
325.222
325.222
325.219
325.16
325.177
325.192
325.203
325.209
325.214
325.218
325.22
325.219
325.215
324.455
324.473
324.488
324.499
324.507
324.513
324.517
324.516
324.514
324.512
324.464
324.48
324.492
324.503
324.511
324.516
324.52
324.519
324.518
324.517
324.469
324.484
324.495
324.506
324.513
324.518
324.521
324.521
324.521
324.52
324.471
324.486
324.497
324.508
324.514
324.518
324.521
324.521
324.523
324.522
324.471
324.485
324.497
324.507
324.512
324.517
324.52
324.522
324.523
324.522
324.471
324.486
324.498
324.507
324.512
324.517
324.521
324.523
324.523
324.521
324.471
324.487
324.5
324.509
324.513
324.518
324.521
324.522
324.522
324.52
324.469
324.485
324.498
324.508
324.512
324.516
324.519
324.52
324.521
324.518
324.463
324.48
324.495
324.505
324.51
324.514
324.518
324.521
324.52
324.517
324.454
324.473
324.489
324.501
324.507
324.512
324.517
324.518
324.517
324.514
)
;

boundaryField
{
    bodyBottom
    {
        type            fixedValue;
        value           uniform 353;
    }
    solid_to_fluid
    {
        type            compressible::turbulentTemperatureCoupledBaffleMixed;
        refValue        nonuniform List<scalar> 
500
(
321.115
325.357
327.187
328.262
328.794
328.794
328.262
327.187
325.357
321.115
310.167
314.308
317.714
319.538
320.332
320.332
319.538
317.714
314.308
310.167
305.248
308.259
310.793
312.139
312.725
312.725
312.139
310.793
308.259
305.248
303.619
306.174
308.271
309.334
309.783
309.783
309.334
308.271
306.175
303.619
302.787
305.144
307.045
307.985
308.381
308.382
307.985
307.045
305.144
302.787
302.224
304.463
306.269
307.147
307.519
307.519
307.148
306.269
304.463
302.224
301.764
303.885
305.618
306.448
306.798
306.798
306.448
305.617
303.885
301.764
301.08
302.985
304.563
305.304
305.609
305.609
305.303
304.562
302.984
301.079
299.999
301.55
302.86
303.469
303.718
303.717
303.469
302.859
301.549
299.999
298.808
299.925
300.889
301.324
301.494
301.494
301.323
300.888
299.925
298.808
322.283
336.047
338.883
341.739
340.424
339.982
338.884
337.609
336.256
334.998
313.052
333.422
337.788
339.845
339.274
338.743
337.564
336.073
334.464
332.019
308.379
328.535
334.488
336.239
335.861
335.54
334.546
333.253
331.539
326.954
306.507
325.665
331.011
332.318
332.117
332.12
331.313
330.327
328.54
323.131
305.403
323.181
327.557
328.637
328.393
328.535
327.906
327.252
325.596
320.615
304.588
320.983
324.67
325.569
325.31
325.451
324.931
324.468
323.117
318.861
303.944
318.909
322.354
323.026
322.804
322.92
322.434
322.005
321.09
317.627
303.194
316.858
320.753
321.325
321.165
321.067
320.658
320.156
319.413
316.833
302.221
314.12
319.348
319.899
319.906
319.587
319.3
318.814
317.847
316.229
301.076
308.763
316.23
318.165
317.964
318.354
318.119
317.335
316.518
315.147
338.919
339.452
339.185
339.025
339.05
339.054
339.034
339.196
339.464
338.927
329.2
330.216
330.009
329.712
329.686
329.695
329.727
330.029
330.237
329.218
321.255
322.247
322.225
322.359
322.949
322.955
322.372
322.244
322.268
321.273
318.027
319.217
319.767
320.75
322.171
322.175
320.767
319.791
319.24
318.045
316.7
318.086
318.985
320.43
322.267
322.271
320.452
319.012
318.109
316.717
315.886
317.369
318.513
320.244
322.252
322.258
320.27
318.544
317.394
315.902
315.477
316.967
318.215
320.025
321.875
321.883
320.051
318.248
316.993
315.492
315.463
316.841
318.005
319.67
321.152
321.161
319.693
318.035
316.864
315.476
315.791
316.855
317.69
318.997
320.372
320.381
319.018
317.714
316.873
315.799
315.886
316.41
316.68
317.54
318.773
318.784
317.557
316.699
316.419
315.887
322.283
336.047
338.883
341.739
340.425
339.982
338.882
337.607
336.254
334.997
313.053
333.424
337.789
339.846
339.275
338.743
337.563
336.071
334.462
332.014
308.379
328.536
334.49
336.241
335.863
335.541
334.546
333.252
331.536
326.946
306.507
325.666
331.013
332.321
332.12
332.122
331.314
330.327
328.538
323.123
305.403
323.182
327.559
328.64
328.397
328.538
327.908
327.252
325.595
320.609
304.587
320.984
324.672
325.572
325.313
325.454
324.933
324.469
323.117
318.856
303.944
318.911
322.357
323.03
322.808
322.923
322.437
322.007
321.09
317.624
303.194
316.86
320.756
321.329
321.169
321.071
320.661
320.157
319.414
316.833
302.221
314.121
319.35
319.902
319.91
319.591
319.303
318.816
317.85
316.231
301.077
308.764
316.228
318.166
317.967
318.357
318.124
317.339
316.52
315.152
301.076
308.808
315.187
316.69
316.889
317.314
317.416
317.092
316.428
314.962
302.118
314.196
318.637
319.539
319.516
319.534
319.421
319.009
318.084
316.314
302.866
316.498
319.735
320.674
320.611
320.438
320.144
319.655
318.76
317.324
303.232
317.373
319.411
320.424
320.593
320.616
320.427
320.054
319.553
318.197
303.396
318.146
319.038
319.949
320.316
320.499
320.502
320.422
320.287
319.213
303.396
318.144
319.039
319.951
320.317
320.498
320.502
320.421
320.285
319.215
303.232
317.375
319.416
320.429
320.596
320.618
320.427
320.052
319.55
318.198
302.866
316.497
319.737
320.674
320.61
320.435
320.141
319.652
318.756
317.32
302.118
314.194
318.635
319.536
319.512
319.53
319.418
319.007
318.083
316.311
301.076
308.806
315.182
316.688
316.886
317.311
317.413
317.09
316.425
314.959
)
;
        refGradient     uniform 0;
        valueFraction   nonuniform List<scalar> 
500
(
0.000301416
0.000301416
0.000301416
0.000301416
0.000301416
0.000301416
0.000301416
0.000301416
0.000301416
0.000301416
0.000301416
0.000301416
0.000301416
0.000301416
0.000301416
0.000301416
0.000301416
0.000301416
0.000301416
0.000301416
0.000301416
0.000301416
0.000301416
0.000301416
0.000301416
0.000301416
0.000301416
0.000301416
0.000301416
0.000301416
0.000301416
0.000301416
0.000301416
0.000301416
0.000301416
0.000301416
0.000301416
0.000301416
0.000301416
0.000301416
0.000301416
0.000301416
0.000301416
0.000301416
0.000301416
0.000301416
0.000301416
0.000301416
0.000301416
0.000301416
0.000301416
0.000301416
0.000301416
0.000301416
0.000301416
0.000301416
0.000301416
0.000301416
0.000301416
0.000301416
0.000301416
0.000301416
0.000301416
0.000301416
0.000301416
0.000301416
0.000301416
0.000301416
0.000301416
0.000301416
0.000301416
0.000301416
0.000301416
0.000301416
0.000301416
0.000301416
0.000301416
0.000301416
0.000301416
0.000301416
0.000301416
0.000301416
0.000301416
0.000301416
0.000301416
0.000301416
0.000301416
0.000301416
0.000301416
0.000301416
0.000301416
0.000301416
0.000301416
0.000301416
0.000301416
0.000301416
0.000301416
0.000301416
0.000301416
0.000301416
0.000302436
0.000302436
0.000302436
0.000302436
0.000302436
0.000302436
0.000302436
0.000302436
0.000302436
0.000302436
0.000302436
0.000302436
0.000302436
0.000302436
0.000302436
0.000302436
0.000302436
0.000302436
0.000302436
0.000302436
0.000302436
0.000302436
0.000302436
0.000302436
0.000302436
0.000302436
0.000302436
0.000302436
0.000302436
0.000302436
0.000302436
0.000302436
0.000302436
0.000302436
0.000302436
0.000302436
0.000302436
0.000302436
0.000302436
0.000302436
0.000302436
0.000302436
0.000302436
0.000302436
0.000302436
0.000302436
0.000302436
0.000302436
0.000302436
0.000302436
0.000302436
0.000302436
0.000302436
0.000302436
0.000302436
0.000302436
0.000302436
0.000302436
0.000302436
0.000302436
0.000302436
0.000302436
0.000302436
0.000302436
0.000302436
0.000302436
0.000302436
0.000302436
0.000302436
0.000302436
0.000302436
0.000302436
0.000302436
0.000302436
0.000302436
0.000302436
0.000302436
0.000302436
0.000302436
0.000302436
0.000302436
0.000302436
0.000302436
0.000302436
0.000302436
0.000302436
0.000302436
0.000302436
0.000302436
0.000302436
0.000302436
0.000302436
0.000302436
0.000302436
0.000302436
0.000302436
0.000302436
0.000302436
0.000302436
0.000302436
0.000300478
0.000300478
0.000300478
0.000300478
0.000300478
0.000300478
0.000300478
0.000300478
0.000300478
0.000300478
0.000300478
0.000300478
0.000300478
0.000300478
0.000300478
0.000300478
0.000300478
0.000300478
0.000300478
0.000300478
0.000300478
0.000300478
0.000300478
0.000300478
0.000300478
0.000300478
0.000300478
0.000300478
0.000300478
0.000300478
0.000300478
0.000300478
0.000300478
0.000300478
0.000300478
0.000300478
0.000300478
0.000300478
0.000300478
0.000300478
0.000300478
0.000300478
0.000300478
0.000300478
0.000300478
0.000300478
0.000300478
0.000300478
0.000300478
0.000300478
0.000300478
0.000300478
0.000300478
0.000300478
0.000300478
0.000300478
0.000300478
0.000300478
0.000300478
0.000300478
0.000300478
0.000300478
0.000300478
0.000300478
0.000300478
0.000300478
0.000300478
0.000300478
0.000300478
0.000300478
0.000300478
0.000300478
0.000300478
0.000300478
0.000300478
0.000300478
0.000300478
0.000300478
0.000300478
0.000300478
0.000300478
0.000300478
0.000300478
0.000300478
0.000300478
0.000300478
0.000300478
0.000300478
0.000300478
0.000300478
0.000300478
0.000300478
0.000300478
0.000300478
0.000300478
0.000300478
0.000300478
0.000300478
0.000300478
0.000300478
0.000302436
0.000302436
0.000302436
0.000302436
0.000302436
0.000302436
0.000302436
0.000302436
0.000302436
0.000302436
0.000302436
0.000302436
0.000302436
0.000302436
0.000302436
0.000302436
0.000302436
0.000302436
0.000302436
0.000302436
0.000302436
0.000302436
0.000302436
0.000302436
0.000302436
0.000302436
0.000302436
0.000302436
0.000302436
0.000302436
0.000302436
0.000302436
0.000302436
0.000302436
0.000302436
0.000302436
0.000302436
0.000302436
0.000302436
0.000302436
0.000302436
0.000302436
0.000302436
0.000302436
0.000302436
0.000302436
0.000302436
0.000302436
0.000302436
0.000302436
0.000302436
0.000302436
0.000302436
0.000302436
0.000302436
0.000302436
0.000302436
0.000302436
0.000302436
0.000302436
0.000302436
0.000302436
0.000302436
0.000302436
0.000302436
0.000302436
0.000302436
0.000302436
0.000302436
0.000302436
0.000302436
0.000302436
0.000302436
0.000302436
0.000302436
0.000302436
0.000302436
0.000302436
0.000302436
0.000302436
0.000302436
0.000302436
0.000302436
0.000302436
0.000302436
0.000302436
0.000302436
0.000302436
0.000302436
0.000302436
0.000302436
0.000302436
0.000302436
0.000302436
0.000302436
0.000302436
0.000302436
0.000302436
0.000302436
0.000302436
0.000301115
0.000301115
0.000301115
0.000301115
0.000301115
0.000301115
0.000301115
0.000301115
0.000301115
0.000301115
0.000301115
0.000301115
0.000301115
0.000301115
0.000301115
0.000301115
0.000301115
0.000301115
0.000301115
0.000301115
0.000301115
0.000301115
0.000301115
0.000301115
0.000301115
0.000301115
0.000301115
0.000301115
0.000301115
0.000301115
0.000301115
0.000301115
0.000301115
0.000301115
0.000301115
0.000301115
0.000301115
0.000301115
0.000301115
0.000301115
0.000301115
0.000301115
0.000301115
0.000301115
0.000301115
0.000301115
0.000301115
0.000301115
0.000301115
0.000301115
0.000301115
0.000301115
0.000301115
0.000301115
0.000301115
0.000301115
0.000301115
0.000301115
0.000301115
0.000301115
0.000301115
0.000301115
0.000301115
0.000301115
0.000301115
0.000301115
0.000301115
0.000301115
0.000301115
0.000301115
0.000301115
0.000301115
0.000301115
0.000301115
0.000301115
0.000301115
0.000301115
0.000301115
0.000301115
0.000301115
0.000301115
0.000301115
0.000301115
0.000301115
0.000301115
0.000301115
0.000301115
0.000301115
0.000301115
0.000301115
0.000301115
0.000301115
0.000301115
0.000301115
0.000301115
0.000301115
0.000301115
0.000301115
0.000301115
0.000301115
)
;
        source          uniform 0;
        Tnbr            T;
        kappaMethod     solidThermo;
        value           nonuniform List<scalar> 
500
(
350.726
350.733
350.736
350.738
350.738
350.738
350.738
350.736
350.733
350.726
346.268
346.279
346.286
346.289
346.291
346.29
346.289
346.286
346.279
346.267
341.989
342.001
342.008
342.013
342.014
342.014
342.012
342.009
342.001
341.989
337.99
338.001
338.008
338.012
338.014
338.014
338.013
338.009
338.002
337.99
334.363
334.373
334.38
334.384
334.385
334.386
334.385
334.382
334.375
334.364
331.198
331.208
331.214
331.217
331.218
331.218
331.218
331.215
331.209
331.198
328.57
328.579
328.585
328.587
328.587
328.587
328.587
328.584
328.578
328.568
326.538
326.547
326.552
326.555
326.554
326.553
326.553
326.55
326.544
326.535
325.152
325.161
325.166
325.169
325.168
325.167
325.167
325.164
325.158
325.149
324.444
324.454
324.459
324.461
324.461
324.461
324.461
324.459
324.452
324.443
350.726
350.739
350.745
350.748
350.749
350.749
350.748
350.747
350.745
350.742
346.268
346.292
346.303
346.31
346.313
346.314
346.314
346.312
346.307
346.3
341.99
342.016
342.031
342.039
342.043
342.046
342.047
342.044
342.038
342.028
337.991
338.017
338.033
338.042
338.046
338.05
338.051
338.048
338.043
338.032
334.365
334.39
334.405
334.414
334.419
334.422
334.424
334.422
334.417
334.408
331.199
331.222
331.237
331.246
331.251
331.254
331.257
331.257
331.253
331.245
328.569
328.591
328.605
328.613
328.619
328.624
328.627
328.628
328.625
328.619
326.535
326.556
326.57
326.58
326.587
326.592
326.597
326.598
326.596
326.591
325.15
325.171
325.187
325.198
325.204
325.209
325.214
325.215
325.214
325.21
324.443
324.465
324.484
324.496
324.502
324.507
324.512
324.513
324.512
324.508
350.743
350.746
350.747
350.748
350.748
350.748
350.748
350.747
350.746
350.743
346.299
346.304
346.306
346.308
346.308
346.308
346.308
346.306
346.304
346.299
342.027
342.032
342.035
342.037
342.038
342.038
342.037
342.035
342.032
342.027
338.03
338.036
338.039
338.042
338.044
338.044
338.042
338.039
338.036
338.03
334.406
334.411
334.415
334.419
334.42
334.42
334.418
334.415
334.411
334.406
331.243
331.249
331.253
331.256
331.256
331.256
331.254
331.251
331.249
331.244
328.617
328.622
328.626
328.629
328.629
328.629
328.627
328.624
328.622
328.618
326.589
326.594
326.598
326.6
326.6
326.6
326.598
326.596
326.594
326.59
325.208
325.213
325.216
325.218
325.218
325.218
325.216
325.214
325.213
325.21
324.506
324.511
324.515
324.517
324.517
324.516
324.514
324.513
324.512
324.508
350.726
350.739
350.745
350.748
350.749
350.749
350.749
350.747
350.745
350.742
346.269
346.292
346.304
346.311
346.314
346.315
346.314
346.312
346.307
346.3
341.99
342.017
342.032
342.041
342.045
342.047
342.047
342.044
342.038
342.028
337.991
338.017
338.033
338.043
338.047
338.05
338.051
338.048
338.043
338.032
334.364
334.389
334.404
334.414
334.419
334.423
334.424
334.422
334.417
334.407
331.199
331.222
331.236
331.245
331.251
331.255
331.257
331.255
331.251
331.244
328.57
328.592
328.605
328.614
328.621
328.625
328.628
328.626
328.623
328.618
326.539
326.559
326.572
326.582
326.589
326.594
326.597
326.596
326.594
326.59
325.153
325.173
325.187
325.197
325.205
325.21
325.214
325.213
325.211
325.208
324.445
324.465
324.482
324.494
324.502
324.508
324.512
324.511
324.509
324.506
324.445
324.465
324.482
324.494
324.502
324.507
324.511
324.511
324.509
324.506
324.454
324.474
324.487
324.498
324.506
324.511
324.515
324.514
324.513
324.511
324.46
324.478
324.49
324.502
324.509
324.513
324.517
324.516
324.516
324.515
324.462
324.48
324.493
324.503
324.509
324.514
324.517
324.517
324.519
324.517
324.462
324.48
324.492
324.502
324.508
324.512
324.516
324.517
324.519
324.517
324.462
324.481
324.494
324.503
324.508
324.513
324.517
324.518
324.518
324.516
324.462
324.482
324.495
324.504
324.509
324.513
324.517
324.518
324.517
324.515
324.459
324.48
324.494
324.503
324.508
324.511
324.514
324.516
324.516
324.513
324.453
324.474
324.49
324.5
324.506
324.509
324.514
324.516
324.515
324.512
324.443
324.465
324.483
324.495
324.502
324.507
324.511
324.513
324.512
324.508
)
;
    }
}


// ************************************************************************* //
