/*--------------------------------*- C++ -*----------------------------------*\
| =========                 |                                                 |
| \\      /  F ield         | OpenFOAM: The Open Source CFD Toolbox           |
|  \\    /   O peration     | Version:  2412                                  |
|   \\  /    A nd           | Website:  www.openfoam.com                      |
|    \\/     M anipulation  |                                                 |
\*---------------------------------------------------------------------------*/
FoamFile
{
    version     2.0;
    format      ascii;
    arch        "LSB;label=32;scalar=64";
    class       volScalarField;
    location    "1.9/solid";
    object      wallHeatFlux;
}
// * * * * * * * * * * * * * * * * * * * * * * * * * * * * * * * * * * * * * //

dimensions      [1 0 -3 0 0 0 0];

internalField   uniform 0;

boundaryField
{
    bodyBottom
    {
        type            calculated;
        value           nonuniform List<scalar> 
100
(
464325
463095
462685
462275
462275
462275
462275
462685
463095
464325
462480
461660
461455
461250
461250
461250
461250
461455
461865
462480
461455
461045
460840
460635
460635
460635
460635
460840
461045
461660
461045
460635
460430
460430
460430
460430
460430
460430
460635
461045
460840
460430
460225
460225
460225
460225
460225
460225
460430
460840
460635
460430
460225
460225
460020
460020
460225
460225
460430
460840
460840
460430
460225
460020
460020
460020
460020
460225
460430
460840
461045
460430
460225
460225
460225
460225
460225
460225
460430
461045
461250
460840
460635
460430
460430
460430
460430
460635
460840
461250
461865
461250
461045
461045
461045
461045
461045
461045
461250
461865
)
;
    }
    solid_to_fluid
    {
        type            calculated;
        value           nonuniform List<scalar> 
500
(
-1845
-1640
-1435
-1435
-1435
-1435
-1435
-1435
-1640
-1845
-2460
-2255
-1845
-1845
-1640
-1845
-1845
-1845
-2050
-2460
-2665
-2255
-2255
-2050
-2050
-2050
-2255
-2050
-2460
-2460
-2460
-2255
-2050
-2255
-2050
-2050
-2050
-2255
-2255
-2460
-2460
-2255
-2050
-2050
-2050
-1845
-2050
-2050
-2255
-2255
-2255
-2050
-2050
-2050
-1845
-2050
-2050
-2050
-2050
-2255
-2050
-2050
-1845
-1845
-1845
-1845
-1845
-2050
-2050
-2255
-2255
-2050
-2050
-1845
-1845
-1845
-1845
-1845
-2050
-2050
-2255
-2050
-2050
-1845
-1845
-1845
-1845
-2050
-2050
-2255
-2255
-2050
-2050
-2050
-2050
-2050
-2050
-2050
-2255
-2255
-1845
-1025
-615
-615
-615
-615
-820
-820
-1025
-1025
-2255
-820
-820
-615
-615
-615
-615
-820
-1025
-1025
-2255
-1025
-615
-615
-820
-615
-615
-820
-1025
-1230
-2255
-1230
-820
-615
-820
-615
-615
-820
-820
-1230
-2050
-1025
-820
-820
-820
-820
-820
-820
-1025
-1230
-2050
-1230
-820
-820
-820
-1025
-820
-820
-1025
-1230
-2050
-1025
-820
-1025
-820
-820
-1025
-820
-1025
-1230
-2050
-1230
-1025
-1025
-820
-1025
-820
-820
-1025
-1230
-2050
-1230
-1025
-1025
-1025
-1025
-820
-1025
-1025
-1025
-2255
-1640
-1025
-1025
-1025
-1025
-1025
-1025
-1025
-1230
-820
-820
-820
-615
-615
-615
-615
-820
-820
-820
-1230
-1230
-1230
-1230
-1230
-1230
-1025
-1230
-1025
-1230
-1435
-1435
-1435
-1435
-1435
-1435
-1435
-1435
-1435
-1435
-1640
-1435
-1435
-1435
-1230
-1230
-1435
-1435
-1435
-1640
-1640
-1435
-1435
-1230
-1230
-1025
-1230
-1230
-1435
-1640
-1435
-1230
-1230
-1025
-1025
-1025
-1230
-1230
-1230
-1435
-1435
-1435
-1230
-1025
-1025
-820
-1025
-1230
-1230
-1435
-1230
-1230
-1025
-1025
-1025
-820
-1025
-1025
-1230
-1435
-1230
-1025
-1025
-1025
-1025
-820
-1025
-1025
-1230
-1025
-1230
-1230
-1025
-1025
-1025
-1025
-1230
-1025
-1025
-1230
-1845
-1025
-820
-615
-615
-820
-615
-820
-1025
-1025
-2255
-1025
-820
-615
-410
-615
-820
-820
-1025
-1025
-2460
-1025
-615
-615
-615
-615
-615
-820
-1025
-1230
-2255
-1025
-820
-615
-820
-820
-820
-820
-820
-1230
-2255
-1025
-820
-820
-820
-615
-820
-820
-1025
-1435
-2050
-1025
-820
-820
-820
-820
-1025
-1025
-1025
-1230
-2050
-1025
-820
-820
-820
-820
-820
-1025
-1025
-1230
-2050
-1230
-1025
-820
-820
-820
-820
-820
-1025
-1025
-2050
-1230
-1025
-1025
-1025
-1025
-1025
-1025
-1025
-1230
-2050
-1640
-1230
-1025
-1025
-1025
-1025
-1025
-1025
-1230
-2050
-1640
-1230
-1025
-1025
-1230
-1230
-1025
-1025
-1230
-2050
-1230
-1025
-1025
-1025
-1025
-1025
-1025
-1025
-1230
-1845
-1230
-1025
-820
-820
-1025
-820
-1025
-1025
-1025
-1845
-1230
-820
-1025
-1025
-820
-820
-820
-820
-1025
-1845
-1025
-1025
-1025
-820
-1025
-820
-1025
-820
-1025
-1845
-1025
-820
-820
-820
-820
-820
-1025
-1025
-1025
-1845
-1025
-1025
-1025
-820
-1025
-820
-820
-1025
-1025
-2050
-1025
-820
-1025
-820
-1025
-1025
-820
-1025
-1025
-2050
-1230
-1025
-1025
-820
-1025
-820
-1025
-1025
-1025
-2255
-1640
-1230
-1230
-1025
-1025
-1230
-1025
-1025
-1230
)
;
    }
}


// ************************************************************************* //
