# Region type : patch inlet
# Faces       : 25
# Area        : 1.000000e-01
# Scale factor: 1.000000e+00
# Time        	areaAverage(p)
1             	2.138860e+02
2             	6.879534e+02
3             	8.267278e+02
4             	6.797527e+02
5             	3.799818e+02
6             	5.922017e+01
7             	-1.794134e+02
8             	-2.941965e+02
9             	-2.882276e+02
10            	-2.001388e+02
11            	-8.087701e+01
12            	2.510010e+01
13            	9.095152e+01
14            	1.097826e+02
15            	9.052087e+01
16            	5.057669e+01
17            	7.710968e+00
18            	-2.458578e+01
19            	-4.024242e+01
20            	-3.981132e+01
21            	-2.841224e+01
22            	-1.278511e+01
23            	1.173875e+00
24            	9.876012e+00
25            	1.236981e+01
26            	9.799514e+00
27            	4.431381e+00
28            	-1.351378e+00
29            	-5.768898e+00
30            	-7.988998e+00
31            	-8.079108e+00
32            	-6.695919e+00
33            	-4.722289e+00
34            	-2.938936e+00
35            	-1.829208e+00
36            	-1.533494e+00
37            	-1.907245e+00
38            	-2.659963e+00
39            	-3.476365e+00
40            	-4.118463e+00
41            	-4.471162e+00
42            	-4.537839e+00
43            	-4.403655e+00
44            	-4.183659e+00
45            	-3.982380e+00
46            	-3.866689e+00
47            	-3.855325e+00
48            	-3.933208e+00
49            	-4.062353e+00
50            	-4.200990e+00
51            	-4.316804e+00
52            	-4.393561e+00
53            	-4.431111e+00
54            	-4.440031e+00
55            	-4.435973e+00
56            	-4.433278e+00
57            	-4.441053e+00
58            	-4.462090e+00
59            	-4.494260e+00
60            	-4.532456e+00
61            	-4.571319e+00
62            	-4.606675e+00
63            	-4.636400e+00
64            	-4.660361e+00
65            	-4.679941e+00
66            	-4.697177e+00
67            	-4.714023e+00
68            	-4.731710e+00
69            	-4.750744e+00
70            	-4.770813e+00
71            	-4.791329e+00
72            	-4.811587e+00
73            	-4.830975e+00
74            	-4.849221e+00
75            	-4.866252e+00
76            	-4.882341e+00
77            	-4.897714e+00
78            	-4.912671e+00
79            	-4.927317e+00
80            	-4.941762e+00
81            	-4.955968e+00
82            	-4.969866e+00
83            	-4.983356e+00
84            	-4.996327e+00
85            	-5.008768e+00
86            	-5.020661e+00
87            	-5.032071e+00
88            	-5.043001e+00
89            	-5.053491e+00
90            	-5.063611e+00
91            	-5.073367e+00
92            	-5.082739e+00
93            	-5.091748e+00
94            	-5.100360e+00
95            	-5.108601e+00
96            	-5.116471e+00
97            	-5.123986e+00
98            	-5.131180e+00
99            	-5.138022e+00
100           	-5.144565e+00
101           	-5.150782e+00
102           	-5.156742e+00
103           	-5.162420e+00
104           	-5.167857e+00
105           	-5.173021e+00
106           	-5.177974e+00
107           	-5.182699e+00
108           	-5.187252e+00
109           	-5.191595e+00
110           	-5.195762e+00
111           	-5.199736e+00
112           	-5.203549e+00
113           	-5.207204e+00
114           	-5.210715e+00
115           	-5.214098e+00
116           	-5.217335e+00
117           	-5.220475e+00
118           	-5.223492e+00
119           	-5.226434e+00
120           	-5.229269e+00
121           	-5.232040e+00
122           	-5.234723e+00
123           	-5.237363e+00
124           	-5.239934e+00
125           	-5.242452e+00
126           	-5.244881e+00
127           	-5.247266e+00
128           	-5.249578e+00
129           	-5.251868e+00
130           	-5.254116e+00
131           	-5.256334e+00
132           	-5.258514e+00
133           	-5.260652e+00
134           	-5.262766e+00
135           	-5.264830e+00
136           	-5.266809e+00
137           	-5.268778e+00
138           	-5.270754e+00
139           	-5.272727e+00
140           	-5.274709e+00
141           	-5.276662e+00
142           	-5.278609e+00
143           	-5.280520e+00
144           	-5.282432e+00
145           	-5.284304e+00
146           	-5.286174e+00
147           	-5.288006e+00
148           	-5.289855e+00
149           	-5.291694e+00
150           	-5.293527e+00
151           	-5.295375e+00
152           	-5.297219e+00
153           	-5.299098e+00
154           	-5.300932e+00
155           	-5.302799e+00
156           	-5.304658e+00
157           	-5.306586e+00
158           	-5.308501e+00
159           	-5.310348e+00
160           	-5.312198e+00
161           	-5.314027e+00
162           	-5.315865e+00
163           	-5.317748e+00
164           	-5.319652e+00
165           	-5.321582e+00
166           	-5.323534e+00
167           	-5.325497e+00
168           	-5.327476e+00
169           	-5.329422e+00
170           	-5.331374e+00
171           	-5.333370e+00
172           	-5.335391e+00
173           	-5.337424e+00
174           	-5.339496e+00
175           	-5.341548e+00
176           	-5.343616e+00
177           	-5.345686e+00
178           	-5.347731e+00
179           	-5.349872e+00
180           	-5.351971e+00
181           	-5.354047e+00
182           	-5.356124e+00
183           	-5.358180e+00
184           	-5.360274e+00
185           	-5.362385e+00
186           	-5.364516e+00
187           	-5.366674e+00
188           	-5.368831e+00
189           	-5.371012e+00
190           	-5.373201e+00
191           	-5.375391e+00
192           	-5.377593e+00
193           	-5.379797e+00
194           	-5.382021e+00
195           	-5.384261e+00
196           	-5.386513e+00
197           	-5.388787e+00
198           	-5.391072e+00
199           	-5.393376e+00
200           	-5.395689e+00
201           	-5.397994e+00
202           	-5.400322e+00
203           	-5.402576e+00
204           	-5.404878e+00
205           	-5.407235e+00
206           	-5.409622e+00
207           	-5.412037e+00
208           	-5.414454e+00
209           	-5.416854e+00
210           	-5.419352e+00
211           	-5.421798e+00
212           	-5.424198e+00
213           	-5.426590e+00
214           	-5.428982e+00
215           	-5.431403e+00
216           	-5.433850e+00
217           	-5.436319e+00
218           	-5.438724e+00
219           	-5.441191e+00
220           	-5.443711e+00
221           	-5.446281e+00
222           	-5.448856e+00
223           	-5.451425e+00
224           	-5.453976e+00
225           	-5.456501e+00
226           	-5.459022e+00
227           	-5.461597e+00
228           	-5.464113e+00
229           	-5.466603e+00
230           	-5.469055e+00
231           	-5.471515e+00
232           	-5.473978e+00
233           	-5.476431e+00
234           	-5.478895e+00
235           	-5.481350e+00
236           	-5.483780e+00
237           	-5.486198e+00
238           	-5.488574e+00
239           	-5.490918e+00
240           	-5.493225e+00
241           	-5.495488e+00
242           	-5.497735e+00
243           	-5.499955e+00
244           	-5.502129e+00
245           	-5.504287e+00
246           	-5.506407e+00
247           	-5.508479e+00
248           	-5.510517e+00
249           	-5.512498e+00
250           	-5.514436e+00
251           	-5.516337e+00
252           	-5.518175e+00
253           	-5.519980e+00
254           	-5.521737e+00
255           	-5.523432e+00
256           	-5.525090e+00
257           	-5.526690e+00
258           	-5.528234e+00
259           	-5.529734e+00
260           	-5.531168e+00
261           	-5.532557e+00
262           	-5.533895e+00
263           	-5.535168e+00
264           	-5.536400e+00
265           	-5.537579e+00
266           	-5.538700e+00
267           	-5.539808e+00
268           	-5.540845e+00
269           	-5.541825e+00
270           	-5.542755e+00
271           	-5.543624e+00
272           	-5.544455e+00
273           	-5.545240e+00
274           	-5.545981e+00
275           	-5.546691e+00
276           	-5.547358e+00
277           	-5.547994e+00
278           	-5.548603e+00
279           	-5.549171e+00
280           	-5.549719e+00
281           	-5.550240e+00
282           	-5.550703e+00
283           	-5.551163e+00
284           	-5.551606e+00
285           	-5.552040e+00
286           	-5.552459e+00
287           	-5.552847e+00
288           	-5.553220e+00
289           	-5.553572e+00
290           	-5.553900e+00
291           	-5.554218e+00
292           	-5.554516e+00
293           	-5.554807e+00
294           	-5.555088e+00
295           	-5.555356e+00
296           	-5.555619e+00
297           	-5.555870e+00
298           	-5.556111e+00
299           	-5.556340e+00
300           	-5.556552e+00
301           	-5.556756e+00
302           	-5.556947e+00
303           	-5.557126e+00
304           	-5.557302e+00
305           	-5.557468e+00
306           	-5.557636e+00
307           	-5.557797e+00
308           	-5.557952e+00
309           	-5.558102e+00
310           	-5.558239e+00
311           	-5.558373e+00
312           	-5.558502e+00
313           	-5.558621e+00
314           	-5.558745e+00
315           	-5.558858e+00
316           	-5.558975e+00
317           	-5.559091e+00
318           	-5.559195e+00
319           	-5.559305e+00
320           	-5.559407e+00
321           	-5.559507e+00
322           	-5.559608e+00
323           	-5.559696e+00
324           	-5.559792e+00
325           	-5.559888e+00
326           	-5.559982e+00
327           	-5.560081e+00
328           	-5.560168e+00
329           	-5.560261e+00
330           	-5.560351e+00
331           	-5.560433e+00
332           	-5.560393e+00
333           	-5.560410e+00
334           	-5.560486e+00
335           	-5.560613e+00
336           	-5.560728e+00
337           	-5.560813e+00
338           	-5.560859e+00
339           	-5.560878e+00
340           	-5.560877e+00
341           	-5.560869e+00
342           	-5.560866e+00
343           	-5.560874e+00
344           	-5.560901e+00
345           	-5.560935e+00
346           	-5.560979e+00
347           	-5.561021e+00
348           	-5.561067e+00
349           	-5.561117e+00
350           	-5.561165e+00
351           	-5.561261e+00
352           	-5.561316e+00
353           	-5.561339e+00
354           	-5.561353e+00
355           	-5.561359e+00
356           	-5.561380e+00
357           	-5.561412e+00
358           	-5.561462e+00
359           	-5.561520e+00
360           	-5.561586e+00
361           	-5.561663e+00
362           	-5.561741e+00
363           	-5.561822e+00
364           	-5.561887e+00
365           	-5.561957e+00
366           	-5.562022e+00
367           	-5.562097e+00
368           	-5.562178e+00
369           	-5.562251e+00
370           	-5.562334e+00
371           	-5.562407e+00
372           	-5.562485e+00
373           	-5.562567e+00
374           	-5.562641e+00
375           	-5.562726e+00
376           	-5.562798e+00
377           	-5.562882e+00
378           	-5.562961e+00
379           	-5.563041e+00
380           	-5.563125e+00
381           	-5.563196e+00
382           	-5.563277e+00
383           	-5.563334e+00
384           	-5.563413e+00
385           	-5.563481e+00
386           	-5.563547e+00
387           	-5.563611e+00
388           	-5.563665e+00
389           	-5.563727e+00
390           	-5.563786e+00
391           	-5.563856e+00
392           	-5.563921e+00
393           	-5.563962e+00
394           	-5.564008e+00
395           	-5.564057e+00
396           	-5.564116e+00
397           	-5.564159e+00
398           	-5.564184e+00
399           	-5.564201e+00
400           	-5.564236e+00
401           	-5.564277e+00
402           	-5.564227e+00
403           	-5.564207e+00
404           	-5.564183e+00
405           	-5.564149e+00
406           	-5.564116e+00
407           	-5.564076e+00
408           	-5.564030e+00
409           	-5.563976e+00
410           	-5.563906e+00
411           	-5.563832e+00
412           	-5.563735e+00
413           	-5.563637e+00
414           	-5.563518e+00
415           	-5.563397e+00
416           	-5.563255e+00
417           	-5.563107e+00
418           	-5.562943e+00
419           	-5.562767e+00
420           	-5.562577e+00
421           	-5.562369e+00
422           	-5.562145e+00
423           	-5.561879e+00
424           	-5.561610e+00
425           	-5.561327e+00
426           	-5.561038e+00
427           	-5.560725e+00
428           	-5.560398e+00
429           	-5.560044e+00
430           	-5.559668e+00
431           	-5.559259e+00
432           	-5.558826e+00
433           	-5.558362e+00
434           	-5.557876e+00
435           	-5.557359e+00
436           	-5.556823e+00
437           	-5.556255e+00
438           	-5.555657e+00
439           	-5.555023e+00
440           	-5.554349e+00
441           	-5.553630e+00
442           	-5.552873e+00
443           	-5.552073e+00
444           	-5.551233e+00
445           	-5.550357e+00
446           	-5.549447e+00
447           	-5.548494e+00
448           	-5.547499e+00
449           	-5.546453e+00
450           	-5.545348e+00
451           	-5.544185e+00
452           	-5.542964e+00
453           	-5.541694e+00
454           	-5.540372e+00
455           	-5.539007e+00
456           	-5.537581e+00
457           	-5.536093e+00
458           	-5.534537e+00
459           	-5.532912e+00
460           	-5.531213e+00
461           	-5.529439e+00
462           	-5.527586e+00
463           	-5.525647e+00
464           	-5.523614e+00
465           	-5.521480e+00
466           	-5.519240e+00
467           	-5.516893e+00
468           	-5.514432e+00
469           	-5.511852e+00
470           	-5.509146e+00
471           	-5.506317e+00
472           	-5.503362e+00
473           	-5.500286e+00
474           	-5.497077e+00
475           	-5.493732e+00
476           	-5.490248e+00
477           	-5.486622e+00
478           	-5.482852e+00
479           	-5.478930e+00
480           	-5.474850e+00
481           	-5.470622e+00
482           	-5.466242e+00
483           	-5.461696e+00
484           	-5.456978e+00
485           	-5.452072e+00
486           	-5.446984e+00
487           	-5.441681e+00
488           	-5.436163e+00
489           	-5.430429e+00
490           	-5.424473e+00
491           	-5.418292e+00
492           	-5.411892e+00
493           	-5.405278e+00
494           	-5.398467e+00
495           	-5.391250e+00
496           	-5.383793e+00
497           	-5.376186e+00
498           	-5.368486e+00
499           	-5.360538e+00
500           	-5.352292e+00
501           	-5.343727e+00
502           	-5.334815e+00
503           	-5.325584e+00
504           	-5.316037e+00
505           	-5.306190e+00
506           	-5.296036e+00
507           	-5.285580e+00
508           	-5.274686e+00
509           	-5.263516e+00
510           	-5.252046e+00
511           	-5.240257e+00
512           	-5.228119e+00
513           	-5.215656e+00
514           	-5.202691e+00
515           	-5.189204e+00
516           	-5.175282e+00
517           	-5.160963e+00
518           	-5.146275e+00
519           	-5.131207e+00
520           	-5.115748e+00
521           	-5.099853e+00
522           	-5.083511e+00
523           	-5.066687e+00
524           	-5.049398e+00
525           	-5.031634e+00
526           	-5.013400e+00
527           	-4.994852e+00
528           	-4.975731e+00
529           	-4.956054e+00
530           	-4.935883e+00
531           	-4.915217e+00
532           	-4.894099e+00
533           	-4.872540e+00
534           	-4.850548e+00
535           	-4.828114e+00
536           	-4.805229e+00
537           	-4.781879e+00
538           	-4.758063e+00
539           	-4.733792e+00
540           	-4.709079e+00
541           	-4.683933e+00
542           	-4.658382e+00
543           	-4.632439e+00
544           	-4.606123e+00
545           	-4.579440e+00
546           	-4.552421e+00
547           	-4.525078e+00
548           	-4.497430e+00
549           	-4.469494e+00
550           	-4.441284e+00
551           	-4.412823e+00
552           	-4.384136e+00
553           	-4.355245e+00
554           	-4.326179e+00
555           	-4.296964e+00
556           	-4.267632e+00
557           	-4.238211e+00
558           	-4.208726e+00
559           	-4.179202e+00
560           	-4.149663e+00
561           	-4.120133e+00
562           	-4.090646e+00
563           	-4.061240e+00
564           	-4.031962e+00
565           	-4.002855e+00
566           	-3.973953e+00
567           	-3.945288e+00
568           	-3.916880e+00
569           	-3.888748e+00
570           	-3.860909e+00
571           	-3.833386e+00
572           	-3.806204e+00
573           	-3.779390e+00
574           	-3.752973e+00
575           	-3.726977e+00
576           	-3.701427e+00
577           	-3.676340e+00
578           	-3.651729e+00
579           	-3.627621e+00
580           	-3.604019e+00
581           	-3.580915e+00
582           	-3.558316e+00
583           	-3.536236e+00
584           	-3.514700e+00
585           	-3.493722e+00
586           	-3.473311e+00
587           	-3.453463e+00
588           	-3.434162e+00
589           	-3.415320e+00
590           	-3.396826e+00
591           	-3.378622e+00
592           	-3.360712e+00
593           	-3.343170e+00
594           	-3.326096e+00
595           	-3.309593e+00
596           	-3.293747e+00
597           	-3.278609e+00
598           	-3.264181e+00
599           	-3.250436e+00
600           	-3.237355e+00
601           	-3.224899e+00
602           	-3.212999e+00
603           	-3.201632e+00
604           	-3.190811e+00
605           	-3.180578e+00
606           	-3.170931e+00
607           	-3.161929e+00
608           	-3.153503e+00
609           	-3.145693e+00
610           	-3.138474e+00
611           	-3.131819e+00
612           	-3.125689e+00
613           	-3.120069e+00
614           	-3.115023e+00
615           	-3.110475e+00
616           	-3.106357e+00
617           	-3.102785e+00
618           	-3.099748e+00
619           	-3.097221e+00
620           	-3.095219e+00
621           	-3.093731e+00
622           	-3.092742e+00
623           	-3.092178e+00
624           	-3.092122e+00
625           	-3.092541e+00
626           	-3.093435e+00
627           	-3.094799e+00
628           	-3.096620e+00
629           	-3.098879e+00
630           	-3.101572e+00
631           	-3.104706e+00
632           	-3.108254e+00
633           	-3.112229e+00
634           	-3.116687e+00
635           	-3.121663e+00
636           	-3.127161e+00
637           	-3.133164e+00
638           	-3.139633e+00
639           	-3.146527e+00
640           	-3.153807e+00
641           	-3.161444e+00
642           	-3.169422e+00
643           	-3.177725e+00
644           	-3.186342e+00
645           	-3.195277e+00
646           	-3.204530e+00
647           	-3.214100e+00
648           	-3.223982e+00
649           	-3.234168e+00
650           	-3.244646e+00
651           	-3.255413e+00
652           	-3.266452e+00
653           	-3.277751e+00
654           	-3.289307e+00
655           	-3.301121e+00
656           	-3.313172e+00
657           	-3.325450e+00
658           	-3.337952e+00
659           	-3.350671e+00
660           	-3.363596e+00
661           	-3.376720e+00
662           	-3.390035e+00
663           	-3.403537e+00
664           	-3.417214e+00
665           	-3.431055e+00
666           	-3.445056e+00
667           	-3.459206e+00
668           	-3.473496e+00
669           	-3.487921e+00
670           	-3.502588e+00
671           	-3.517313e+00
672           	-3.532039e+00
673           	-3.546980e+00
674           	-3.562137e+00
675           	-3.577354e+00
676           	-3.592623e+00
677           	-3.607920e+00
678           	-3.623268e+00
679           	-3.638719e+00
680           	-3.654277e+00
681           	-3.669926e+00
682           	-3.685652e+00
683           	-3.701436e+00
684           	-3.717258e+00
685           	-3.733118e+00
686           	-3.749015e+00
687           	-3.764945e+00
688           	-3.780904e+00
689           	-3.796788e+00
690           	-3.812883e+00
691           	-3.828981e+00
692           	-3.845063e+00
693           	-3.861133e+00
694           	-3.877192e+00
695           	-3.893250e+00
696           	-3.909312e+00
697           	-3.925375e+00
698           	-3.941440e+00
699           	-3.957500e+00
700           	-3.973542e+00
701           	-3.989560e+00
702           	-4.005595e+00
703           	-4.021566e+00
704           	-4.037501e+00
705           	-4.053399e+00
706           	-4.069255e+00
707           	-4.085072e+00
708           	-4.100785e+00
709           	-4.116493e+00
710           	-4.132198e+00
711           	-4.147882e+00
712           	-4.163530e+00
713           	-4.179124e+00
714           	-4.194696e+00
715           	-4.210162e+00
716           	-4.225528e+00
717           	-4.240766e+00
718           	-4.255984e+00
719           	-4.271138e+00
720           	-4.286213e+00
721           	-4.301248e+00
722           	-4.316214e+00
723           	-4.331107e+00
724           	-4.345934e+00
725           	-4.360697e+00
726           	-4.375399e+00
727           	-4.390047e+00
728           	-4.404641e+00
729           	-4.419163e+00
730           	-4.433640e+00
731           	-4.448058e+00
732           	-4.462409e+00
733           	-4.476687e+00
734           	-4.490885e+00
735           	-4.505004e+00
736           	-4.519041e+00
737           	-4.532993e+00
738           	-4.546860e+00
739           	-4.560641e+00
740           	-4.574354e+00
741           	-4.587968e+00
742           	-4.601462e+00
743           	-4.614872e+00
744           	-4.628194e+00
745           	-4.641429e+00
746           	-4.654555e+00
747           	-4.667598e+00
748           	-4.680506e+00
749           	-4.693312e+00
750           	-4.706010e+00
751           	-4.718598e+00
752           	-4.731072e+00
753           	-4.743427e+00
754           	-4.755658e+00
755           	-4.767763e+00
756           	-4.779737e+00
757           	-4.791584e+00
758           	-4.803301e+00
759           	-4.814885e+00
760           	-4.826335e+00
761           	-4.837644e+00
762           	-4.848815e+00
763           	-4.859838e+00
764           	-4.870713e+00
765           	-4.881439e+00
766           	-4.892012e+00
767           	-4.902428e+00
768           	-4.912687e+00
769           	-4.922783e+00
770           	-4.932714e+00
771           	-4.942480e+00
772           	-4.952075e+00
773           	-4.961498e+00
774           	-4.970745e+00
775           	-4.979815e+00
776           	-4.988702e+00
777           	-4.997404e+00
778           	-5.005918e+00
779           	-5.014241e+00
780           	-5.022368e+00
781           	-5.030297e+00
782           	-5.038024e+00
783           	-5.045543e+00
784           	-5.052854e+00
785           	-5.059951e+00
786           	-5.066846e+00
787           	-5.073519e+00
788           	-5.079963e+00
789           	-5.086175e+00
790           	-5.092141e+00
791           	-5.097869e+00
792           	-5.103358e+00
793           	-5.108613e+00
794           	-5.113628e+00
795           	-5.118397e+00
796           	-5.122917e+00
797           	-5.127181e+00
798           	-5.131186e+00
799           	-5.134929e+00
800           	-5.138408e+00
801           	-5.141622e+00
802           	-5.144573e+00
803           	-5.147259e+00
804           	-5.149677e+00
805           	-5.151824e+00
806           	-5.153696e+00
807           	-5.155289e+00
808           	-5.156599e+00
809           	-5.157622e+00
810           	-5.158359e+00
811           	-5.158806e+00
812           	-5.158961e+00
813           	-5.158820e+00
814           	-5.158379e+00
815           	-5.157637e+00
816           	-5.156589e+00
817           	-5.155230e+00
818           	-5.153556e+00
819           	-5.151569e+00
820           	-5.149261e+00
821           	-5.146628e+00
822           	-5.143672e+00
823           	-5.140394e+00
824           	-5.136792e+00
825           	-5.132867e+00
826           	-5.128618e+00
827           	-5.124045e+00
828           	-5.119151e+00
829           	-5.113935e+00
830           	-5.108401e+00
831           	-5.102555e+00
832           	-5.096401e+00
833           	-5.089946e+00
834           	-5.083196e+00
835           	-5.076159e+00
836           	-5.068842e+00
837           	-5.061257e+00
838           	-5.053411e+00
839           	-5.045314e+00
840           	-5.036978e+00
841           	-5.028411e+00
842           	-5.019659e+00
843           	-5.010639e+00
844           	-5.001433e+00
845           	-4.992054e+00
846           	-4.982513e+00
847           	-4.972817e+00
848           	-4.962973e+00
849           	-4.952988e+00
850           	-4.942870e+00
851           	-4.932629e+00
852           	-4.922276e+00
853           	-4.911823e+00
854           	-4.901289e+00
855           	-4.890671e+00
856           	-4.879979e+00
857           	-4.869223e+00
858           	-4.858413e+00
859           	-4.847558e+00
860           	-4.836666e+00
861           	-4.825746e+00
862           	-4.814805e+00
863           	-4.803849e+00
864           	-4.792887e+00
865           	-4.781926e+00
866           	-4.770972e+00
867           	-4.760033e+00
868           	-4.749116e+00
869           	-4.738228e+00
870           	-4.727376e+00
871           	-4.716566e+00
872           	-4.705805e+00
873           	-4.695098e+00
874           	-4.684450e+00
875           	-4.673869e+00
876           	-4.663359e+00
877           	-4.652944e+00
878           	-4.642601e+00
879           	-4.632337e+00
880           	-4.622160e+00
881           	-4.612078e+00
882           	-4.602096e+00
883           	-4.592227e+00
884           	-4.582475e+00
885           	-4.572843e+00
886           	-4.563334e+00
887           	-4.553954e+00
888           	-4.544700e+00
889           	-4.535575e+00
890           	-4.526585e+00
891           	-4.517734e+00
892           	-4.509026e+00
893           	-4.500471e+00
894           	-4.492071e+00
895           	-4.483830e+00
896           	-4.475745e+00
897           	-4.467825e+00
898           	-4.460068e+00
899           	-4.452477e+00
900           	-4.445055e+00
901           	-4.437808e+00
902           	-4.430734e+00
903           	-4.423835e+00
904           	-4.417113e+00
905           	-4.410571e+00
906           	-4.404212e+00
907           	-4.398036e+00
908           	-4.392044e+00
909           	-4.386236e+00
910           	-4.380619e+00
911           	-4.375187e+00
912           	-4.369941e+00
913           	-4.364881e+00
914           	-4.360007e+00
915           	-4.355319e+00
916           	-4.350819e+00
917           	-4.346508e+00
918           	-4.342385e+00
919           	-4.338446e+00
920           	-4.334695e+00
921           	-4.331128e+00
922           	-4.327746e+00
923           	-4.324545e+00
924           	-4.321529e+00
925           	-4.318697e+00
926           	-4.316048e+00
927           	-4.313571e+00
928           	-4.311272e+00
929           	-4.309160e+00
930           	-4.307207e+00
931           	-4.305420e+00
932           	-4.303807e+00
933           	-4.302383e+00
934           	-4.301117e+00
935           	-4.300008e+00
936           	-4.299046e+00
937           	-4.298253e+00
938           	-4.297626e+00
939           	-4.297175e+00
940           	-4.296864e+00
941           	-4.296694e+00
942           	-4.296676e+00
943           	-4.296803e+00
944           	-4.297075e+00
945           	-4.297489e+00
946           	-4.298042e+00
947           	-4.298731e+00
948           	-4.299553e+00
949           	-4.300504e+00
950           	-4.301580e+00
951           	-4.302779e+00
952           	-4.304096e+00
953           	-4.305530e+00
954           	-4.307078e+00
955           	-4.308739e+00
956           	-4.310511e+00
957           	-4.312388e+00
958           	-4.314371e+00
959           	-4.316455e+00
960           	-4.318638e+00
961           	-4.320916e+00
962           	-4.323270e+00
963           	-4.325720e+00
964           	-4.328263e+00
965           	-4.330894e+00
966           	-4.333606e+00
967           	-4.336394e+00
968           	-4.339255e+00
969           	-4.342185e+00
970           	-4.345181e+00
971           	-4.348241e+00
972           	-4.351364e+00
973           	-4.354559e+00
974           	-4.357807e+00
975           	-4.361104e+00
976           	-4.364451e+00
977           	-4.367846e+00
978           	-4.371289e+00
979           	-4.374778e+00
980           	-4.378310e+00
981           	-4.381882e+00
982           	-4.385489e+00
983           	-4.389128e+00
984           	-4.392798e+00
985           	-4.396494e+00
986           	-4.400214e+00
987           	-4.403956e+00
988           	-4.407720e+00
989           	-4.411503e+00
990           	-4.415292e+00
991           	-4.419111e+00
992           	-4.422943e+00
993           	-4.426784e+00
994           	-4.430631e+00
995           	-4.434481e+00
996           	-4.438333e+00
997           	-4.442185e+00
998           	-4.446035e+00
999           	-4.449881e+00
1000          	-4.453722e+00
1001          	-4.457556e+00
1002          	-4.461380e+00
1003          	-4.465192e+00
1004          	-4.468991e+00
1005          	-4.472774e+00
1006          	-4.476540e+00
1007          	-4.480279e+00
1008          	-4.484002e+00
1009          	-4.487705e+00
1010          	-4.491385e+00
1011          	-4.495035e+00
1012          	-4.498651e+00
1013          	-4.502232e+00
1014          	-4.505777e+00
1015          	-4.509287e+00
1016          	-4.512762e+00
1017          	-4.516204e+00
1018          	-4.519612e+00
1019          	-4.522985e+00
1020          	-4.526322e+00
1021          	-4.529620e+00
1022          	-4.532876e+00
1023          	-4.536089e+00
1024          	-4.539258e+00
1025          	-4.542380e+00
1026          	-4.545455e+00
1027          	-4.548483e+00
1028          	-4.551460e+00
1029          	-4.554388e+00
1030          	-4.557263e+00
1031          	-4.560082e+00
1032          	-4.562844e+00
1033          	-4.565550e+00
1034          	-4.568200e+00
1035          	-4.570794e+00
1036          	-4.573334e+00
1037          	-4.575820e+00
1038          	-4.578252e+00
1039          	-4.580628e+00
1040          	-4.582947e+00
1041          	-4.585209e+00
1042          	-4.587412e+00
1043          	-4.589557e+00
1044          	-4.591641e+00
1045          	-4.593665e+00
1046          	-4.595629e+00
1047          	-4.597532e+00
1048          	-4.599373e+00
1049          	-4.601153e+00
1050          	-4.602871e+00
1051          	-4.604527e+00
1052          	-4.606123e+00
1053          	-4.607658e+00
1054          	-4.609133e+00
1055          	-4.610545e+00
1056          	-4.611896e+00
1057          	-4.613185e+00
1058          	-4.614412e+00
1059          	-4.615579e+00
1060          	-4.616684e+00
1061          	-4.617727e+00
1062          	-4.618707e+00
1063          	-4.619626e+00
1064          	-4.620483e+00
1065          	-4.621281e+00
1066          	-4.622018e+00
1067          	-4.622695e+00
1068          	-4.623311e+00
1069          	-4.623866e+00
1070          	-4.624360e+00
1071          	-4.624797e+00
1072          	-4.625179e+00
1073          	-4.625495e+00
1074          	-4.625764e+00
1075          	-4.625975e+00
1076          	-4.626127e+00
1077          	-4.626221e+00
1078          	-4.626261e+00
1079          	-4.626245e+00
1080          	-4.626174e+00
1081          	-4.626049e+00
1082          	-4.625870e+00
1083          	-4.625640e+00
1084          	-4.625359e+00
1085          	-4.625028e+00
1086          	-4.624648e+00
1087          	-4.624215e+00
1088          	-4.623736e+00
1089          	-4.623213e+00
1090          	-4.622648e+00
1091          	-4.622036e+00
1092          	-4.621377e+00
1093          	-4.620674e+00
1094          	-4.619927e+00
1095          	-4.619138e+00
1096          	-4.618309e+00
1097          	-4.617441e+00
1098          	-4.616535e+00
1099          	-4.615592e+00
1100          	-4.614613e+00
1101          	-4.613597e+00
1102          	-4.612553e+00
1103          	-4.611471e+00
1104          	-4.610354e+00
1105          	-4.609204e+00
1106          	-4.608023e+00
1107          	-4.606813e+00
1108          	-4.605571e+00
1109          	-4.604305e+00
1110          	-4.603017e+00
1111          	-4.601707e+00
1112          	-4.600375e+00
1113          	-4.599019e+00
1114          	-4.597641e+00
1115          	-4.596240e+00
1116          	-4.594818e+00
1117          	-4.593378e+00
1118          	-4.591921e+00
1119          	-4.590449e+00
1120          	-4.588963e+00
1121          	-4.587463e+00
1122          	-4.585951e+00
1123          	-4.584428e+00
1124          	-4.582893e+00
1125          	-4.581349e+00
1126          	-4.579796e+00
1127          	-4.578236e+00
1128          	-4.576669e+00
1129          	-4.575097e+00
1130          	-4.573520e+00
1131          	-4.571940e+00
1132          	-4.570358e+00
1133          	-4.568774e+00
1134          	-4.567189e+00
1135          	-4.565604e+00
1136          	-4.564020e+00
1137          	-4.562439e+00
1138          	-4.560861e+00
1139          	-4.559287e+00
1140          	-4.557717e+00
1141          	-4.556154e+00
1142          	-4.554597e+00
1143          	-4.553047e+00
1144          	-4.551506e+00
1145          	-4.549973e+00
1146          	-4.548452e+00
1147          	-4.546940e+00
1148          	-4.545438e+00
1149          	-4.543948e+00
1150          	-4.542469e+00
1151          	-4.541004e+00
1152          	-4.539553e+00
1153          	-4.538118e+00
1154          	-4.536698e+00
1155          	-4.535295e+00
1156          	-4.533908e+00
1157          	-4.532538e+00
1158          	-4.531186e+00
1159          	-4.529852e+00
1160          	-4.528536e+00
1161          	-4.527239e+00
1162          	-4.525961e+00
1163          	-4.524703e+00
1164          	-4.523465e+00
1165          	-4.522248e+00
1166          	-4.521052e+00
1167          	-4.519878e+00
1168          	-4.518726e+00
1169          	-4.517597e+00
1170          	-4.516490e+00
1171          	-4.515406e+00
1172          	-4.514345e+00
1173          	-4.513306e+00
1174          	-4.512291e+00
1175          	-4.511300e+00
1176          	-4.510333e+00
1177          	-4.509390e+00
1178          	-4.508470e+00
1179          	-4.507575e+00
1180          	-4.506705e+00
1181          	-4.505859e+00
1182          	-4.505038e+00
1183          	-4.504241e+00
1184          	-4.503470e+00
1185          	-4.502723e+00
1186          	-4.502004e+00
1187          	-4.501308e+00
1188          	-4.500636e+00
1189          	-4.499989e+00
1190          	-4.499366e+00
1191          	-4.498768e+00
1192          	-4.498195e+00
1193          	-4.497647e+00
1194          	-4.497123e+00
1195          	-4.496625e+00
1196          	-4.496151e+00
1197          	-4.495700e+00
1198          	-4.495274e+00
1199          	-4.494872e+00
1200          	-4.494492e+00
1201          	-4.494136e+00
1202          	-4.493804e+00
1203          	-4.493495e+00
1204          	-4.493209e+00
1205          	-4.492946e+00
1206          	-4.492704e+00
1207          	-4.492487e+00
1208          	-4.492291e+00
1209          	-4.492115e+00
1210          	-4.491961e+00
1211          	-4.491827e+00
1212          	-4.491713e+00
1213          	-4.491621e+00
1214          	-4.491551e+00
1215          	-4.491501e+00
1216          	-4.491471e+00
1217          	-4.491461e+00
1218          	-4.491470e+00
1219          	-4.491496e+00
1220          	-4.491541e+00
1221          	-4.491604e+00
1222          	-4.491684e+00
1223          	-4.491782e+00
1224          	-4.491897e+00
1225          	-4.492029e+00
1226          	-4.492177e+00
1227          	-4.492341e+00
1228          	-4.492520e+00
1229          	-4.492715e+00
1230          	-4.492924e+00
1231          	-4.493148e+00
1232          	-4.493386e+00
1233          	-4.493637e+00
1234          	-4.493902e+00
1235          	-4.494178e+00
1236          	-4.494468e+00
1237          	-4.494771e+00
1238          	-4.495086e+00
1239          	-4.495413e+00
1240          	-4.495750e+00
1241          	-4.496098e+00
1242          	-4.496456e+00
1243          	-4.496823e+00
1244          	-4.497200e+00
1245          	-4.497585e+00
1246          	-4.497980e+00
1247          	-4.498385e+00
1248          	-4.498796e+00
1249          	-4.499215e+00
1250          	-4.499638e+00
1251          	-4.500070e+00
1252          	-4.500509e+00
1253          	-4.500955e+00
1254          	-4.501405e+00
1255          	-4.501862e+00
1256          	-4.502323e+00
1257          	-4.502789e+00
1258          	-4.503259e+00
1259          	-4.503733e+00
1260          	-4.504211e+00
1261          	-4.504691e+00
1262          	-4.505175e+00
1263          	-4.505662e+00
1264          	-4.506150e+00
1265          	-4.506641e+00
1266          	-4.507133e+00
1267          	-4.507626e+00
1268          	-4.508120e+00
1269          	-4.508615e+00
1270          	-4.509110e+00
1271          	-4.509605e+00
1272          	-4.510100e+00
1273          	-4.510595e+00
1274          	-4.511088e+00
1275          	-4.511581e+00
1276          	-4.512071e+00
1277          	-4.512561e+00
1278          	-4.513047e+00
1279          	-4.513531e+00
1280          	-4.514013e+00
1281          	-4.514492e+00
1282          	-4.514969e+00
1283          	-4.515443e+00
1284          	-4.515912e+00
1285          	-4.516378e+00
1286          	-4.516840e+00
1287          	-4.517298e+00
1288          	-4.517751e+00
1289          	-4.518200e+00
1290          	-4.518645e+00
1291          	-4.519084e+00
1292          	-4.519518e+00
1293          	-4.519947e+00
1294          	-4.520370e+00
1295          	-4.520788e+00
1296          	-4.521200e+00
1297          	-4.521606e+00
1298          	-4.522006e+00
1299          	-4.522399e+00
1300          	-4.522786e+00
1301          	-4.523166e+00
1302          	-4.523540e+00
1303          	-4.523907e+00
1304          	-4.524267e+00
1305          	-4.524620e+00
1306          	-4.524965e+00
1307          	-4.525303e+00
1308          	-4.525634e+00
1309          	-4.525957e+00
1310          	-4.526273e+00
1311          	-4.526581e+00
1312          	-4.526882e+00
1313          	-4.527174e+00
1314          	-4.527459e+00
1315          	-4.527736e+00
1316          	-4.528006e+00
1317          	-4.528267e+00
1318          	-4.528520e+00
1319          	-4.528765e+00
1320          	-4.529001e+00
1321          	-4.529229e+00
1322          	-4.529449e+00
1323          	-4.529662e+00
1324          	-4.529866e+00
1325          	-4.530062e+00
1326          	-4.530250e+00
1327          	-4.530429e+00
1328          	-4.530600e+00
1329          	-4.530763e+00
1330          	-4.530918e+00
1331          	-4.531064e+00
1332          	-4.531203e+00
1333          	-4.531334e+00
1334          	-4.531456e+00
1335          	-4.531570e+00
1336          	-4.531676e+00
1337          	-4.531775e+00
1338          	-4.531865e+00
1339          	-4.531948e+00
1340          	-4.532022e+00
1341          	-4.532090e+00
1342          	-4.532149e+00
1343          	-4.532202e+00
1344          	-4.532246e+00
1345          	-4.532282e+00
1346          	-4.532313e+00
1347          	-4.532335e+00
1348          	-4.532351e+00
1349          	-4.532359e+00
1350          	-4.532360e+00
1351          	-4.532354e+00
1352          	-4.532341e+00
1353          	-4.532321e+00
1354          	-4.532295e+00
1355          	-4.532262e+00
1356          	-4.532223e+00
1357          	-4.532178e+00
1358          	-4.532126e+00
1359          	-4.532069e+00
1360          	-4.532005e+00
1361          	-4.531935e+00
1362          	-4.531860e+00
1363          	-4.531779e+00
1364          	-4.531693e+00
1365          	-4.531601e+00
1366          	-4.531504e+00
1367          	-4.531401e+00
1368          	-4.531294e+00
1369          	-4.531182e+00
1370          	-4.531065e+00
1371          	-4.530943e+00
1372          	-4.530817e+00
1373          	-4.530687e+00
1374          	-4.530552e+00
1375          	-4.530414e+00
1376          	-4.530272e+00
1377          	-4.530125e+00
1378          	-4.529974e+00
1379          	-4.529820e+00
1380          	-4.529662e+00
1381          	-4.529501e+00
1382          	-4.529336e+00
1383          	-4.529169e+00
1384          	-4.529000e+00
1385          	-4.528828e+00
1386          	-4.528653e+00
1387          	-4.528476e+00
1388          	-4.528296e+00
1389          	-4.528113e+00
1390          	-4.527928e+00
1391          	-4.527742e+00
1392          	-4.527553e+00
1393          	-4.527363e+00
1394          	-4.527171e+00
1395          	-4.526978e+00
1396          	-4.526784e+00
1397          	-4.526588e+00
1398          	-4.526391e+00
1399          	-4.526193e+00
1400          	-4.525995e+00
1401          	-4.525795e+00
1402          	-4.525595e+00
1403          	-4.525394e+00
1404          	-4.525194e+00
1405          	-4.524992e+00
1406          	-4.524791e+00
1407          	-4.524590e+00
1408          	-4.524388e+00
1409          	-4.524187e+00
1410          	-4.523986e+00
1411          	-4.523786e+00
1412          	-4.523586e+00
1413          	-4.523386e+00
1414          	-4.523187e+00
1415          	-4.522989e+00
1416          	-4.522792e+00
1417          	-4.522596e+00
1418          	-4.522401e+00
1419          	-4.522207e+00
1420          	-4.522015e+00
1421          	-4.521824e+00
1422          	-4.521634e+00
1423          	-4.521446e+00
1424          	-4.521259e+00
1425          	-4.521074e+00
1426          	-4.520890e+00
1427          	-4.520709e+00
1428          	-4.520529e+00
1429          	-4.520351e+00
1430          	-4.520175e+00
1431          	-4.520002e+00
1432          	-4.519830e+00
1433          	-4.519661e+00
1434          	-4.519494e+00
1435          	-4.519330e+00
1436          	-4.519167e+00
1437          	-4.519007e+00
1438          	-4.518850e+00
1439          	-4.518695e+00
1440          	-4.518543e+00
1441          	-4.518393e+00
1442          	-4.518246e+00
1443          	-4.518102e+00
1444          	-4.517960e+00
1445          	-4.517822e+00
1446          	-4.517686e+00
1447          	-4.517553e+00
1448          	-4.517423e+00
1449          	-4.517295e+00
1450          	-4.517171e+00
1451          	-4.517049e+00
1452          	-4.516931e+00
1453          	-4.516815e+00
1454          	-4.516702e+00
1455          	-4.516593e+00
1456          	-4.516486e+00
1457          	-4.516382e+00
1458          	-4.516282e+00
1459          	-4.516184e+00
1460          	-4.516090e+00
1461          	-4.515999e+00
1462          	-4.515911e+00
1463          	-4.515826e+00
1464          	-4.515743e+00
1465          	-4.515664e+00
1466          	-4.515588e+00
1467          	-4.515515e+00
1468          	-4.515445e+00
1469          	-4.515378e+00
1470          	-4.515314e+00
1471          	-4.515253e+00
1472          	-4.515195e+00
1473          	-4.515140e+00
1474          	-4.515088e+00
1475          	-4.515039e+00
1476          	-4.514993e+00
1477          	-4.514949e+00
1478          	-4.514909e+00
1479          	-4.514872e+00
1480          	-4.514837e+00
1481          	-4.514804e+00
1482          	-4.514775e+00
1483          	-4.514749e+00
1484          	-4.514725e+00
1485          	-4.514704e+00
1486          	-4.514685e+00
1487          	-4.514669e+00
1488          	-4.514655e+00
1489          	-4.514644e+00
1490          	-4.514636e+00
1491          	-4.514630e+00
1492          	-4.514626e+00
1493          	-4.514625e+00
1494          	-4.514627e+00
1495          	-4.514630e+00
1496          	-4.514636e+00
1497          	-4.514644e+00
1498          	-4.514654e+00
1499          	-4.514666e+00
1500          	-4.514681e+00
1501          	-4.514697e+00
1502          	-4.514716e+00
1503          	-4.514736e+00
1504          	-4.514758e+00
1505          	-4.514782e+00
1506          	-4.514808e+00
1507          	-4.514836e+00
1508          	-4.514865e+00
1509          	-4.514897e+00
1510          	-4.514930e+00
1511          	-4.514964e+00
1512          	-4.515000e+00
1513          	-4.515037e+00
1514          	-4.515076e+00
1515          	-4.515116e+00
1516          	-4.515158e+00
1517          	-4.515201e+00
1518          	-4.515245e+00
1519          	-4.515290e+00
1520          	-4.515337e+00
1521          	-4.515384e+00
1522          	-4.515433e+00
1523          	-4.515483e+00
1524          	-4.515533e+00
1525          	-4.515585e+00
1526          	-4.515637e+00
1527          	-4.515690e+00
1528          	-4.515744e+00
1529          	-4.515799e+00
1530          	-4.515855e+00
1531          	-4.515911e+00
1532          	-4.515967e+00
1533          	-4.516025e+00
1534          	-4.516082e+00
1535          	-4.516140e+00
1536          	-4.516199e+00
1537          	-4.516258e+00
1538          	-4.516317e+00
1539          	-4.516377e+00
1540          	-4.516437e+00
1541          	-4.516497e+00
1542          	-4.516557e+00
1543          	-4.516617e+00
1544          	-4.516678e+00
1545          	-4.516738e+00
1546          	-4.516799e+00
1547          	-4.516859e+00
1548          	-4.516920e+00
1549          	-4.516980e+00
1550          	-4.517040e+00
1551          	-4.517100e+00
1552          	-4.517160e+00
1553          	-4.517219e+00
1554          	-4.517279e+00
1555          	-4.517338e+00
1556          	-4.517396e+00
1557          	-4.517454e+00
1558          	-4.517512e+00
1559          	-4.517570e+00
1560          	-4.517627e+00
1561          	-4.517683e+00
1562          	-4.517739e+00
1563          	-4.517794e+00
1564          	-4.517849e+00
1565          	-4.517903e+00
1566          	-4.517957e+00
1567          	-4.518010e+00
1568          	-4.518062e+00
1569          	-4.518114e+00
1570          	-4.518165e+00
1571          	-4.518215e+00
1572          	-4.518264e+00
1573          	-4.518313e+00
1574          	-4.518360e+00
1575          	-4.518407e+00
1576          	-4.518454e+00
1577          	-4.518499e+00
1578          	-4.518543e+00
1579          	-4.518587e+00
1580          	-4.518630e+00
1581          	-4.518671e+00
1582          	-4.518712e+00
1583          	-4.518752e+00
1584          	-4.518791e+00
1585          	-4.518829e+00
1586          	-4.518866e+00
1587          	-4.518902e+00
1588          	-4.518937e+00
1589          	-4.518971e+00
1590          	-4.519005e+00
1591          	-4.519037e+00
1592          	-4.519068e+00
1593          	-4.519098e+00
1594          	-4.519127e+00
1595          	-4.519155e+00
1596          	-4.519182e+00
1597          	-4.519208e+00
1598          	-4.519233e+00
1599          	-4.519257e+00
1600          	-4.519280e+00
1601          	-4.519302e+00
1602          	-4.519323e+00
1603          	-4.519343e+00
1604          	-4.519362e+00
1605          	-4.519380e+00
1606          	-4.519397e+00
1607          	-4.519413e+00
1608          	-4.519427e+00
1609          	-4.519441e+00
1610          	-4.519454e+00
1611          	-4.519466e+00
1612          	-4.519477e+00
1613          	-4.519486e+00
1614          	-4.519495e+00
1615          	-4.519503e+00
1616          	-4.519510e+00
1617          	-4.519516e+00
1618          	-4.519521e+00
1619          	-4.519525e+00
1620          	-4.519529e+00
1621          	-4.519531e+00
1622          	-4.519532e+00
1623          	-4.519533e+00
1624          	-4.519532e+00
1625          	-4.519531e+00
1626          	-4.519529e+00
1627          	-4.519526e+00
1628          	-4.519522e+00
1629          	-4.519518e+00
1630          	-4.519512e+00
1631          	-4.519506e+00
1632          	-4.519499e+00
1633          	-4.519491e+00
1634          	-4.519483e+00
1635          	-4.519474e+00
1636          	-4.519464e+00
1637          	-4.519453e+00
1638          	-4.519442e+00
1639          	-4.519430e+00
1640          	-4.519417e+00
1641          	-4.519404e+00
1642          	-4.519390e+00
1643          	-4.519376e+00
1644          	-4.519360e+00
1645          	-4.519345e+00
1646          	-4.519329e+00
1647          	-4.519312e+00
1648          	-4.519294e+00
1649          	-4.519277e+00
1650          	-4.519258e+00
1651          	-4.519239e+00
1652          	-4.519220e+00
1653          	-4.519200e+00
1654          	-4.519180e+00
1655          	-4.519160e+00
1656          	-4.519139e+00
1657          	-4.519117e+00
1658          	-4.519096e+00
1659          	-4.519073e+00
1660          	-4.519051e+00
1661          	-4.519028e+00
1662          	-4.519005e+00
1663          	-4.518982e+00
1664          	-4.518959e+00
1665          	-4.518935e+00
1666          	-4.518911e+00
1667          	-4.518886e+00
1668          	-4.518862e+00
1669          	-4.518837e+00
1670          	-4.518813e+00
1671          	-4.518788e+00
1672          	-4.518762e+00
1673          	-4.518737e+00
1674          	-4.518712e+00
1675          	-4.518687e+00
1676          	-4.518661e+00
1677          	-4.518635e+00
1678          	-4.518610e+00
1679          	-4.518584e+00
1680          	-4.518559e+00
1681          	-4.518533e+00
1682          	-4.518507e+00
1683          	-4.518482e+00
1684          	-4.518456e+00
1685          	-4.518430e+00
1686          	-4.518405e+00
1687          	-4.518379e+00
1688          	-4.518354e+00
1689          	-4.518329e+00
1690          	-4.518304e+00
1691          	-4.518279e+00
1692          	-4.518254e+00
1693          	-4.518229e+00
1694          	-4.518204e+00
1695          	-4.518180e+00
1696          	-4.518156e+00
1697          	-4.518132e+00
1698          	-4.518108e+00
1699          	-4.518084e+00
1700          	-4.518061e+00
1701          	-4.518037e+00
1702          	-4.518014e+00
1703          	-4.517992e+00
1704          	-4.517969e+00
1705          	-4.517947e+00
1706          	-4.517925e+00
1707          	-4.517903e+00
1708          	-4.517882e+00
1709          	-4.517861e+00
1710          	-4.517840e+00
1711          	-4.517819e+00
1712          	-4.517799e+00
1713          	-4.517779e+00
1714          	-4.517760e+00
1715          	-4.517740e+00
1716          	-4.517721e+00
1717          	-4.517703e+00
1718          	-4.517684e+00
1719          	-4.517667e+00
1720          	-4.517649e+00
1721          	-4.517632e+00
1722          	-4.517615e+00
1723          	-4.517598e+00
1724          	-4.517582e+00
1725          	-4.517566e+00
1726          	-4.517551e+00
1727          	-4.517536e+00
1728          	-4.517521e+00
1729          	-4.517507e+00
1730          	-4.517493e+00
1731          	-4.517480e+00
1732          	-4.517466e+00
1733          	-4.517454e+00
1734          	-4.517441e+00
1735          	-4.517429e+00
1736          	-4.517418e+00
1737          	-4.517406e+00
1738          	-4.517395e+00
1739          	-4.517385e+00
1740          	-4.517375e+00
1741          	-4.517365e+00
1742          	-4.517356e+00
1743          	-4.517347e+00
1744          	-4.517338e+00
1745          	-4.517330e+00
1746          	-4.517322e+00
1747          	-4.517314e+00
1748          	-4.517307e+00
1749          	-4.517301e+00
1750          	-4.517294e+00
1751          	-4.517288e+00
1752          	-4.517283e+00
1753          	-4.517277e+00
1754          	-4.517272e+00
1755          	-4.517268e+00
1756          	-4.517263e+00
1757          	-4.517259e+00
1758          	-4.517256e+00
1759          	-4.517253e+00
1760          	-4.517250e+00
1761          	-4.517247e+00
1762          	-4.517245e+00
1763          	-4.517243e+00
1764          	-4.517241e+00
1765          	-4.517240e+00
1766          	-4.517239e+00
1767          	-4.517238e+00
1768          	-4.517238e+00
1769          	-4.517238e+00
1770          	-4.517238e+00
1771          	-4.517238e+00
1772          	-4.517239e+00
1773          	-4.517240e+00
1774          	-4.517241e+00
1775          	-4.517242e+00
1776          	-4.517244e+00
1777          	-4.517246e+00
1778          	-4.517248e+00
1779          	-4.517251e+00
1780          	-4.517254e+00
1781          	-4.517257e+00
1782          	-4.517260e+00
1783          	-4.517263e+00
1784          	-4.517267e+00
1785          	-4.517270e+00
1786          	-4.517274e+00
1787          	-4.517278e+00
1788          	-4.517283e+00
1789          	-4.517287e+00
1790          	-4.517292e+00
1791          	-4.517297e+00
1792          	-4.517302e+00
1793          	-4.517307e+00
1794          	-4.517312e+00
1795          	-4.517318e+00
1796          	-4.517323e+00
1797          	-4.517329e+00
1798          	-4.517335e+00
1799          	-4.517341e+00
1800          	-4.517347e+00
1801          	-4.517353e+00
1802          	-4.517360e+00
1803          	-4.517366e+00
1804          	-4.517373e+00
1805          	-4.517379e+00
1806          	-4.517386e+00
1807          	-4.517392e+00
1808          	-4.517399e+00
1809          	-4.517406e+00
1810          	-4.517413e+00
1811          	-4.517420e+00
1812          	-4.517427e+00
1813          	-4.517434e+00
1814          	-4.517441e+00
1815          	-4.517448e+00
1816          	-4.517455e+00
1817          	-4.517463e+00
1818          	-4.517470e+00
1819          	-4.517477e+00
1820          	-4.517484e+00
1821          	-4.517491e+00
1822          	-4.517499e+00
1823          	-4.517506e+00
1824          	-4.517513e+00
1825          	-4.517520e+00
1826          	-4.517527e+00
1827          	-4.517534e+00
1828          	-4.517541e+00
1829          	-4.517548e+00
1830          	-4.517555e+00
1831          	-4.517562e+00
1832          	-4.517569e+00
1833          	-4.517576e+00
1834          	-4.517583e+00
1835          	-4.517590e+00
1836          	-4.517596e+00
1837          	-4.517603e+00
1838          	-4.517610e+00
1839          	-4.517616e+00
1840          	-4.517623e+00
1841          	-4.517629e+00
1842          	-4.517635e+00
1843          	-4.517641e+00
1844          	-4.517647e+00
1845          	-4.517653e+00
1846          	-4.517659e+00
1847          	-4.517665e+00
1848          	-4.517671e+00
1849          	-4.517677e+00
1850          	-4.517682e+00
1851          	-4.517688e+00
1852          	-4.517693e+00
1853          	-4.517698e+00
1854          	-4.517703e+00
1855          	-4.517708e+00
1856          	-4.517713e+00
1857          	-4.517718e+00
1858          	-4.517723e+00
1859          	-4.517727e+00
1860          	-4.517732e+00
1861          	-4.517736e+00
1862          	-4.517740e+00
1863          	-4.517744e+00
1864          	-4.517748e+00
1865          	-4.517752e+00
1866          	-4.517756e+00
1867          	-4.517759e+00
1868          	-4.517763e+00
1869          	-4.517766e+00
1870          	-4.517770e+00
1871          	-4.517773e+00
1872          	-4.517776e+00
1873          	-4.517778e+00
1874          	-4.517781e+00
1875          	-4.517784e+00
1876          	-4.517786e+00
1877          	-4.517789e+00
1878          	-4.517791e+00
1879          	-4.517793e+00
1880          	-4.517795e+00
1881          	-4.517797e+00
1882          	-4.517799e+00
1883          	-4.517800e+00
1884          	-4.517802e+00
1885          	-4.517803e+00
1886          	-4.517804e+00
1887          	-4.517805e+00
1888          	-4.517806e+00
1889          	-4.517807e+00
1890          	-4.517808e+00
1891          	-4.517809e+00
1892          	-4.517809e+00
1893          	-4.517810e+00
1894          	-4.517810e+00
1895          	-4.517810e+00
1896          	-4.517810e+00
1897          	-4.517810e+00
1898          	-4.517810e+00
1899          	-4.517810e+00
1900          	-4.517810e+00
1901          	-4.517809e+00
1902          	-4.517809e+00
1903          	-4.517808e+00
1904          	-4.517807e+00
1905          	-4.517806e+00
1906          	-4.517805e+00
1907          	-4.517804e+00
1908          	-4.517803e+00
1909          	-4.517802e+00
1910          	-4.517801e+00
1911          	-4.517799e+00
1912          	-4.517798e+00
1913          	-4.517796e+00
1914          	-4.517795e+00
1915          	-4.517793e+00
1916          	-4.517791e+00
1917          	-4.517789e+00
1918          	-4.517787e+00
1919          	-4.517785e+00
1920          	-4.517783e+00
1921          	-4.517781e+00
1922          	-4.517779e+00
1923          	-4.517777e+00
1924          	-4.517774e+00
1925          	-4.517772e+00
1926          	-4.517769e+00
1927          	-4.517767e+00
1928          	-4.517764e+00
1929          	-4.517762e+00
1930          	-4.517759e+00
1931          	-4.517756e+00
1932          	-4.517753e+00
1933          	-4.517751e+00
1934          	-4.517748e+00
1935          	-4.517745e+00
1936          	-4.517742e+00
1937          	-4.517739e+00
1938          	-4.517736e+00
1939          	-4.517733e+00
1940          	-4.517730e+00
1941          	-4.517727e+00
1942          	-4.517724e+00
1943          	-4.517721e+00
1944          	-4.517718e+00
1945          	-4.517714e+00
1946          	-4.517711e+00
1947          	-4.517708e+00
1948          	-4.517705e+00
1949          	-4.517702e+00
1950          	-4.517698e+00
1951          	-4.517695e+00
1952          	-4.517692e+00
1953          	-4.517689e+00
1954          	-4.517685e+00
1955          	-4.517682e+00
1956          	-4.517679e+00
1957          	-4.517676e+00
1958          	-4.517672e+00
1959          	-4.517669e+00
1960          	-4.517666e+00
1961          	-4.517663e+00
1962          	-4.517659e+00
1963          	-4.517656e+00
1964          	-4.517653e+00
1965          	-4.517650e+00
1966          	-4.517647e+00
1967          	-4.517643e+00
1968          	-4.517640e+00
1969          	-4.517637e+00
1970          	-4.517634e+00
1971          	-4.517631e+00
1972          	-4.517628e+00
1973          	-4.517625e+00
1974          	-4.517622e+00
1975          	-4.517619e+00
1976          	-4.517616e+00
1977          	-4.517613e+00
1978          	-4.517610e+00
1979          	-4.517608e+00
1980          	-4.517605e+00
1981          	-4.517602e+00
1982          	-4.517599e+00
1983          	-4.517596e+00
1984          	-4.517594e+00
1985          	-4.517591e+00
1986          	-4.517589e+00
1987          	-4.517586e+00
1988          	-4.517584e+00
1989          	-4.517581e+00
1990          	-4.517579e+00
1991          	-4.517576e+00
1992          	-4.517574e+00
1993          	-4.517572e+00
1994          	-4.517569e+00
1995          	-4.517567e+00
1996          	-4.517565e+00
1997          	-4.517563e+00
1998          	-4.517561e+00
1999          	-4.517559e+00
2000          	-4.517557e+00
