/*--------------------------------*- C++ -*----------------------------------*\
| =========                 |                                                 |
| \\      /  F ield         | OpenFOAM: The Open Source CFD Toolbox           |
|  \\    /   O peration     | Version:  2412                                  |
|   \\  /    A nd           | Website:  www.openfoam.com                      |
|    \\/     M anipulation  |                                                 |
\*---------------------------------------------------------------------------*/
FoamFile
{
    version     2.0;
    format      ascii;
    arch        "LSB;label=32;scalar=64";
    class       labelList;
    location    "constant/solid/polyMesh";
    object      faceProcAddressing;
}
// * * * * * * * * * * * * * * * * * * * * * * * * * * * * * * * * * * * * * //


242
(
2112
2113
2114
2115
2116
2117
2119
2120
2141
2142
2143
2144
2145
2146
2148
2149
2170
2172
2173
2174
2175
2177
2178
2202
2203
2204
2206
2207
2228
2229
2231
2386
2387
2388
2389
2390
2391
2392
2393
2394
2395
2396
2397
2399
2400
2415
2416
2417
2418
2419
2420
2421
2422
2423
2424
2425
2426
2428
2429
2444
2445
2446
2447
2448
2449
2450
2451
2452
2453
2454
2455
2457
2458
2473
2474
2475
2476
2477
2478
2479
2480
2481
2482
2483
2484
2486
2487
2502
2503
2504
2505
2506
2507
2508
2509
2511
2616
2617
2618
2619
2620
2621
2622
2623
2625
2635
2636
2637
2638
2639
2640
2641
2642
2644
2654
2655
2656
2657
2658
2659
2660
2661
2663
2673
2674
2675
2676
2677
2678
2679
2680
2682
2692
2693
2694
2695
2886
2887
2888
2889
2890
2896
2897
2898
2899
2900
2974
2975
2981
2982
2983
2984
2985
2991
2992
2993
2994
2995
3251
3252
3253
3254
3255
3261
3262
3263
3264
3265
3271
3272
3273
3274
3275
3281
3282
3283
3284
3285
3291
3292
3293
3294
3295
2205
2230
2485
2510
2681
2696
2118
2147
2176
2398
2427
2456
2624
2643
2662
-2084
-2087
-2090
-2364
-2367
-2370
-2602
-2604
-2606
-2358
-2361
-2598
-2600
-1834
-1837
-1840
-1863
-1866
-1869
-1892
-1895
-1898
-1924
-1927
-1949
-1951
-2108
-2109
-2111
-2137
-2138
-2140
-2166
-2167
-2169
2171
-2195
-2198
-2199
-2201
-2223
-2225
-2226
-2227
)


// ************************************************************************* //
