/*--------------------------------*- C++ -*----------------------------------*\
| =========                 |                                                 |
| \\      /  F ield         | OpenFOAM: The Open Source CFD Toolbox           |
|  \\    /   O peration     | Version:  2412                                  |
|   \\  /    A nd           | Website:  www.openfoam.com                      |
|    \\/     M anipulation  |                                                 |
\*---------------------------------------------------------------------------*/
FoamFile
{
    version     2.0;
    format      ascii;
    arch        "LSB;label=32;scalar=64";
    class       faceList;
    location    "constant/solid/polyMesh";
    object      faces;
}
// * * * * * * * * * * * * * * * * * * * * * * * * * * * * * * * * * * * * * //


242
(
4(62 66 87 82)
4(65 86 87 66)
4(81 82 87 86)
4(63 67 88 83)
4(66 87 88 67)
4(82 83 88 87)
4(67 88 89 68)
4(83 84 89 88)
4(66 70 92 87)
4(69 91 92 70)
4(86 87 92 91)
4(67 71 93 88)
4(70 92 93 71)
4(87 88 93 92)
4(71 93 94 72)
4(88 89 94 93)
4(70 74 97 92)
4(91 92 97 96)
4(71 75 98 93)
4(74 97 98 75)
4(92 93 98 97)
4(75 98 99 76)
4(93 94 99 98)
4(75 78 103 98)
4(77 102 103 78)
4(97 98 103 102)
4(78 103 104 79)
4(98 99 104 103)
4(78 19 24 103)
4(102 103 24 23)
4(103 104 25 24)
4(80 85 110 105)
4(1 7 110 85)
4(6 105 110 7)
4(81 86 111 106)
4(85 110 111 86)
4(105 106 111 110)
4(82 87 112 107)
4(86 111 112 87)
4(106 107 112 111)
4(83 88 113 108)
4(87 112 113 88)
4(107 108 113 112)
4(88 113 114 89)
4(108 109 114 113)
4(85 90 115 110)
4(2 8 115 90)
4(7 110 115 8)
4(86 91 116 111)
4(90 115 116 91)
4(110 111 116 115)
4(87 92 117 112)
4(91 116 117 92)
4(111 112 117 116)
4(88 93 118 113)
4(92 117 118 93)
4(112 113 118 117)
4(93 118 119 94)
4(113 114 119 118)
4(90 95 120 115)
4(3 9 120 95)
4(8 115 120 9)
4(91 96 121 116)
4(95 120 121 96)
4(115 116 121 120)
4(92 97 122 117)
4(96 121 122 97)
4(116 117 122 121)
4(93 98 123 118)
4(97 122 123 98)
4(117 118 123 122)
4(98 123 124 99)
4(118 119 124 123)
4(95 100 125 120)
4(4 10 125 100)
4(9 120 125 10)
4(96 101 126 121)
4(100 125 126 101)
4(120 121 126 125)
4(97 102 127 122)
4(101 126 127 102)
4(121 122 127 126)
4(98 103 128 123)
4(102 127 128 103)
4(122 123 128 127)
4(103 128 129 104)
4(123 124 129 128)
4(100 21 26 125)
4(10 125 26 11)
4(101 22 27 126)
4(125 126 27 26)
4(102 23 28 127)
4(126 127 28 27)
4(103 24 29 128)
4(127 128 29 28)
4(128 129 30 29)
4(105 110 41 36)
4(7 13 41 110)
4(106 111 42 37)
4(110 41 42 111)
4(107 112 43 38)
4(111 42 43 112)
4(108 113 44 39)
4(112 43 44 113)
4(113 44 45 114)
4(110 115 46 41)
4(8 14 46 115)
4(111 116 47 42)
4(115 46 47 116)
4(112 117 48 43)
4(116 47 48 117)
4(113 118 49 44)
4(117 48 49 118)
4(118 49 50 119)
4(115 120 51 46)
4(9 15 51 120)
4(116 121 52 47)
4(120 51 52 121)
4(117 122 53 48)
4(121 52 53 122)
4(118 123 54 49)
4(122 53 54 123)
4(123 54 55 124)
4(120 125 56 51)
4(10 16 56 125)
4(121 126 57 52)
4(125 56 57 126)
4(122 127 58 53)
4(126 57 58 127)
4(123 128 59 54)
4(127 58 59 128)
4(128 59 60 129)
4(125 26 31 56)
4(126 27 32 57)
4(127 28 33 58)
4(128 29 34 59)
4(0 6 7 1)
4(1 7 8 2)
4(2 8 9 3)
4(3 9 10 4)
4(4 10 11 5)
4(6 12 13 7)
4(7 13 14 8)
4(8 14 15 9)
4(9 15 16 10)
4(10 16 17 11)
4(18 23 24 19)
4(19 24 25 20)
4(5 11 26 21)
4(21 26 27 22)
4(22 27 28 23)
4(23 28 29 24)
4(24 29 30 25)
4(11 17 31 26)
4(26 31 32 27)
4(27 32 33 28)
4(28 33 34 29)
4(29 34 35 30)
4(12 36 41 13)
4(36 37 42 41)
4(37 38 43 42)
4(38 39 44 43)
4(39 40 45 44)
4(13 41 46 14)
4(41 42 47 46)
4(42 43 48 47)
4(43 44 49 48)
4(44 45 50 49)
4(14 46 51 15)
4(46 47 52 51)
4(47 48 53 52)
4(48 49 54 53)
4(49 50 55 54)
4(15 51 56 16)
4(51 52 57 56)
4(52 53 58 57)
4(53 54 59 58)
4(54 55 60 59)
4(16 56 31 17)
4(56 57 32 31)
4(57 58 33 32)
4(58 59 34 33)
4(59 60 35 34)
4(76 79 104 99)
4(79 20 25 104)
4(99 104 129 124)
4(104 25 30 129)
4(124 129 60 55)
4(129 30 35 60)
4(64 68 89 84)
4(68 72 94 89)
4(72 76 99 94)
4(84 89 114 109)
4(89 94 119 114)
4(94 99 124 119)
4(109 114 45 40)
4(114 119 50 45)
4(119 124 55 50)
4(61 62 82 81)
4(62 63 83 82)
4(63 64 84 83)
4(81 82 107 106)
4(82 83 108 107)
4(83 84 109 108)
4(106 107 38 37)
4(107 108 39 38)
4(108 109 40 39)
4(0 80 105 6)
4(80 81 106 105)
4(6 105 36 12)
4(105 106 37 36)
4(61 65 66 62)
4(62 66 67 63)
4(63 67 68 64)
4(65 69 70 66)
4(66 70 71 67)
4(67 71 72 68)
4(69 73 74 70)
4(70 74 75 71)
4(71 75 76 72)
4(74 77 78 75)
4(75 78 79 76)
4(77 18 19 78)
4(78 19 20 79)
4(0 1 85 80)
4(61 81 86 65)
4(80 85 86 81)
4(1 2 90 85)
4(65 86 91 69)
4(85 90 91 86)
4(2 3 95 90)
4(69 91 96 73)
4(90 95 96 91)
4(73 96 97 74)
4(3 4 100 95)
4(95 100 101 96)
4(74 97 102 77)
4(96 101 102 97)
4(4 5 21 100)
4(100 21 22 101)
4(77 102 23 18)
4(101 22 23 102)
)


// ************************************************************************* //
