/*--------------------------------*- C++ -*----------------------------------*\
| =========                 |                                                 |
| \\      /  F ield         | OpenFOAM: The Open Source CFD Toolbox           |
|  \\    /   O peration     | Version:  2412                                  |
|   \\  /    A nd           | Website:  www.openfoam.com                      |
|    \\/     M anipulation  |                                                 |
\*---------------------------------------------------------------------------*/
FoamFile
{
    version     2.0;
    format      ascii;
    arch        "LSB;label=32;scalar=64";
    class       vectorField;
    location    "constant/solid/polyMesh";
    object      points;
}
// * * * * * * * * * * * * * * * * * * * * * * * * * * * * * * * * * * * * * //


130
(
(0.08 0.06 0.016)
(0.08 0.062 0.016)
(0.08 0.064 0.016)
(0.08 0.066 0.016)
(0.08 0.068 0.016)
(0.08 0.07 0.016)
(0.08 0.06 0.018)
(0.08 0.062 0.018)
(0.08 0.064 0.018)
(0.08 0.066 0.018)
(0.08 0.068 0.018)
(0.08 0.07 0.018)
(0.08 0.06 0.02)
(0.08 0.062 0.02)
(0.08 0.064 0.02)
(0.08 0.066 0.02)
(0.08 0.068 0.02)
(0.08 0.07 0.02)
(0.086 0.07 0.014)
(0.088 0.07 0.014)
(0.09 0.07 0.014)
(0.082 0.07 0.016)
(0.084 0.07 0.016)
(0.086 0.07 0.016)
(0.088 0.07 0.016)
(0.09 0.07 0.016)
(0.082 0.07 0.018)
(0.084 0.07 0.018)
(0.086 0.07 0.018)
(0.088 0.07 0.018)
(0.09 0.07 0.018)
(0.082 0.07 0.02)
(0.084 0.07 0.02)
(0.086 0.07 0.02)
(0.088 0.07 0.02)
(0.09 0.07 0.02)
(0.082 0.06 0.02)
(0.084 0.06 0.02)
(0.086 0.06 0.02)
(0.088 0.06 0.02)
(0.09 0.06 0.02)
(0.082 0.062 0.02)
(0.084 0.062 0.02)
(0.086 0.062 0.02)
(0.088 0.062 0.02)
(0.09 0.062 0.02)
(0.082 0.064 0.02)
(0.084 0.064 0.02)
(0.086 0.064 0.02)
(0.088 0.064 0.02)
(0.09 0.064 0.02)
(0.082 0.066 0.02)
(0.084 0.066 0.02)
(0.086 0.066 0.02)
(0.088 0.066 0.02)
(0.09 0.066 0.02)
(0.082 0.068 0.02)
(0.084 0.068 0.02)
(0.086 0.068 0.02)
(0.088 0.068 0.02)
(0.09 0.068 0.02)
(0.084 0.06 0.014)
(0.086 0.06 0.014)
(0.088 0.06 0.014)
(0.09 0.06 0.014)
(0.084 0.062 0.014)
(0.086 0.062 0.014)
(0.088 0.062 0.014)
(0.09 0.062 0.014)
(0.084 0.064 0.014)
(0.086 0.064 0.014)
(0.088 0.064 0.014)
(0.09 0.064 0.014)
(0.084 0.066 0.014)
(0.086 0.066 0.014)
(0.088 0.066 0.014)
(0.09 0.066 0.014)
(0.086 0.068 0.014)
(0.088 0.068 0.014)
(0.09 0.068 0.014)
(0.082 0.06 0.016)
(0.084 0.06 0.016)
(0.086 0.06 0.016)
(0.088 0.06 0.016)
(0.09 0.06 0.016)
(0.082 0.062 0.016)
(0.084 0.062 0.016)
(0.086 0.062 0.016)
(0.088 0.062 0.016)
(0.09 0.062 0.016)
(0.082 0.064 0.016)
(0.084 0.064 0.016)
(0.086 0.064 0.016)
(0.088 0.064 0.016)
(0.09 0.064 0.016)
(0.082 0.066 0.016)
(0.084 0.066 0.016)
(0.086 0.066 0.016)
(0.088 0.066 0.016)
(0.09 0.066 0.016)
(0.082 0.068 0.016)
(0.084 0.068 0.016)
(0.086 0.068 0.016)
(0.088 0.068 0.016)
(0.09 0.068 0.016)
(0.082 0.06 0.018)
(0.084 0.06 0.018)
(0.086 0.06 0.018)
(0.088 0.06 0.018)
(0.09 0.06 0.018)
(0.082 0.062 0.018)
(0.084 0.062 0.018)
(0.086 0.062 0.018)
(0.088 0.062 0.018)
(0.09 0.062 0.018)
(0.082 0.064 0.018)
(0.084 0.064 0.018)
(0.086 0.064 0.018)
(0.088 0.064 0.018)
(0.09 0.064 0.018)
(0.082 0.066 0.018)
(0.084 0.066 0.018)
(0.086 0.066 0.018)
(0.088 0.066 0.018)
(0.09 0.066 0.018)
(0.082 0.068 0.018)
(0.084 0.068 0.018)
(0.086 0.068 0.018)
(0.088 0.068 0.018)
(0.09 0.068 0.018)
)


// ************************************************************************* //
