/*--------------------------------*- C++ -*----------------------------------*\
| =========                 |                                                 |
| \\      /  F ield         | OpenFOAM: The Open Source CFD Toolbox           |
|  \\    /   O peration     | Version:  2412                                  |
|   \\  /    A nd           | Website:  www.openfoam.com                      |
|    \\/     M anipulation  |                                                 |
\*---------------------------------------------------------------------------*/
FoamFile
{
    version     2.0;
    format      ascii;
    arch        "LSB;label=32;scalar=64";
    class       volScalarField;
    location    "3.8/solid";
    object      T;
}
// * * * * * * * * * * * * * * * * * * * * * * * * * * * * * * * * * * * * * //

dimensions      [0 0 0 1 0 0 0];

internalField   nonuniform List<scalar> 
1000
(
352.129
352.138
352.143
352.146
352.148
352.148
352.148
352.147
352.145
352.142
352.135
352.142
352.146
352.148
352.15
352.15
352.15
352.15
352.148
352.145
352.138
352.144
352.147
352.149
352.15
352.151
352.151
352.151
352.149
352.146
352.139
352.145
352.148
352.15
352.151
352.152
352.152
352.151
352.15
352.147
352.14
352.145
352.148
352.15
352.151
352.152
352.152
352.151
352.15
352.147
352.14
352.145
352.148
352.15
352.151
352.152
352.152
352.151
352.15
352.147
352.139
352.145
352.148
352.15
352.151
352.152
352.152
352.151
352.15
352.147
352.138
352.144
352.147
352.149
352.151
352.151
352.151
352.151
352.149
352.147
352.135
352.142
352.146
352.148
352.15
352.15
352.15
352.15
352.148
352.145
352.129
352.138
352.143
352.146
352.147
352.148
352.148
352.147
352.145
352.142
350.425
350.444
350.456
350.464
350.468
350.47
350.47
350.468
350.463
350.456
350.436
350.451
350.461
350.467
350.471
350.473
350.473
350.472
350.468
350.461
350.443
350.455
350.464
350.469
350.473
350.475
350.475
350.474
350.47
350.464
350.447
350.458
350.466
350.471
350.474
350.476
350.476
350.475
350.472
350.465
350.448
350.459
350.467
350.472
350.475
350.476
350.477
350.476
350.472
350.466
350.448
350.459
350.467
350.472
350.475
350.476
350.477
350.476
350.472
350.466
350.447
350.458
350.466
350.471
350.474
350.476
350.476
350.475
350.472
350.466
350.443
350.455
350.464
350.469
350.473
350.475
350.475
350.474
350.47
350.465
350.436
350.451
350.461
350.467
350.471
350.473
350.473
350.472
350.468
350.462
350.425
350.444
350.456
350.464
350.468
350.47
350.47
350.468
350.463
350.457
348.796
348.819
348.836
348.847
348.853
348.856
348.856
348.853
348.848
348.838
348.809
348.827
348.841
348.85
348.856
348.859
348.86
348.858
348.853
348.844
348.817
348.833
348.845
348.853
348.859
348.862
348.862
348.86
348.856
348.847
348.822
348.837
348.848
348.855
348.86
348.863
348.864
348.863
348.858
348.85
348.824
348.838
348.849
348.856
348.861
348.864
348.865
348.863
348.859
348.851
348.824
348.838
348.848
348.856
348.861
348.864
348.865
348.863
348.859
348.851
348.822
348.837
348.847
348.855
348.86
348.863
348.864
348.862
348.858
348.85
348.817
348.833
348.845
348.853
348.858
348.861
348.862
348.86
348.856
348.848
348.809
348.827
348.841
348.85
348.856
348.859
348.86
348.858
348.853
348.845
348.796
348.819
348.835
348.846
348.852
348.855
348.856
348.853
348.848
348.839
347.276
347.301
347.32
347.333
347.341
347.345
347.346
347.343
347.337
347.326
347.29
347.31
347.326
347.337
347.344
347.349
347.35
347.348
347.342
347.332
347.298
347.316
347.33
347.34
347.347
347.351
347.352
347.351
347.346
347.337
347.304
347.32
347.333
347.343
347.349
347.353
347.354
347.353
347.348
347.34
347.306
347.322
347.335
347.344
347.35
347.354
347.355
347.354
347.349
347.341
347.306
347.322
347.335
347.344
347.35
347.354
347.355
347.354
347.349
347.341
347.304
347.321
347.333
347.343
347.349
347.353
347.354
347.353
347.348
347.34
347.299
347.317
347.33
347.34
347.347
347.351
347.352
347.35
347.346
347.338
347.29
347.31
347.326
347.337
347.344
347.348
347.349
347.347
347.342
347.333
347.276
347.302
347.32
347.333
347.34
347.344
347.345
347.343
347.337
347.327
345.9
345.926
345.946
345.959
345.968
345.974
345.975
345.973
345.967
345.956
345.913
345.934
345.951
345.964
345.972
345.977
345.979
345.978
345.972
345.963
345.922
345.941
345.956
345.967
345.975
345.98
345.982
345.981
345.976
345.968
345.928
345.945
345.959
345.97
345.977
345.982
345.984
345.983
345.979
345.971
345.93
345.947
345.961
345.971
345.978
345.983
345.985
345.984
345.98
345.973
345.931
345.947
345.961
345.971
345.978
345.983
345.985
345.984
345.98
345.973
345.928
345.946
345.96
345.97
345.977
345.982
345.984
345.983
345.979
345.972
345.923
345.941
345.956
345.968
345.975
345.98
345.982
345.981
345.976
345.968
345.914
345.935
345.952
345.964
345.972
345.977
345.979
345.977
345.972
345.964
345.9
345.926
345.946
345.959
345.968
345.973
345.975
345.973
345.967
345.957
344.699
344.725
344.745
344.76
344.77
344.776
344.778
344.777
344.771
344.762
344.713
344.733
344.751
344.764
344.774
344.78
344.783
344.781
344.777
344.768
344.722
344.74
344.755
344.768
344.777
344.783
344.786
344.785
344.781
344.773
344.727
344.744
344.759
344.771
344.779
344.785
344.788
344.787
344.784
344.777
344.729
344.746
344.76
344.772
344.78
344.786
344.788
344.788
344.785
344.778
344.73
344.746
344.761
344.772
344.78
344.786
344.789
344.788
344.785
344.778
344.727
344.745
344.759
344.771
344.779
344.785
344.788
344.787
344.784
344.777
344.722
344.741
344.756
344.768
344.777
344.782
344.785
344.784
344.781
344.774
344.713
344.734
344.751
344.765
344.774
344.779
344.782
344.781
344.777
344.769
344.699
344.725
344.745
344.76
344.769
344.775
344.778
344.777
344.772
344.762
343.7
343.726
343.747
343.763
343.774
343.781
343.784
343.783
343.778
343.77
343.714
343.735
343.753
343.768
343.778
343.785
343.788
343.787
343.784
343.776
343.723
343.742
343.758
343.772
343.782
343.788
343.791
343.791
343.788
343.781
343.729
343.746
343.761
343.774
343.784
343.79
343.793
343.793
343.791
343.785
343.731
343.748
343.763
343.775
343.785
343.791
343.794
343.794
343.792
343.786
343.731
343.748
343.763
343.775
343.784
343.791
343.794
343.795
343.792
343.787
343.729
343.746
343.762
343.774
343.783
343.79
343.794
343.794
343.791
343.785
343.723
343.742
343.758
343.771
343.781
343.787
343.791
343.791
343.787
343.782
343.714
343.735
343.753
343.767
343.777
343.784
343.787
343.787
343.784
343.777
343.7
343.726
343.747
343.762
343.773
343.78
343.783
343.783
343.779
343.77
342.926
342.953
342.975
342.992
343.004
343.011
343.015
343.014
343.01
343.003
342.94
342.962
342.981
342.996
343.008
343.016
343.02
343.019
343.016
343.009
342.949
342.969
342.986
343.001
343.012
343.019
343.023
343.022
343.02
343.014
342.955
342.973
342.989
343.004
343.014
343.021
343.025
343.025
343.023
343.018
342.957
342.975
342.991
343.005
343.015
343.022
343.026
343.026
343.024
343.019
342.956
342.974
342.991
343.005
343.014
343.022
343.026
343.027
343.024
343.02
342.954
342.973
342.989
343.003
343.013
343.021
343.025
343.025
343.023
343.018
342.948
342.968
342.986
343
343.011
343.018
343.022
343.022
343.02
343.015
342.939
342.961
342.98
342.996
343.007
343.014
343.019
343.019
343.016
343.01
342.925
342.952
342.974
342.991
343.002
343.01
343.015
343.015
343.011
343.004
342.394
342.422
342.446
342.464
342.477
342.486
342.49
342.49
342.486
342.479
342.408
342.432
342.452
342.47
342.482
342.49
342.495
342.495
342.492
342.486
342.418
342.439
342.458
342.475
342.486
342.494
342.498
342.498
342.496
342.491
342.424
342.444
342.462
342.478
342.489
342.496
342.5
342.501
342.499
342.494
342.426
342.446
342.464
342.479
342.49
342.497
342.501
342.502
342.501
342.496
342.425
342.446
342.464
342.479
342.49
342.497
342.502
342.502
342.501
342.496
342.423
342.444
342.463
342.478
342.489
342.496
342.5
342.501
342.499
342.494
342.417
342.439
342.459
342.475
342.486
342.493
342.497
342.498
342.496
342.491
342.407
342.431
342.453
342.47
342.482
342.489
342.494
342.495
342.492
342.486
342.393
342.421
342.445
342.464
342.477
342.485
342.489
342.49
342.486
342.48
342.115
342.145
342.173
342.193
342.207
342.217
342.221
342.221
342.217
342.211
342.13
342.158
342.181
342.2
342.214
342.222
342.227
342.227
342.223
342.217
342.14
342.166
342.188
342.206
342.218
342.226
342.231
342.231
342.228
342.222
342.146
342.172
342.192
342.209
342.221
342.229
342.233
342.233
342.232
342.226
342.149
342.174
342.194
342.21
342.222
342.229
342.234
342.235
342.233
342.228
342.149
342.174
342.195
342.211
342.222
342.23
342.234
342.235
342.233
342.228
342.146
342.172
342.193
342.21
342.221
342.229
342.233
342.234
342.231
342.226
342.14
342.167
342.189
342.206
342.218
342.225
342.23
342.23
342.228
342.222
342.129
342.157
342.182
342.201
342.213
342.221
342.226
342.226
342.224
342.218
342.114
342.145
342.173
342.194
342.207
342.216
342.22
342.221
342.217
342.211
)
;

boundaryField
{
    bodyBottom
    {
        type            fixedValue;
        value           uniform 353;
    }
    solid_to_fluid
    {
        type            compressible::turbulentTemperatureCoupledBaffleMixed;
        refValue        nonuniform List<scalar> 
500
(
322.866
327.446
329.434
330.589
331.163
331.158
330.582
329.427
327.439
322.843
312.138
316.832
320.699
322.768
323.676
323.67
322.754
320.684
316.816
312.119
307.303
310.883
313.905
315.514
316.22
316.212
315.504
313.895
310.873
307.289
306.001
309.177
311.789
313.118
313.685
313.679
313.11
311.781
309.169
305.991
305.576
308.633
311.103
312.328
312.85
312.844
312.321
311.096
308.626
305.566
305.533
308.599
311.076
312.286
312.804
312.798
312.28
311.07
308.592
305.524
305.436
308.456
310.921
312.104
312.608
312.602
312.098
310.914
308.449
305.426
304.894
307.692
310.002
311.085
311.535
311.529
311.078
309.995
307.684
304.884
303.599
305.927
307.882
308.787
309.158
309.152
308.78
307.875
305.919
303.589
301.945
303.641
305.094
305.744
305.998
305.994
305.738
305.087
303.634
301.937
323.83
337.645
340.457
343.285
341.962
341.517
340.44
339.202
337.921
336.929
315.139
336.721
341.108
343.193
342.595
342.049
340.877
339.416
337.95
336.107
310.838
333.441
339.895
341.725
341.271
340.915
339.88
338.566
337.02
333.168
309.468
332.196
338.447
339.873
339.597
339.595
338.681
337.65
336.057
330.838
308.903
331.263
336.813
338.064
337.757
337.986
337.211
336.496
334.974
329.683
308.71
330.478
335.539
336.703
336.391
336.666
335.993
335.451
334.096
329.19
308.507
329.422
334.597
335.632
335.377
335.598
334.976
334.404
333.339
329.103
308.002
327.936
334.131
335.133
335.002
334.942
334.404
333.692
332.694
329.307
306.977
324.888
333.314
334.364
334.559
334.194
333.817
333.145
331.68
329.316
305.474
317.314
329.102
332.224
332.111
332.836
332.64
331.417
330.122
328.005
340.556
340.687
340.186
339.827
339.802
340.293
340.835
341.453
342.023
341.619
332.477
333.155
332.463
331.737
331.497
332.527
333.627
334.865
335.724
334.821
325.343
326.068
325.586
325.189
325.475
326.242
326.881
327.927
328.773
327.912
322.932
323.94
324.037
324.551
326.021
326.61
326.449
326.612
326.762
325.513
322.91
324.129
324.49
325.55
327.701
328.343
327.837
327.424
327.021
325.331
323.257
324.53
325.027
326.614
329.124
329.978
329.391
328.583
327.725
325.702
323.994
325.223
325.726
327.632
330.203
331.287
330.828
329.864
328.722
326.5
325.179
326.238
326.575
328.452
330.851
332.081
331.864
331
329.844
327.637
326.809
327.421
327.281
328.69
330.758
332.033
332.09
331.546
330.733
328.889
327.972
327.69
326.665
327.363
329.034
330.301
330.609
330.495
330.314
329.253
323.868
337.691
340.521
343.312
341.997
341.459
340.296
338.989
337.673
336.661
315.176
336.787
341.163
343.189
342.576
341.942
340.656
339.103
337.525
335.331
310.867
333.501
339.927
341.72
341.247
340.831
339.66
338.202
336.445
331.824
309.492
332.263
338.51
339.913
339.605
339.536
338.523
337.334
335.478
329.359
308.925
331.343
336.916
338.179
337.845
337.984
337.126
336.27
334.473
328.387
308.732
330.572
335.676
336.858
336.528
336.722
335.977
335.315
333.725
328.09
308.529
329.522
334.741
335.794
335.529
335.703
335.006
334.346
333.098
328.186
308.023
328.026
334.251
335.286
335.145
335.049
334.448
333.68
332.551
328.604
306.997
324.98
333.427
334.518
334.726
334.358
333.901
333.085
331.516
328.923
305.494
317.401
329.261
332.37
332.275
333.026
332.822
331.606
330.207
327.972
305.594
317.844
328.258
330.401
330.802
331.54
331.779
331.244
330.039
327.548
307.2
326.214
333.458
334.964
334.935
334.971
334.766
334.018
332.402
329.49
308.341
329.627
334.895
336.466
336.416
336.153
335.685
334.864
333.303
330.299
308.891
330.838
334.222
335.745
336.038
336.06
335.785
335.21
334.269
330.942
309.128
331.686
333.716
335.061
335.591
335.792
335.758
335.569
335.15
332.074
309.118
331.641
333.906
335.278
335.764
335.883
335.835
335.662
335.341
332.832
308.881
330.941
334.592
336.143
336.301
336.245
335.87
335.228
334.493
332.391
308.328
329.637
335.054
336.557
336.462
336.161
335.658
334.852
333.391
331.414
307.187
326.128
333.395
334.844
334.837
334.865
334.671
333.98
332.454
329.825
305.581
317.809
328.211
330.344
330.68
331.391
331.607
331.093
329.989
327.741
)
;
        refGradient     uniform 0;
        valueFraction   nonuniform List<scalar> 
500
(
0.000301416
0.000301416
0.000301416
0.000301416
0.000301416
0.000301416
0.000301416
0.000301416
0.000301416
0.000301416
0.000301416
0.000301416
0.000301416
0.000301416
0.000301416
0.000301416
0.000301416
0.000301416
0.000301416
0.000301416
0.000301416
0.000301416
0.000301416
0.000301416
0.000301416
0.000301416
0.000301416
0.000301416
0.000301416
0.000301416
0.000301416
0.000301416
0.000301416
0.000301416
0.000301416
0.000301416
0.000301416
0.000301416
0.000301416
0.000301416
0.000301416
0.000301416
0.000301416
0.000301416
0.000301416
0.000301416
0.000301416
0.000301416
0.000301416
0.000301416
0.000301416
0.000301416
0.000301416
0.000301416
0.000301416
0.000301416
0.000301416
0.000301416
0.000301416
0.000301416
0.000301416
0.000301416
0.000301416
0.000301416
0.000301416
0.000301416
0.000301416
0.000301416
0.000301416
0.000301416
0.000301416
0.000301416
0.000301416
0.000301416
0.000301416
0.000301416
0.000301416
0.000301416
0.000301416
0.000301416
0.000301416
0.000301416
0.000301416
0.000301416
0.000301416
0.000301416
0.000301416
0.000301416
0.000301416
0.000301416
0.000301416
0.000301416
0.000301416
0.000301416
0.000301416
0.000301416
0.000301416
0.000301416
0.000301416
0.000301416
0.000302436
0.000302436
0.000302436
0.000302436
0.000302436
0.000302436
0.000302436
0.000302436
0.000302436
0.000302436
0.000302436
0.000302436
0.000302436
0.000302436
0.000302436
0.000302436
0.000302436
0.000302436
0.000302436
0.000302436
0.000302436
0.000302436
0.000302436
0.000302436
0.000302436
0.000302436
0.000302436
0.000302436
0.000302436
0.000302436
0.000302436
0.000302436
0.000302436
0.000302436
0.000302436
0.000302436
0.000302436
0.000302436
0.000302436
0.000302436
0.000302436
0.000302436
0.000302436
0.000302436
0.000302436
0.000302436
0.000302436
0.000302436
0.000302436
0.000302436
0.000302436
0.000302436
0.000302436
0.000302436
0.000302436
0.000302436
0.000302436
0.000302436
0.000302436
0.000302436
0.000302436
0.000302436
0.000302436
0.000302436
0.000302436
0.000302436
0.000302436
0.000302436
0.000302436
0.000302436
0.000302436
0.000302436
0.000302436
0.000302436
0.000302436
0.000302436
0.000302436
0.000302436
0.000302436
0.000302436
0.000302436
0.000302436
0.000302436
0.000302436
0.000302436
0.000302436
0.000302436
0.000302436
0.000302436
0.000302436
0.000302436
0.000302436
0.000302436
0.000302436
0.000302436
0.000302436
0.000302436
0.000302436
0.000302436
0.000302436
0.000300478
0.000300478
0.000300478
0.000300478
0.000300478
0.000300478
0.000300478
0.000300478
0.000300478
0.000300478
0.000300478
0.000300478
0.000300478
0.000300478
0.000300478
0.000300478
0.000300478
0.000300478
0.000300478
0.000300478
0.000300478
0.000300478
0.000300478
0.000300478
0.000300478
0.000300478
0.000300478
0.000300478
0.000300478
0.000300478
0.000300478
0.000300478
0.000300478
0.000300478
0.000300478
0.000300478
0.000300478
0.000300478
0.000300478
0.000300478
0.000300478
0.000300478
0.000300478
0.000300478
0.000300478
0.000300478
0.000300478
0.000300478
0.000300478
0.000300478
0.000300478
0.000300478
0.000300478
0.000300478
0.000300478
0.000300478
0.000300478
0.000300478
0.000300478
0.000300478
0.000300478
0.000300478
0.000300478
0.000300478
0.000300478
0.000300478
0.000300478
0.000300478
0.000300478
0.000300478
0.000300478
0.000300478
0.000300478
0.000300478
0.000300478
0.000300478
0.000300478
0.000300478
0.000300478
0.000300478
0.000300478
0.000300478
0.000300478
0.000300478
0.000300478
0.000300478
0.000300478
0.000300478
0.000300478
0.000300478
0.000300478
0.000300478
0.000300478
0.000300478
0.000300478
0.000300478
0.000300478
0.000300478
0.000300478
0.000300478
0.000302436
0.000302436
0.000302436
0.000302436
0.000302436
0.000302436
0.000302436
0.000302436
0.000302436
0.000302436
0.000302436
0.000302436
0.000302436
0.000302436
0.000302436
0.000302436
0.000302436
0.000302436
0.000302436
0.000302436
0.000302436
0.000302436
0.000302436
0.000302436
0.000302436
0.000302436
0.000302436
0.000302436
0.000302436
0.000302436
0.000302436
0.000302436
0.000302436
0.000302436
0.000302436
0.000302436
0.000302436
0.000302436
0.000302436
0.000302436
0.000302436
0.000302436
0.000302436
0.000302436
0.000302436
0.000302436
0.000302436
0.000302436
0.000302436
0.000302436
0.000302436
0.000302436
0.000302436
0.000302436
0.000302436
0.000302436
0.000302436
0.000302436
0.000302436
0.000302436
0.000302436
0.000302436
0.000302436
0.000302436
0.000302436
0.000302436
0.000302436
0.000302436
0.000302436
0.000302436
0.000302436
0.000302436
0.000302436
0.000302436
0.000302436
0.000302436
0.000302436
0.000302436
0.000302436
0.000302436
0.000302436
0.000302436
0.000302436
0.000302436
0.000302436
0.000302436
0.000302436
0.000302436
0.000302436
0.000302436
0.000302436
0.000302436
0.000302436
0.000302436
0.000302436
0.000302436
0.000302436
0.000302436
0.000302436
0.000302436
0.000301115
0.000301115
0.000301115
0.000301115
0.000301115
0.000301115
0.000301115
0.000301115
0.000301115
0.000301115
0.000301115
0.000301115
0.000301115
0.000301115
0.000301115
0.000301115
0.000301115
0.000301115
0.000301115
0.000301115
0.000301115
0.000301115
0.000301115
0.000301115
0.000301115
0.000301115
0.000301115
0.000301115
0.000301115
0.000301115
0.000301115
0.000301115
0.000301115
0.000301115
0.000301115
0.000301115
0.000301115
0.000301115
0.000301115
0.000301115
0.000301115
0.000301115
0.000301115
0.000301115
0.000301115
0.000301115
0.000301115
0.000301115
0.000301115
0.000301115
0.000301115
0.000301115
0.000301115
0.000301115
0.000301115
0.000301115
0.000301115
0.000301115
0.000301115
0.000301115
0.000301115
0.000301115
0.000301115
0.000301115
0.000301115
0.000301115
0.000301115
0.000301115
0.000301115
0.000301115
0.000301115
0.000301115
0.000301115
0.000301115
0.000301115
0.000301115
0.000301115
0.000301115
0.000301115
0.000301115
0.000301115
0.000301115
0.000301115
0.000301115
0.000301115
0.000301115
0.000301115
0.000301115
0.000301115
0.000301115
0.000301115
0.000301115
0.000301115
0.000301115
0.000301115
0.000301115
0.000301115
0.000301115
0.000301115
0.000301115
)
;
        source          uniform 0;
        Tnbr            T;
        kappaMethod     solidThermo;
        value           nonuniform List<scalar> 
500
(
352.12
352.127
352.131
352.133
352.134
352.134
352.133
352.131
352.127
352.12
350.413
350.426
350.434
350.438
350.44
350.44
350.438
350.434
350.426
350.413
348.783
348.797
348.806
348.811
348.814
348.814
348.811
348.806
348.797
348.783
347.263
347.278
347.287
347.293
347.296
347.296
347.293
347.288
347.278
347.263
345.887
345.901
345.911
345.917
345.92
345.92
345.918
345.912
345.902
345.887
344.686
344.701
344.711
344.716
344.719
344.719
344.717
344.711
344.701
344.686
343.688
343.702
343.712
343.718
343.72
343.72
343.718
343.712
343.702
343.687
342.914
342.928
342.938
342.944
342.946
342.946
342.943
342.937
342.927
342.912
342.381
342.396
342.406
342.412
342.415
342.414
342.412
342.405
342.395
342.38
342.101
342.117
342.128
342.134
342.137
342.137
342.134
342.128
342.117
342.101
352.12
352.134
352.14
352.143
352.144
352.145
352.144
352.143
352.141
352.138
350.414
350.44
350.453
350.461
350.465
350.467
350.466
350.464
350.459
350.452
348.784
348.814
348.832
348.843
348.849
348.853
348.853
348.85
348.844
348.833
347.264
347.296
347.317
347.33
347.337
347.341
347.342
347.339
347.333
347.321
345.888
345.921
345.942
345.956
345.965
345.97
345.971
345.969
345.963
345.951
344.687
344.72
344.742
344.756
344.766
344.772
344.774
344.773
344.767
344.757
343.688
343.721
343.743
343.759
343.769
343.776
343.78
343.779
343.774
343.765
342.913
342.946
342.97
342.987
342.999
343.007
343.011
343.011
343.007
342.998
342.381
342.414
342.442
342.46
342.473
342.481
342.486
342.486
342.482
342.475
342.102
342.136
342.168
342.189
342.203
342.212
342.216
342.216
342.212
342.205
352.138
352.142
352.143
352.143
352.143
352.143
352.144
352.143
352.142
352.139
350.451
350.456
350.458
350.459
350.46
350.46
350.461
350.46
350.457
350.452
348.83
348.837
348.84
348.842
348.843
348.844
348.843
348.841
348.838
348.832
347.318
347.325
347.329
347.332
347.334
347.334
347.333
347.331
347.326
347.32
345.949
345.956
345.96
345.964
345.966
345.967
345.965
345.962
345.957
345.95
344.754
344.761
344.766
344.77
344.773
344.773
344.771
344.768
344.763
344.756
343.763
343.77
343.775
343.779
343.781
343.782
343.78
343.776
343.772
343.764
342.997
343.003
343.008
343.012
343.015
343.015
343.014
343.01
343.005
342.998
342.474
342.48
342.485
342.489
342.491
342.492
342.49
342.486
342.482
342.475
342.205
342.212
342.216
342.22
342.222
342.223
342.221
342.218
342.213
342.205
352.12
352.134
352.14
352.143
352.144
352.145
352.144
352.143
352.141
352.137
350.414
350.44
350.453
350.462
350.465
350.467
350.466
350.464
350.459
350.451
348.784
348.814
348.833
348.844
348.85
348.853
348.853
348.85
348.843
348.832
347.264
347.296
347.317
347.33
347.338
347.342
347.343
347.34
347.333
347.32
345.888
345.921
345.942
345.956
345.965
345.97
345.972
345.969
345.963
345.95
344.687
344.72
344.741
344.756
344.766
344.773
344.775
344.773
344.767
344.756
343.689
343.721
343.743
343.759
343.77
343.777
343.78
343.779
343.774
343.764
342.915
342.947
342.971
342.988
343
343.008
343.012
343.011
343.006
342.998
342.382
342.415
342.442
342.461
342.474
342.482
342.486
342.486
342.482
342.474
342.102
342.136
342.168
342.189
342.203
342.213
342.217
342.217
342.212
342.205
342.102
342.137
342.167
342.189
342.203
342.212
342.217
342.217
342.212
342.205
342.118
342.152
342.178
342.197
342.21
342.219
342.223
342.223
342.219
342.212
342.129
342.161
342.185
342.203
342.215
342.223
342.228
342.227
342.224
342.217
342.135
342.167
342.189
342.206
342.218
342.226
342.23
342.23
342.228
342.221
342.138
342.169
342.19
342.207
342.219
342.226
342.231
342.232
342.23
342.223
342.138
342.17
342.191
342.207
342.219
342.226
342.231
342.232
342.23
342.224
342.135
342.168
342.19
342.207
342.218
342.226
342.23
342.23
342.228
342.222
342.129
342.162
342.186
342.203
342.215
342.222
342.226
342.227
342.224
342.218
342.118
342.152
342.178
342.197
342.21
342.218
342.222
342.223
342.219
342.213
342.102
342.136
342.168
342.189
342.202
342.211
342.216
342.216
342.212
342.205
)
;
    }
}


// ************************************************************************* //
