/*--------------------------------*- C++ -*----------------------------------*\
| =========                 |                                                 |
| \\      /  F ield         | OpenFOAM: The Open Source CFD Toolbox           |
|  \\    /   O peration     | Version:  2412                                  |
|   \\  /    A nd           | Website:  www.openfoam.com                      |
|    \\/     M anipulation  |                                                 |
\*---------------------------------------------------------------------------*/
FoamFile
{
    version     2.0;
    format      ascii;
    arch        "LSB;label=32;scalar=64";
    class       volScalarField;
    location    "3.8/solid";
    object      wallHeatFlux;
}
// * * * * * * * * * * * * * * * * * * * * * * * * * * * * * * * * * * * * * //

dimensions      [1 0 -3 0 0 0 0];

internalField   uniform 0;

boundaryField
{
    bodyBottom
    {
        type            calculated;
        value           nonuniform List<scalar> 
100
(
178555
177325
176710
176505
176300
176300
176505
176710
177325
178555
176710
175890
175480
175275
175275
175275
175275
175480
175890
176710
175685
175070
174865
174660
174660
174660
174660
174865
175070
175685
175070
174660
174455
174250
174250
174250
174250
174455
174660
175070
174660
174250
174250
174045
174045
174045
174045
174045
174250
174865
174660
174250
174045
173840
173840
173840
173840
174045
174250
174660
174660
174250
174045
173840
173840
173840
173840
174045
174250
174660
174865
174250
174045
174045
174045
174045
174045
174045
174250
174865
175275
174660
174455
174250
174250
174250
174250
174455
174660
175275
175890
175275
175070
174865
174865
174865
174865
174865
175275
175890
)
;
    }
    solid_to_fluid
    {
        type            calculated;
        value           nonuniform List<scalar> 
500
(
-1845
-1640
-1435
-1230
-1230
-1230
-1230
-1435
-1640
-1845
-2460
-2050
-1845
-1845
-1640
-1640
-1845
-1845
-2050
-2460
-2665
-2460
-2255
-2255
-2050
-2050
-2255
-2255
-2460
-2665
-2665
-2460
-2255
-2255
-2050
-2050
-2255
-2255
-2460
-2665
-2665
-2460
-2255
-2255
-2050
-2255
-2050
-2255
-2460
-2665
-2665
-2460
-2255
-2255
-2050
-2255
-2050
-2255
-2460
-2665
-2460
-2460
-2255
-2255
-2255
-2255
-2255
-2255
-2460
-2665
-2460
-2460
-2255
-2255
-2255
-2050
-2255
-2255
-2460
-2665
-2665
-2460
-2460
-2460
-2255
-2255
-2255
-2460
-2460
-2665
-2870
-2665
-2460
-2460
-2460
-2460
-2460
-2460
-2460
-2665
-1845
-820
-615
-615
-615
-615
-820
-820
-820
-820
-2255
-820
-615
-615
-615
-615
-820
-820
-820
-1025
-2460
-1025
-615
-615
-615
-410
-615
-615
-820
-1230
-2460
-1230
-615
-615
-615
-615
-615
-820
-820
-1230
-2460
-1025
-820
-615
-615
-615
-820
-820
-820
-1230
-2460
-1025
-615
-820
-615
-615
-820
-820
-1025
-1025
-2460
-1025
-820
-615
-820
-820
-615
-820
-1025
-1025
-2460
-1230
-820
-820
-615
-615
-820
-820
-820
-1230
-2460
-1435
-615
-820
-820
-820
-615
-820
-820
-1025
-2460
-1845
-1025
-1025
-820
-820
-820
-1025
-1025
-1230
-820
-615
-615
-820
-820
-820
-615
-820
-615
-615
-1025
-1025
-1230
-1230
-1230
-1230
-1025
-1025
-1025
-1025
-1640
-1435
-1435
-1640
-1640
-1435
-1435
-1435
-1435
-1435
-1640
-1435
-1640
-1640
-1435
-1435
-1435
-1435
-1435
-1435
-1435
-1435
-1640
-1435
-1435
-1230
-1435
-1230
-1435
-1435
-1640
-1435
-1435
-1435
-1025
-1025
-1230
-1230
-1230
-1230
-1435
-1230
-1230
-1230
-1025
-1025
-1025
-1230
-1025
-1230
-1230
-1230
-1230
-1230
-820
-1025
-820
-1025
-1025
-1230
-1025
-1230
-1230
-1025
-1025
-820
-820
-1025
-820
-1025
-1230
-1025
-1230
-1230
-1230
-1025
-1025
-820
-1025
-1230
-1845
-820
-615
-615
-820
-615
-820
-820
-820
-1025
-2255
-820
-615
-410
-615
-615
-820
-820
-820
-1025
-2460
-1025
-615
-615
-615
-615
-615
-615
-1025
-1230
-2460
-1025
-615
-615
-615
-615
-615
-615
-820
-1230
-2460
-1025
-820
-615
-615
-820
-615
-820
-820
-1230
-2460
-1025
-820
-820
-820
-615
-615
-820
-820
-1230
-2255
-1025
-820
-820
-820
-820
-820
-820
-820
-1230
-2255
-1230
-820
-820
-820
-615
-615
-615
-820
-1025
-2460
-1435
-820
-615
-615
-820
-820
-820
-820
-1025
-2665
-1845
-1025
-820
-820
-820
-820
-820
-1025
-1230
-2665
-1640
-1230
-820
-820
-1025
-820
-820
-1025
-1230
-2460
-1230
-615
-615
-820
-615
-820
-820
-820
-1025
-2255
-1025
-615
-615
-615
-615
-615
-820
-820
-1025
-2255
-1025
-615
-615
-615
-615
-615
-615
-820
-1025
-2255
-1025
-820
-615
-615
-615
-615
-615
-615
-1025
-2255
-820
-820
-820
-615
-820
-615
-615
-615
-820
-2255
-820
-615
-615
-615
-615
-615
-820
-615
-820
-2255
-1025
-615
-615
-615
-615
-820
-615
-820
-820
-2255
-1025
-820
-820
-615
-615
-820
-615
-1025
-1025
-2460
-1845
-1025
-1025
-1025
-1025
-820
-1025
-1025
-1230
)
;
    }
}


// ************************************************************************* //
