/*--------------------------------*- C++ -*----------------------------------*\
| =========                 |                                                 |
| \\      /  F ield         | OpenFOAM: The Open Source CFD Toolbox           |
|  \\    /   O peration     | Version:  2412                                  |
|   \\  /    A nd           | Website:  www.openfoam.com                      |
|    \\/     M anipulation  |                                                 |
\*---------------------------------------------------------------------------*/
FoamFile
{
    version     2.0;
    format      ascii;
    arch        "LSB;label=32;scalar=64";
    class       volScalarField;
    location    "1.8/fluid";
    object      wallHeatFlux;
}
// * * * * * * * * * * * * * * * * * * * * * * * * * * * * * * * * * * * * * //

dimensions      [1 0 -3 0 0 0 0];

internalField   uniform 0;

boundaryField
{
    inlet
    {
        type            calculated;
        value           uniform 0;
    }
    outlet
    {
        type            calculated;
        value           uniform 0;
    }
    walls
    {
        type            calculated;
        value           uniform 0;
    }
    fluid_to_solid
    {
        type            calculated;
        value           nonuniform List<scalar> 
500
(
1832.26
1572.29
1460.17
1394.16
1361.59
1361.59
1394.16
1460.17
1572.29
1832.2
2219.99
1967.69
1759.88
1648.69
1600.23
1600.17
1648.63
1759.88
1967.62
2219.93
2245.95
2063.55
1909.89
1828.37
1792.89
1792.83
1828.31
1909.96
2063.61
2245.95
2088.03
1934.06
1807.54
1743.57
1716.43
1716.43
1743.57
1807.66
1934.12
2088.03
1905.63
1764.27
1650.05
1593.68
1569.88
1569.88
1593.74
1650.17
1764.27
1905.63
1737.14
1603.75
1495.96
1443.48
1421.36
1421.36
1443.55
1495.96
1603.75
1737.14
1596.46
1470.68
1367.64
1318.26
1297.43
1297.43
1318.26
1367.64
1470.62
1596.34
1507.39
1394.84
1301.45
1257.44
1239.33
1239.21
1257.38
1301.32
1394.72
1507.21
1482.92
1391.69
1314.37
1278.33
1263.5
1263.5
1278.27
1314.24
1391.56
1482.73
1508.14
1442.68
1385.94
1360.35
1350.28
1350.28
1360.35
1386
1442.62
1508.07
1765.1
912.844
737.271
559.837
641.639
668.989
737.271
816.654
900.75
979.017
2049.39
794.637
524.487
396.916
432.452
465.321
538.317
630.972
730.635
882.393
2061.67
827.011
460.794
352.697
375.953
395.861
457.073
536.828
642.693
925.247
1919.27
752.465
425.94
345.627
357.782
357.844
407.086
467.616
577.202
908.688
1753.75
677.609
412.792
347.053
361.751
353.069
391.272
431.149
531.991
834.949
1600.93
614.599
393.38
339.301
354.991
346.619
378
405.846
487.214
743.596
1471.44
576.83
372.418
332.727
346.371
339.797
368.945
394.249
448.328
654.352
1386.54
574.163
344.882
311.951
322.122
328.448
352.945
382.527
425.444
576.334
1356.21
651.996
345.13
313.935
314.68
334.153
351.022
379.426
435.429
528.332
1379.22
926.054
487.214
374.217
386.869
364.542
379.488
425.444
472.205
550.906
731.017
700.271
717.523
727.444
725.78
725.965
727.505
717.708
700.641
731.695
1050.81
990.176
1003.67
1020.98
1021.17
1021.48
1021.05
1003.79
990.731
1051.79
1268.62
1209.72
1212.06
1202.51
1164.37
1164.61
1202.38
1212
1210.09
1269.42
1214.58
1144.96
1113.41
1051.92
964.051
964.174
1051.67
1113.1
1145.14
1215.26
1066.95
985.986
934.044
845.624
734.221
734.283
845.316
933.612
986.109
1067.63
917.222
830.59
764.352
660.282
540.191
540.13
659.974
763.982
830.774
917.838
776.798
689.55
617.397
510.307
399.829
399.891
510.061
617.212
689.858
777.476
650.67
569.706
502.544
405.375
318.064
318.249
405.313
502.544
570.26
651.409
545.737
482.58
434.396
359.162
279.985
280.17
359.285
434.642
483.258
546.599
498.169
465.635
449.615
400.938
330.634
331.065
401.246
449.985
466.375
499.032
1765.16
912.906
737.395
559.899
641.701
668.989
737.271
816.592
900.688
978.707
2049.39
794.637
524.487
396.916
432.452
465.321
538.193
630.786
730.325
881.711
2061.73
827.073
460.732
352.573
375.829
395.737
456.825
536.58
642.197
924.255
1919.27
752.403
425.878
345.503
357.596
357.658
406.838
467.244
576.582
907.696
1753.68
677.547
412.73
346.867
361.503
352.821
391.024
430.839
531.433
834.081
1600.93
614.599
393.256
339.177
354.867
346.495
377.814
405.536
486.656
742.728
1471.56
576.83
372.356
332.665
346.309
339.673
368.697
393.939
447.832
653.608
1386.72
574.287
344.882
311.827
321.998
328.324
352.821
382.217
425.072
575.652
1356.4
652.12
345.068
313.811
314.556
334.029
350.712
378.93
434.871
527.712
1379.34
926.116
487.338
374.031
386.807
364.542
379.178
425.072
471.833
550.286
1373.81
921.391
549.241
460.634
449.705
425.191
419.634
438.405
476.318
560.108
1312.99
605.184
346.093
294.04
295.831
294.966
301.635
325.161
378.325
480.022
1269.15
469.34
280.517
226.489
230.687
240.999
258.165
286.26
338.004
419.942
1247.66
417.164
298.733
239.579
230.008
228.773
240.011
261.623
290.397
366.655
1237.85
370.359
320.283
266.933
245.507
234.763
234.639
239.27
246.742
307.069
1237.85
370.483
320.344
266.933
245.507
234.824
234.763
239.517
247.05
307.563
1247.66
417.349
298.733
239.394
229.885
228.711
240.073
261.808
290.706
367.21
1269.09
469.464
280.703
226.612
230.749
241.061
258.227
286.445
338.251
420.436
1312.93
605.307
346.463
294.41
296.078
295.09
301.697
325.408
378.634
480.455
1373.75
921.576
549.858
460.943
449.828
425.253
419.819
438.59
476.626
560.541
)
;
    }
}


// ************************************************************************* //
