/*--------------------------------*- C++ -*----------------------------------*\
| =========                 |                                                 |
| \\      /  F ield         | OpenFOAM: The Open Source CFD Toolbox           |
|  \\    /   O peration     | Version:  2412                                  |
|   \\  /    A nd           | Website:  www.openfoam.com                      |
|    \\/     M anipulation  |                                                 |
\*---------------------------------------------------------------------------*/
FoamFile
{
    version     2.0;
    format      ascii;
    arch        "LSB;label=32;scalar=64";
    class       volScalarField;
    location    "2.6/solid";
    object      T;
}
// * * * * * * * * * * * * * * * * * * * * * * * * * * * * * * * * * * * * * //

dimensions      [0 0 0 1 0 0 0];

internalField   nonuniform List<scalar> 
1000
(
351.413
351.423
351.428
351.43
351.432
351.432
351.432
351.431
351.429
351.426
351.42
351.426
351.43
351.432
351.433
351.434
351.434
351.433
351.432
351.429
351.422
351.428
351.431
351.433
351.434
351.435
351.435
351.434
351.433
351.43
351.424
351.429
351.432
351.434
351.435
351.435
351.435
351.435
351.434
351.431
351.424
351.429
351.432
351.434
351.435
351.435
351.435
351.435
351.434
351.431
351.424
351.429
351.432
351.434
351.435
351.435
351.435
351.435
351.434
351.431
351.424
351.429
351.432
351.434
351.435
351.435
351.435
351.435
351.434
351.431
351.422
351.428
351.431
351.433
351.434
351.435
351.435
351.434
351.433
351.43
351.42
351.426
351.43
351.432
351.433
351.434
351.434
351.433
351.432
351.429
351.413
351.423
351.427
351.43
351.431
351.432
351.432
351.431
351.429
351.426
348.298
348.316
348.327
348.334
348.337
348.339
348.339
348.337
348.333
348.326
348.308
348.322
348.331
348.337
348.34
348.342
348.342
348.34
348.337
348.331
348.314
348.326
348.334
348.339
348.342
348.343
348.344
348.342
348.339
348.333
348.318
348.329
348.336
348.34
348.343
348.344
348.345
348.344
348.341
348.335
348.319
348.329
348.336
348.341
348.343
348.345
348.345
348.344
348.341
348.335
348.319
348.329
348.336
348.34
348.343
348.345
348.345
348.344
348.341
348.335
348.317
348.328
348.335
348.34
348.343
348.344
348.345
348.344
348.341
348.335
348.314
348.326
348.334
348.339
348.342
348.343
348.344
348.342
348.339
348.333
348.308
348.322
348.331
348.337
348.34
348.342
348.342
348.341
348.337
348.331
348.297
348.316
348.327
348.334
348.337
348.339
348.339
348.337
348.333
348.326
345.309
345.331
345.346
345.355
345.36
345.363
345.363
345.361
345.355
345.346
345.321
345.338
345.35
345.358
345.363
345.366
345.366
345.364
345.36
345.352
345.328
345.343
345.353
345.36
345.365
345.367
345.368
345.366
345.363
345.355
345.333
345.346
345.356
345.362
345.366
345.369
345.37
345.368
345.365
345.357
345.334
345.347
345.357
345.363
345.367
345.369
345.37
345.369
345.365
345.358
345.334
345.347
345.356
345.363
345.366
345.369
345.37
345.369
345.365
345.358
345.332
345.346
345.355
345.362
345.366
345.369
345.37
345.368
345.365
345.357
345.328
345.343
345.353
345.36
345.365
345.367
345.368
345.366
345.362
345.355
345.321
345.338
345.35
345.358
345.363
345.366
345.366
345.364
345.36
345.352
345.309
345.33
345.345
345.354
345.359
345.362
345.363
345.361
345.355
345.346
342.516
342.539
342.555
342.566
342.572
342.576
342.577
342.574
342.569
342.559
342.528
342.546
342.56
342.57
342.575
342.579
342.58
342.578
342.573
342.565
342.535
342.551
342.563
342.572
342.577
342.581
342.582
342.58
342.576
342.568
342.54
342.555
342.566
342.574
342.579
342.582
342.583
342.582
342.579
342.571
342.542
342.556
342.567
342.574
342.579
342.582
342.584
342.583
342.579
342.572
342.542
342.556
342.567
342.574
342.579
342.582
342.584
342.583
342.579
342.572
342.541
342.555
342.566
342.574
342.579
342.582
342.583
342.582
342.579
342.571
342.536
342.552
342.564
342.572
342.577
342.58
342.581
342.58
342.576
342.568
342.529
342.547
342.56
342.569
342.575
342.578
342.58
342.578
342.573
342.565
342.516
342.539
342.555
342.566
342.572
342.575
342.577
342.574
342.569
342.559
339.984
340.006
340.023
340.035
340.042
340.046
340.048
340.046
340.04
340.031
339.995
340.013
340.028
340.038
340.045
340.049
340.051
340.049
340.044
340.037
340.003
340.018
340.031
340.04
340.047
340.051
340.053
340.051
340.048
340.041
340.007
340.022
340.033
340.042
340.048
340.052
340.054
340.053
340.05
340.044
340.009
340.023
340.035
340.043
340.049
340.052
340.055
340.054
340.051
340.045
340.009
340.024
340.035
340.043
340.049
340.052
340.055
340.054
340.051
340.045
340.008
340.023
340.034
340.043
340.048
340.052
340.054
340.054
340.05
340.044
340.004
340.02
340.032
340.041
340.047
340.05
340.052
340.051
340.048
340.041
339.996
340.014
340.028
340.038
340.045
340.049
340.05
340.049
340.045
340.037
339.984
340.007
340.023
340.035
340.041
340.045
340.047
340.046
340.04
340.031
337.773
337.795
337.811
337.823
337.831
337.836
337.839
337.837
337.832
337.825
337.785
337.802
337.816
337.827
337.835
337.84
337.842
337.84
337.837
337.831
337.792
337.807
337.819
337.83
337.837
337.842
337.844
337.843
337.841
337.835
337.796
337.81
337.822
337.832
337.838
337.843
337.845
337.845
337.843
337.838
337.797
337.811
337.823
337.832
337.838
337.843
337.845
337.846
337.844
337.839
337.798
337.812
337.823
337.832
337.838
337.843
337.846
337.846
337.844
337.839
337.797
337.811
337.823
337.832
337.838
337.843
337.846
337.845
337.842
337.837
337.792
337.808
337.821
337.831
337.837
337.841
337.843
337.843
337.84
337.834
337.785
337.803
337.817
337.828
337.834
337.839
337.841
337.841
337.837
337.831
337.773
337.795
337.812
337.824
337.831
337.836
337.838
337.838
337.833
337.825
335.937
335.958
335.974
335.986
335.995
336.001
336.004
336.002
335.999
335.992
335.948
335.965
335.979
335.99
335.999
336.004
336.007
336.006
336.003
335.998
335.955
335.97
335.982
335.993
336.001
336.006
336.009
336.009
336.007
336.003
335.959
335.972
335.984
335.995
336.002
336.007
336.01
336.011
336.01
336.006
335.96
335.973
335.985
335.995
336.002
336.007
336.01
336.011
336.01
336.006
335.96
335.974
335.985
335.995
336.002
336.007
336.011
336.012
336.01
336.006
335.959
335.973
335.985
335.995
336.001
336.007
336.011
336.011
336.009
336.004
335.954
335.97
335.983
335.993
336
336.005
336.008
336.008
336.006
336.001
335.947
335.965
335.979
335.99
335.997
336.003
336.006
336.006
336.004
335.998
335.936
335.957
335.974
335.986
335.994
336
336.004
336.004
336
335.993
334.516
334.537
334.554
334.567
334.576
334.583
334.586
334.585
334.582
334.577
334.527
334.544
334.559
334.571
334.58
334.586
334.589
334.588
334.587
334.583
334.534
334.549
334.562
334.574
334.582
334.588
334.591
334.591
334.591
334.587
334.538
334.552
334.564
334.576
334.584
334.589
334.593
334.593
334.593
334.59
334.538
334.552
334.565
334.576
334.584
334.589
334.593
334.594
334.593
334.59
334.538
334.552
334.565
334.576
334.583
334.589
334.593
334.594
334.593
334.59
334.536
334.551
334.564
334.575
334.583
334.589
334.593
334.594
334.592
334.588
334.532
334.548
334.561
334.573
334.581
334.587
334.591
334.591
334.589
334.585
334.525
334.543
334.557
334.57
334.578
334.584
334.588
334.589
334.588
334.583
334.514
334.535
334.553
334.566
334.575
334.582
334.586
334.586
334.584
334.578
333.545
333.566
333.585
333.599
333.609
333.616
333.62
333.619
333.616
333.612
333.556
333.574
333.589
333.603
333.613
333.619
333.623
333.623
333.621
333.618
333.563
333.579
333.593
333.607
333.616
333.622
333.626
333.625
333.625
333.622
333.567
333.583
333.597
333.609
333.617
333.623
333.627
333.627
333.628
333.625
333.568
333.583
333.597
333.609
333.617
333.623
333.627
333.628
333.628
333.625
333.567
333.583
333.598
333.609
333.617
333.623
333.627
333.629
333.628
333.625
333.566
333.583
333.598
333.609
333.617
333.623
333.627
333.628
333.627
333.623
333.562
333.579
333.595
333.607
333.615
333.621
333.624
333.625
333.624
333.62
333.554
333.573
333.59
333.604
333.612
333.618
333.622
333.624
333.622
333.618
333.542
333.565
333.585
333.599
333.609
333.615
333.62
333.621
333.618
333.613
333.045
333.069
333.09
333.106
333.116
333.124
333.128
333.127
333.125
333.12
333.057
333.078
333.096
333.111
333.121
333.128
333.132
333.132
333.13
333.126
333.065
333.085
333.101
333.116
333.125
333.131
333.135
333.135
333.134
333.131
333.069
333.088
333.105
333.118
333.127
333.133
333.136
333.137
333.137
333.134
333.07
333.089
333.105
333.118
333.126
333.132
333.136
333.138
333.138
333.134
333.07
333.09
333.106
333.118
333.126
333.132
333.137
333.138
333.137
333.134
333.069
333.089
333.106
333.119
333.127
333.132
333.137
333.137
333.136
333.132
333.064
333.086
333.103
333.116
333.125
333.13
333.134
333.135
333.134
333.129
333.056
333.079
333.098
333.112
333.121
333.127
333.131
333.133
333.131
333.127
333.044
333.069
333.091
333.107
333.117
333.123
333.128
333.129
333.127
333.122
)
;

boundaryField
{
    bodyBottom
    {
        type            fixedValue;
        value           uniform 353;
    }
    solid_to_fluid
    {
        type            compressible::turbulentTemperatureCoupledBaffleMixed;
        refValue        nonuniform List<scalar> 
500
(
321.967
326.376
328.283
329.396
329.949
329.948
329.396
328.283
326.376
321.967
311.125
315.536
319.166
321.109
321.958
321.958
321.109
319.166
315.537
311.126
306.246
309.535
312.306
313.779
314.422
314.422
313.779
312.306
309.535
306.247
304.776
307.633
309.979
311.171
311.677
311.677
311.171
309.98
307.634
304.776
304.141
306.838
309.015
310.092
310.549
310.549
310.092
309.015
306.838
304.141
303.83
306.47
308.601
309.639
310.08
310.08
309.639
308.601
306.47
303.831
303.546
306.102
308.189
309.19
309.613
309.613
309.19
308.189
306.102
303.546
302.93
305.267
307.199
308.105
308.48
308.48
308.105
307.199
305.267
302.93
301.745
303.672
305.295
306.047
306.354
306.354
306.047
305.294
303.672
301.745
300.33
301.728
302.929
303.468
303.679
303.679
303.468
302.929
301.728
300.331
323.052
336.846
339.675
342.505
341.193
340.725
339.618
338.347
337.022
335.898
314.083
335.061
339.429
341.48
340.893
340.335
339.13
337.638
336.08
333.862
309.586
330.954
337.135
338.911
338.492
338.141
337.092
335.759
334.083
329.661
307.956
328.875
334.649
336.003
335.756
335.745
334.858
333.816
332.068
326.469
307.112
327.145
332.085
333.248
332.961
333.12
332.398
331.68
330.002
324.616
306.598
325.639
329.984
331.012
330.715
330.895
330.28
329.744
328.304
323.488
306.167
324.06
328.33
329.173
328.923
329.074
328.496
327.971
326.914
322.834
305.535
322.282
327.273
328.046
327.886
327.79
327.295
326.67
325.751
322.572
304.537
319.395
326.161
326.944
327.029
326.673
326.305
325.675
324.434
322.36
303.218
312.947
322.538
325.032
324.861
325.41
325.169
324.167
323.081
321.311
340.026
340.43
340.022
339.685
339.553
339.524
339.635
339.963
340.376
339.994
331.465
332.367
331.857
331.206
330.876
330.81
331.11
331.745
332.262
331.384
323.912
324.795
324.442
324.18
324.444
324.389
324.092
324.335
324.689
323.826
320.99
322.135
322.406
323.084
324.327
324.277
322.973
322.28
322.022
320.906
320.217
321.626
322.283
323.499
325.258
325.203
323.356
322.132
321.509
320.141
319.944
321.513
322.467
324.062
326.112
326.049
323.885
322.284
321.384
319.869
320.092
321.725
322.84
324.596
326.682
326.607
324.4
322.635
321.588
320.019
320.649
322.203
323.27
324.934
326.743
326.671
324.749
323.066
322.074
320.587
321.528
322.743
323.453
324.778
326.394
326.305
324.614
323.273
322.641
321.494
321.949
322.486
322.548
323.385
324.774
324.684
323.24
322.404
322.424
321.957
323.051
336.844
339.673
342.504
341.193
340.729
339.626
338.358
337.035
335.905
314.082
335.058
339.427
341.479
340.892
340.336
339.136
337.647
336.093
333.88
309.586
330.95
337.13
338.905
338.486
338.136
337.091
335.763
334.094
329.687
307.955
328.869
334.64
335.991
335.744
335.736
334.851
333.814
332.071
326.493
307.111
327.138
332.072
333.231
332.943
333.104
332.384
331.671
329.996
324.63
306.597
325.63
329.969
330.993
330.695
330.877
330.263
329.731
328.292
323.493
306.167
324.052
328.315
329.154
328.902
329.054
328.476
327.954
326.897
322.83
305.535
322.276
327.259
328.025
327.864
327.767
327.272
326.647
325.729
322.555
304.536
319.393
326.151
326.923
327.002
326.643
326.275
325.644
324.404
322.332
303.218
312.948
322.549
325.024
324.842
325.389
325.129
324.122
323.048
321.273
303.266
313.178
321.463
323.305
323.587
324.154
324.301
323.873
322.968
321.029
304.582
320.014
325.8
326.976
326.957
326.984
326.829
326.27
325.028
322.727
305.521
322.906
327.165
328.385
328.312
328.083
327.691
327.035
325.83
323.906
305.977
323.987
326.74
328.016
328.21
328.216
327.955
327.451
326.781
324.853
306.177
324.787
326.247
327.384
327.826
328.014
328.002
327.879
327.667
326.007
306.179
324.8
326.234
327.367
327.813
328.012
328.003
327.884
327.671
325.98
305.978
323.979
326.706
327.975
328.179
328.191
327.942
327.454
326.788
324.818
305.522
322.911
327.151
328.382
328.314
328.087
327.699
327.047
325.843
323.894
304.583
320.035
325.826
327.005
326.981
327.005
326.85
326.289
325.045
322.754
303.268
313.192
321.509
323.33
323.608
324.174
324.329
323.904
322.998
321.056
)
;
        refGradient     uniform 0;
        valueFraction   nonuniform List<scalar> 
500
(
0.000301416
0.000301416
0.000301416
0.000301416
0.000301416
0.000301416
0.000301416
0.000301416
0.000301416
0.000301416
0.000301416
0.000301416
0.000301416
0.000301416
0.000301416
0.000301416
0.000301416
0.000301416
0.000301416
0.000301416
0.000301416
0.000301416
0.000301416
0.000301416
0.000301416
0.000301416
0.000301416
0.000301416
0.000301416
0.000301416
0.000301416
0.000301416
0.000301416
0.000301416
0.000301416
0.000301416
0.000301416
0.000301416
0.000301416
0.000301416
0.000301416
0.000301416
0.000301416
0.000301416
0.000301416
0.000301416
0.000301416
0.000301416
0.000301416
0.000301416
0.000301416
0.000301416
0.000301416
0.000301416
0.000301416
0.000301416
0.000301416
0.000301416
0.000301416
0.000301416
0.000301416
0.000301416
0.000301416
0.000301416
0.000301416
0.000301416
0.000301416
0.000301416
0.000301416
0.000301416
0.000301416
0.000301416
0.000301416
0.000301416
0.000301416
0.000301416
0.000301416
0.000301416
0.000301416
0.000301416
0.000301416
0.000301416
0.000301416
0.000301416
0.000301416
0.000301416
0.000301416
0.000301416
0.000301416
0.000301416
0.000301416
0.000301416
0.000301416
0.000301416
0.000301416
0.000301416
0.000301416
0.000301416
0.000301416
0.000301416
0.000302436
0.000302436
0.000302436
0.000302436
0.000302436
0.000302436
0.000302436
0.000302436
0.000302436
0.000302436
0.000302436
0.000302436
0.000302436
0.000302436
0.000302436
0.000302436
0.000302436
0.000302436
0.000302436
0.000302436
0.000302436
0.000302436
0.000302436
0.000302436
0.000302436
0.000302436
0.000302436
0.000302436
0.000302436
0.000302436
0.000302436
0.000302436
0.000302436
0.000302436
0.000302436
0.000302436
0.000302436
0.000302436
0.000302436
0.000302436
0.000302436
0.000302436
0.000302436
0.000302436
0.000302436
0.000302436
0.000302436
0.000302436
0.000302436
0.000302436
0.000302436
0.000302436
0.000302436
0.000302436
0.000302436
0.000302436
0.000302436
0.000302436
0.000302436
0.000302436
0.000302436
0.000302436
0.000302436
0.000302436
0.000302436
0.000302436
0.000302436
0.000302436
0.000302436
0.000302436
0.000302436
0.000302436
0.000302436
0.000302436
0.000302436
0.000302436
0.000302436
0.000302436
0.000302436
0.000302436
0.000302436
0.000302436
0.000302436
0.000302436
0.000302436
0.000302436
0.000302436
0.000302436
0.000302436
0.000302436
0.000302436
0.000302436
0.000302436
0.000302436
0.000302436
0.000302436
0.000302436
0.000302436
0.000302436
0.000302436
0.000300478
0.000300478
0.000300478
0.000300478
0.000300478
0.000300478
0.000300478
0.000300478
0.000300478
0.000300478
0.000300478
0.000300478
0.000300478
0.000300478
0.000300478
0.000300478
0.000300478
0.000300478
0.000300478
0.000300478
0.000300478
0.000300478
0.000300478
0.000300478
0.000300478
0.000300478
0.000300478
0.000300478
0.000300478
0.000300478
0.000300478
0.000300478
0.000300478
0.000300478
0.000300478
0.000300478
0.000300478
0.000300478
0.000300478
0.000300478
0.000300478
0.000300478
0.000300478
0.000300478
0.000300478
0.000300478
0.000300478
0.000300478
0.000300478
0.000300478
0.000300478
0.000300478
0.000300478
0.000300478
0.000300478
0.000300478
0.000300478
0.000300478
0.000300478
0.000300478
0.000300478
0.000300478
0.000300478
0.000300478
0.000300478
0.000300478
0.000300478
0.000300478
0.000300478
0.000300478
0.000300478
0.000300478
0.000300478
0.000300478
0.000300478
0.000300478
0.000300478
0.000300478
0.000300478
0.000300478
0.000300478
0.000300478
0.000300478
0.000300478
0.000300478
0.000300478
0.000300478
0.000300478
0.000300478
0.000300478
0.000300478
0.000300478
0.000300478
0.000300478
0.000300478
0.000300478
0.000300478
0.000300478
0.000300478
0.000300478
0.000302436
0.000302436
0.000302436
0.000302436
0.000302436
0.000302436
0.000302436
0.000302436
0.000302436
0.000302436
0.000302436
0.000302436
0.000302436
0.000302436
0.000302436
0.000302436
0.000302436
0.000302436
0.000302436
0.000302436
0.000302436
0.000302436
0.000302436
0.000302436
0.000302436
0.000302436
0.000302436
0.000302436
0.000302436
0.000302436
0.000302436
0.000302436
0.000302436
0.000302436
0.000302436
0.000302436
0.000302436
0.000302436
0.000302436
0.000302436
0.000302436
0.000302436
0.000302436
0.000302436
0.000302436
0.000302436
0.000302436
0.000302436
0.000302436
0.000302436
0.000302436
0.000302436
0.000302436
0.000302436
0.000302436
0.000302436
0.000302436
0.000302436
0.000302436
0.000302436
0.000302436
0.000302436
0.000302436
0.000302436
0.000302436
0.000302436
0.000302436
0.000302436
0.000302436
0.000302436
0.000302436
0.000302436
0.000302436
0.000302436
0.000302436
0.000302436
0.000302436
0.000302436
0.000302436
0.000302436
0.000302436
0.000302436
0.000302436
0.000302436
0.000302436
0.000302436
0.000302436
0.000302436
0.000302436
0.000302436
0.000302436
0.000302436
0.000302436
0.000302436
0.000302436
0.000302436
0.000302436
0.000302436
0.000302436
0.000302436
0.000301115
0.000301115
0.000301115
0.000301115
0.000301115
0.000301115
0.000301115
0.000301115
0.000301115
0.000301115
0.000301115
0.000301115
0.000301115
0.000301115
0.000301115
0.000301115
0.000301115
0.000301115
0.000301115
0.000301115
0.000301115
0.000301115
0.000301115
0.000301115
0.000301115
0.000301115
0.000301115
0.000301115
0.000301115
0.000301115
0.000301115
0.000301115
0.000301115
0.000301115
0.000301115
0.000301115
0.000301115
0.000301115
0.000301115
0.000301115
0.000301115
0.000301115
0.000301115
0.000301115
0.000301115
0.000301115
0.000301115
0.000301115
0.000301115
0.000301115
0.000301115
0.000301115
0.000301115
0.000301115
0.000301115
0.000301115
0.000301115
0.000301115
0.000301115
0.000301115
0.000301115
0.000301115
0.000301115
0.000301115
0.000301115
0.000301115
0.000301115
0.000301115
0.000301115
0.000301115
0.000301115
0.000301115
0.000301115
0.000301115
0.000301115
0.000301115
0.000301115
0.000301115
0.000301115
0.000301115
0.000301115
0.000301115
0.000301115
0.000301115
0.000301115
0.000301115
0.000301115
0.000301115
0.000301115
0.000301115
0.000301115
0.000301115
0.000301115
0.000301115
0.000301115
0.000301115
0.000301115
0.000301115
0.000301115
0.000301115
)
;
        source          uniform 0;
        Tnbr            T;
        kappaMethod     solidThermo;
        value           nonuniform List<scalar> 
500
(
351.404
351.412
351.415
351.417
351.418
351.418
351.417
351.415
351.412
351.404
348.286
348.298
348.305
348.309
348.311
348.31
348.309
348.305
348.298
348.286
345.296
345.309
345.317
345.322
345.324
345.324
345.322
345.318
345.309
345.296
342.503
342.516
342.524
342.53
342.531
342.532
342.53
342.525
342.517
342.504
339.971
339.984
339.992
339.997
339.999
339.999
339.998
339.993
339.985
339.972
337.761
337.774
337.782
337.786
337.787
337.788
337.786
337.782
337.774
337.761
335.925
335.937
335.945
335.949
335.95
335.95
335.949
335.944
335.936
335.924
334.504
334.516
334.524
334.528
334.528
334.528
334.526
334.522
334.514
334.502
333.533
333.545
333.552
333.557
333.557
333.557
333.555
333.551
333.543
333.531
333.033
333.045
333.053
333.058
333.059
333.059
333.058
333.053
333.045
333.032
351.405
351.418
351.424
351.427
351.428
351.428
351.428
351.427
351.425
351.421
348.286
348.311
348.324
348.331
348.334
348.336
348.336
348.333
348.329
348.321
345.297
345.325
345.342
345.351
345.356
345.359
345.36
345.357
345.351
345.341
342.505
342.534
342.552
342.562
342.568
342.572
342.573
342.571
342.564
342.553
339.973
340.001
340.02
340.031
340.038
340.042
340.044
340.042
340.036
340.025
337.762
337.79
337.808
337.82
337.827
337.832
337.835
337.834
337.829
337.819
335.925
335.952
335.97
335.982
335.99
335.996
335.999
335.999
335.996
335.987
334.503
334.53
334.548
334.562
334.571
334.578
334.582
334.582
334.579
334.572
333.531
333.559
333.58
333.595
333.604
333.611
333.615
333.616
333.614
333.608
333.033
333.06
333.086
333.102
333.112
333.119
333.123
333.124
333.122
333.116
351.422
351.426
351.427
351.427
351.427
351.427
351.427
351.427
351.426
351.422
348.32
348.326
348.328
348.329
348.33
348.329
348.329
348.328
348.325
348.32
345.339
345.345
345.348
345.35
345.351
345.351
345.35
345.348
345.345
345.339
342.551
342.557
342.561
342.564
342.566
342.566
342.564
342.561
342.557
342.551
340.024
340.03
340.034
340.038
340.039
340.039
340.037
340.034
340.03
340.024
337.818
337.824
337.829
337.832
337.834
337.833
337.831
337.828
337.824
337.818
335.986
335.992
335.997
336
336.002
336.001
335.999
335.995
335.992
335.986
334.571
334.577
334.582
334.585
334.586
334.586
334.583
334.58
334.577
334.572
333.606
333.612
333.617
333.62
333.621
333.621
333.618
333.615
333.612
333.607
333.115
333.121
333.125
333.129
333.13
333.129
333.127
333.124
333.121
333.116
351.405
351.418
351.424
351.428
351.428
351.429
351.428
351.427
351.425
351.421
348.287
348.312
348.324
348.332
348.335
348.336
348.336
348.333
348.329
348.321
345.297
345.326
345.342
345.352
345.357
345.36
345.36
345.357
345.351
345.341
342.504
342.533
342.552
342.563
342.569
342.573
342.573
342.571
342.564
342.553
339.972
340.001
340.019
340.031
340.038
340.042
340.044
340.042
340.036
340.025
337.762
337.79
337.807
337.82
337.828
337.833
337.835
337.833
337.828
337.819
335.926
335.953
335.97
335.983
335.991
335.997
336
335.998
335.994
335.987
334.505
334.531
334.55
334.563
334.572
334.578
334.582
334.581
334.577
334.571
333.534
333.56
333.58
333.595
333.605
333.612
333.615
333.614
333.611
333.606
333.034
333.061
333.084
333.101
333.112
333.119
333.123
333.122
333.119
333.114
333.034
333.061
333.084
333.1
333.111
333.119
333.123
333.122
333.119
333.114
333.046
333.072
333.092
333.107
333.117
333.124
333.128
333.128
333.125
333.121
333.054
333.079
333.097
333.112
333.121
333.128
333.131
333.131
333.129
333.126
333.058
333.083
333.1
333.114
333.123
333.129
333.132
333.133
333.133
333.129
333.06
333.085
333.101
333.114
333.123
333.129
333.132
333.134
333.134
333.13
333.059
333.085
333.102
333.114
333.123
333.129
333.133
333.134
333.134
333.13
333.058
333.084
333.102
333.115
333.123
333.129
333.133
333.133
333.132
333.127
333.054
333.08
333.099
333.113
333.121
333.126
333.13
333.131
333.129
333.124
333.045
333.073
333.094
333.108
333.117
333.123
333.127
333.129
333.127
333.121
333.033
333.06
333.085
333.102
333.112
333.118
333.123
333.124
333.122
333.116
)
;
    }
}


// ************************************************************************* //
