/*--------------------------------*- C++ -*----------------------------------*\
| =========                 |                                                 |
| \\      /  F ield         | OpenFOAM: The Open Source CFD Toolbox           |
|  \\    /   O peration     | Version:  2412                                  |
|   \\  /    A nd           | Website:  www.openfoam.com                      |
|    \\/     M anipulation  |                                                 |
\*---------------------------------------------------------------------------*/
FoamFile
{
    version     2.0;
    format      ascii;
    arch        "LSB;label=32;scalar=64";
    class       volScalarField;
    location    "2.6/solid";
    object      wallHeatFlux;
}
// * * * * * * * * * * * * * * * * * * * * * * * * * * * * * * * * * * * * * //

dimensions      [1 0 -3 0 0 0 0];

internalField   uniform 0;

boundaryField
{
    bodyBottom
    {
        type            calculated;
        value           nonuniform List<scalar> 
100
(
325335
323900
323490
323080
323080
323080
323080
323490
323900
325335
323285
322670
322260
322055
322055
322055
322055
322260
322670
323285
322260
321850
321645
321440
321440
321440
321440
321645
321850
322465
321850
321440
321235
321030
321030
321030
321030
321235
321440
321850
321440
321235
321030
320825
320825
320825
320825
321030
321235
321645
321440
321030
320825
320825
320825
320825
320825
320825
321030
321440
321440
321030
320825
320825
320825
320825
320825
320825
321030
321440
321645
321235
321030
320825
320825
320825
320825
321030
321235
321645
322055
321440
321235
321030
321030
321030
321030
321235
321440
322055
322670
322055
321850
321645
321645
321645
321645
321850
322055
322670
)
;
    }
    solid_to_fluid
    {
        type            calculated;
        value           nonuniform List<scalar> 
500
(
-1845
-1640
-1435
-1435
-1230
-1230
-1435
-1435
-1640
-1845
-2460
-2050
-1845
-1845
-1640
-1845
-1640
-1845
-2050
-2255
-2665
-2460
-2255
-2255
-2050
-2050
-2050
-2050
-2460
-2665
-2665
-2460
-2255
-2050
-2255
-2050
-2255
-2255
-2460
-2460
-2665
-2255
-2255
-2050
-2050
-2050
-2050
-2255
-2255
-2460
-2460
-2255
-2050
-2050
-2050
-2050
-2255
-2050
-2255
-2460
-2460
-2255
-2050
-2050
-2050
-2050
-2050
-2050
-2255
-2460
-2460
-2255
-2050
-2050
-2050
-2050
-2050
-2050
-2255
-2460
-2460
-2255
-2255
-2050
-2255
-2050
-2255
-2255
-2255
-2255
-2460
-2460
-2460
-2255
-2255
-2255
-2255
-2255
-2255
-2460
-1640
-1025
-615
-615
-615
-820
-820
-820
-820
-1025
-2255
-1025
-615
-615
-615
-615
-615
-820
-820
-1025
-2460
-1025
-615
-615
-615
-615
-615
-820
-820
-1025
-2255
-1025
-615
-820
-820
-615
-820
-615
-1025
-1230
-2255
-1230
-615
-820
-615
-615
-615
-820
-820
-1230
-2255
-1025
-820
-820
-820
-820
-615
-820
-820
-1230
-2255
-1025
-820
-820
-820
-820
-1025
-1025
-820
-1230
-2255
-1025
-1025
-820
-820
-820
-820
-820
-1025
-1230
-2255
-1230
-1025
-820
-1025
-820
-1025
-1025
-820
-1025
-2255
-1845
-1025
-1025
-1025
-820
-1025
-1025
-1025
-1230
-820
-615
-615
-820
-820
-820
-820
-615
-615
-820
-1230
-1025
-1025
-1230
-1025
-1230
-1230
-1025
-1230
-1230
-1435
-1435
-1435
-1435
-1435
-1435
-1435
-1435
-1435
-1435
-1640
-1640
-1435
-1435
-1230
-1230
-1435
-1435
-1640
-1640
-1435
-1435
-1435
-1230
-1230
-1230
-1435
-1435
-1435
-1435
-1435
-1435
-1230
-1230
-1025
-1230
-1230
-1230
-1435
-1435
-1230
-1230
-1230
-1230
-820
-1025
-1025
-1230
-1230
-1435
-1230
-1230
-1025
-1025
-820
-820
-1025
-1025
-1230
-1230
-1230
-1230
-1025
-1025
-820
-820
-1025
-1025
-1230
-1230
-1025
-1025
-1230
-1025
-820
-1025
-1025
-1025
-1230
-1230
-1640
-1025
-820
-410
-820
-615
-820
-820
-820
-1025
-2255
-820
-615
-410
-410
-615
-615
-820
-820
-1025
-2460
-1025
-820
-615
-615
-615
-615
-820
-820
-1025
-2460
-1230
-615
-615
-615
-615
-820
-615
-1025
-1230
-2460
-1025
-820
-820
-820
-820
-820
-820
-820
-1230
-2255
-1025
-820
-615
-615
-615
-820
-820
-820
-1230
-2255
-1025
-820
-615
-820
-820
-820
-820
-1025
-1025
-2255
-1230
-820
-820
-820
-1025
-820
-820
-1025
-1230
-2255
-1230
-1025
-820
-820
-820
-1025
-1025
-1025
-1230
-2255
-1640
-1230
-1025
-820
-1025
-1025
-1025
-1230
-1230
-2255
-1640
-1230
-1230
-1025
-1025
-1025
-1025
-1230
-1230
-2255
-1230
-820
-820
-820
-820
-820
-820
-1025
-1025
-2255
-1230
-820
-820
-820
-615
-820
-820
-1025
-1025
-2255
-1025
-1025
-820
-820
-820
-820
-820
-820
-1025
-2050
-820
-820
-820
-615
-615
-820
-820
-820
-820
-2255
-1025
-820
-820
-615
-615
-820
-820
-615
-820
-2255
-1025
-820
-820
-820
-615
-820
-820
-820
-1025
-2050
-1230
-820
-615
-820
-820
-820
-820
-1025
-1025
-2255
-1230
-820
-820
-820
-820
-820
-820
-820
-1230
-2255
-1845
-1230
-1025
-1025
-1025
-1025
-1025
-1025
-1230
)
;
    }
}


// ************************************************************************* //
