/*--------------------------------*- C++ -*----------------------------------*\
| =========                 |                                                 |
| \\      /  F ield         | OpenFOAM: The Open Source CFD Toolbox           |
|  \\    /   O peration     | Version:  2412                                  |
|   \\  /    A nd           | Website:  www.openfoam.com                      |
|    \\/     M anipulation  |                                                 |
\*---------------------------------------------------------------------------*/
FoamFile
{
    version     2.0;
    format      ascii;
    arch        "LSB;label=32;scalar=64";
    class       volScalarField;
    location    "0.8/solid";
    object      T;
}
// * * * * * * * * * * * * * * * * * * * * * * * * * * * * * * * * * * * * * //

dimensions      [0 0 0 1 0 0 0];

internalField   nonuniform List<scalar> 
1000
(
348.868
348.876
348.88
348.882
348.882
348.882
348.882
348.882
348.88
348.877
348.873
348.879
348.882
348.884
348.884
348.884
348.884
348.884
348.882
348.88
348.875
348.88
348.883
348.884
348.884
348.884
348.884
348.884
348.883
348.881
348.876
348.881
348.883
348.884
348.884
348.884
348.885
348.885
348.884
348.881
348.876
348.881
348.883
348.884
348.884
348.884
348.885
348.885
348.884
348.881
348.876
348.881
348.883
348.884
348.884
348.884
348.885
348.885
348.884
348.881
348.876
348.881
348.883
348.884
348.884
348.884
348.885
348.885
348.884
348.881
348.875
348.88
348.883
348.884
348.884
348.884
348.885
348.884
348.883
348.88
348.873
348.879
348.882
348.883
348.884
348.884
348.884
348.884
348.882
348.879
348.867
348.876
348.879
348.882
348.882
348.882
348.882
348.882
348.88
348.876
340.754
340.769
340.777
340.782
340.783
340.783
340.784
340.782
340.778
340.772
340.762
340.773
340.779
340.783
340.784
340.785
340.785
340.784
340.781
340.776
340.766
340.775
340.78
340.783
340.784
340.784
340.785
340.784
340.783
340.778
340.768
340.777
340.781
340.783
340.784
340.784
340.785
340.786
340.784
340.779
340.768
340.777
340.781
340.783
340.783
340.784
340.786
340.786
340.784
340.779
340.767
340.776
340.781
340.783
340.783
340.784
340.785
340.785
340.784
340.779
340.767
340.776
340.781
340.783
340.784
340.784
340.785
340.785
340.784
340.779
340.765
340.775
340.78
340.783
340.784
340.784
340.785
340.784
340.782
340.777
340.761
340.772
340.778
340.782
340.783
340.784
340.785
340.784
340.781
340.775
340.752
340.767
340.775
340.78
340.781
340.783
340.783
340.782
340.778
340.772
333.035
333.051
333.061
333.066
333.068
333.069
333.07
333.068
333.064
333.057
333.043
333.055
333.062
333.067
333.068
333.07
333.071
333.069
333.066
333.06
333.047
333.057
333.062
333.066
333.067
333.068
333.069
333.068
333.067
333.062
333.05
333.059
333.064
333.066
333.067
333.068
333.07
333.07
333.069
333.064
333.049
333.058
333.063
333.066
333.066
333.067
333.07
333.07
333.069
333.064
333.049
333.057
333.062
333.065
333.065
333.067
333.069
333.07
333.068
333.064
333.049
333.058
333.063
333.066
333.066
333.068
333.069
333.07
333.069
333.064
333.048
333.057
333.062
333.066
333.067
333.068
333.069
333.068
333.066
333.061
333.044
333.055
333.061
333.065
333.066
333.069
333.07
333.069
333.066
333.06
333.035
333.05
333.059
333.063
333.065
333.067
333.069
333.068
333.064
333.056
325.931
325.945
325.955
325.959
325.961
325.962
325.964
325.963
325.959
325.953
325.937
325.948
325.955
325.96
325.961
325.962
325.964
325.963
325.96
325.955
325.94
325.948
325.953
325.958
325.959
325.96
325.962
325.961
325.96
325.957
325.943
325.951
325.955
325.957
325.958
325.959
325.962
325.962
325.962
325.959
325.942
325.95
325.955
325.957
325.957
325.958
325.961
325.962
325.962
325.959
325.943
325.951
325.955
325.957
325.957
325.958
325.961
325.963
325.962
325.958
325.944
325.952
325.956
325.958
325.958
325.959
325.962
325.963
325.962
325.959
325.944
325.952
325.957
325.959
325.959
325.96
325.961
325.961
325.96
325.956
325.94
325.951
325.957
325.959
325.959
325.961
325.963
325.962
325.96
325.955
325.933
325.947
325.955
325.958
325.958
325.961
325.963
325.962
325.959
325.953
319.621
319.632
319.64
319.644
319.645
319.646
319.649
319.648
319.646
319.642
319.625
319.634
319.64
319.644
319.644
319.646
319.648
319.648
319.646
319.643
319.627
319.634
319.638
319.641
319.642
319.644
319.646
319.646
319.646
319.644
319.629
319.635
319.638
319.641
319.641
319.642
319.645
319.646
319.648
319.646
319.628
319.635
319.638
319.64
319.64
319.641
319.644
319.646
319.647
319.645
319.629
319.636
319.639
319.641
319.64
319.641
319.645
319.646
319.647
319.645
319.631
319.638
319.642
319.643
319.642
319.642
319.645
319.647
319.647
319.645
319.632
319.639
319.643
319.645
319.643
319.643
319.645
319.645
319.646
319.643
319.629
319.638
319.643
319.645
319.644
319.645
319.647
319.647
319.646
319.643
319.623
319.635
319.641
319.644
319.644
319.645
319.648
319.648
319.646
319.642
314.243
314.252
314.256
314.259
314.26
314.262
314.265
314.264
314.263
314.262
314.247
314.253
314.256
314.259
314.26
314.262
314.264
314.263
314.264
314.264
314.248
314.253
314.254
314.258
314.259
314.261
314.262
314.262
314.265
314.265
314.248
314.252
314.253
314.257
314.257
314.259
314.261
314.263
314.265
314.266
314.246
314.25
314.253
314.255
314.255
314.256
314.259
314.261
314.264
314.264
314.247
314.252
314.254
314.256
314.255
314.256
314.26
314.262
314.263
314.263
314.25
314.255
314.258
314.259
314.257
314.258
314.262
314.264
314.263
314.262
314.251
314.256
314.259
314.26
314.259
314.258
314.261
314.262
314.262
314.262
314.249
314.256
314.26
314.261
314.259
314.26
314.263
314.264
314.265
314.264
314.245
314.254
314.259
314.26
314.259
314.261
314.264
314.266
314.266
314.263
309.887
309.893
309.895
309.897
309.898
309.9
309.903
309.902
309.903
309.904
309.89
309.894
309.895
309.897
309.898
309.9
309.903
309.901
309.904
309.906
309.89
309.893
309.893
309.896
309.897
309.899
309.9
309.901
309.905
309.906
309.889
309.891
309.891
309.895
309.895
309.897
309.899
309.901
309.905
309.906
309.886
309.888
309.89
309.892
309.892
309.894
309.896
309.899
309.902
309.903
309.886
309.889
309.89
309.891
309.891
309.893
309.897
309.9
309.902
309.902
309.889
309.892
309.893
309.894
309.893
309.896
309.9
309.902
309.902
309.902
309.89
309.894
309.895
309.896
309.894
309.895
309.899
309.9
309.901
309.902
309.889
309.894
309.896
309.896
309.895
309.897
309.901
309.903
309.905
309.905
309.886
309.893
309.896
309.896
309.895
309.898
309.903
309.905
309.906
309.905
306.598
306.603
306.603
306.604
306.606
306.608
306.611
306.61
306.612
306.614
306.6
306.603
306.603
306.604
306.606
306.608
306.61
306.609
306.612
306.615
306.6
306.602
306.6
306.603
306.605
306.606
306.608
306.607
306.613
306.616
306.598
306.599
306.599
306.603
306.603
306.604
306.606
306.608
306.613
306.615
306.594
306.595
306.597
306.6
306.599
306.601
306.603
306.606
306.61
306.612
306.592
306.594
306.596
306.598
306.598
306.6
306.605
306.607
306.609
306.611
306.595
306.597
306.599
306.601
306.6
306.603
306.607
306.609
306.61
306.611
306.596
306.599
306.6
306.602
306.601
306.603
306.606
306.607
306.61
306.612
306.596
306.6
306.6
306.602
306.602
306.604
306.608
306.611
306.614
306.615
306.594
306.599
306.6
306.602
306.602
306.606
306.611
306.614
306.616
306.616
304.4
304.403
304.403
304.404
304.406
304.408
304.411
304.411
304.412
304.415
304.401
304.403
304.402
304.404
304.406
304.408
304.411
304.41
304.413
304.416
304.4
304.401
304.4
304.404
304.405
304.406
304.409
304.407
304.412
304.416
304.398
304.399
304.4
304.403
304.403
304.404
304.406
304.407
304.412
304.415
304.395
304.396
304.398
304.4
304.4
304.401
304.403
304.406
304.41
304.412
304.393
304.396
304.399
304.4
304.399
304.401
304.404
304.407
304.41
304.411
304.396
304.399
304.402
304.403
304.402
304.403
304.406
304.408
304.41
304.411
304.397
304.401
304.404
304.405
304.403
304.403
304.405
304.407
304.411
304.413
304.397
304.401
304.403
304.405
304.404
304.404
304.408
304.412
304.415
304.416
304.395
304.4
304.403
304.405
304.404
304.406
304.411
304.414
304.417
304.417
303.298
303.301
303.301
303.303
303.305
303.307
303.31
303.31
303.312
303.314
303.3
303.302
303.301
303.303
303.305
303.307
303.31
303.31
303.312
303.315
303.299
303.3
303.3
303.304
303.304
303.306
303.308
303.307
303.312
303.315
303.297
303.298
303.3
303.303
303.302
303.303
303.305
303.306
303.312
303.314
303.293
303.295
303.297
303.3
303.299
303.3
303.302
303.305
303.309
303.312
303.293
303.297
303.299
303.3
303.299
303.3
303.304
303.306
303.309
303.311
303.297
303.301
303.303
303.304
303.302
303.302
303.306
303.307
303.309
303.311
303.298
303.302
303.305
303.306
303.303
303.302
303.304
303.307
303.311
303.312
303.298
303.302
303.305
303.306
303.304
303.304
303.307
303.312
303.315
303.316
303.296
303.301
303.304
303.306
303.304
303.306
303.31
303.314
303.316
303.317
)
;

boundaryField
{
    bodyBottom
    {
        type            fixedValue;
        value           uniform 353;
    }
    solid_to_fluid
    {
        type            compressible::turbulentTemperatureCoupledBaffleMixed;
        refValue        nonuniform List<scalar> 
500
(
318.726
322.529
324.154
325.128
325.614
325.613
325.128
324.154
322.529
318.725
307.52
310.932
313.741
315.251
315.917
315.917
315.251
313.741
310.932
307.52
302.542
304.813
306.719
307.73
308.166
308.166
307.73
306.72
304.813
302.542
300.532
302.296
303.738
304.466
304.77
304.77
304.467
303.739
302.297
300.533
299.232
300.709
301.9
302.486
302.732
302.732
302.487
301.901
300.71
299.233
298.088
299.309
300.294
300.77
300.969
300.969
300.771
300.295
299.309
298.089
297.248
298.281
299.129
299.538
299.709
299.709
299.539
299.13
298.281
297.248
296.45
297.287
297.99
298.326
298.464
298.464
298.325
297.989
297.286
296.449
295.673
296.299
296.841
297.1
297.206
297.205
297.099
296.84
296.299
295.672
295.053
295.482
295.862
296.039
296.109
296.109
296.039
295.861
295.482
295.053
320.093
333.72
336.535
339.486
338.051
337.587
336.323
334.793
333.174
331.611
310.178
328.709
333.096
335.226
334.649
334.074
332.832
331.116
329.208
326.087
305.086
321.771
327.193
328.929
328.67
328.363
327.472
326.152
324.337
319.844
302.627
316.89
321.212
322.505
322.471
322.462
321.906
321.042
319.43
315.042
300.908
312.638
315.653
316.589
316.568
316.745
316.388
315.921
314.671
311.231
299.401
308.808
311
311.65
311.601
311.727
311.511
311.283
310.503
308.137
298.301
305.684
307.278
307.631
307.572
307.642
307.481
307.352
307.023
305.595
297.334
303.133
304.531
304.737
304.66
304.597
304.486
304.369
304.239
303.552
296.488
300.923
302.532
302.682
302.63
302.518
302.461
302.361
302.177
301.926
295.808
298.445
300.727
301.314
301.23
301.321
301.223
301.047
300.933
300.73
335.591
336.388
336.244
336.188
336.25
336.25
336.187
336.243
336.387
335.591
322.296
323.431
323.399
323.106
322.867
322.867
323.105
323.398
323.43
322.296
314.499
315.421
315.685
315.956
316.393
316.393
315.955
315.684
315.421
314.499
311.155
312.239
312.884
313.607
314.414
314.414
313.606
312.883
312.238
311.154
308.695
309.848
310.732
311.715
312.744
312.743
311.714
310.731
309.847
308.695
306.697
307.829
308.824
309.903
310.947
310.947
309.901
308.822
307.828
306.697
305.012
306.041
307.01
308.007
308.748
308.747
308.004
307.007
306.04
305.013
303.596
304.447
305.269
305.98
306.516
306.515
305.977
305.266
304.447
303.596
302.44
303.072
303.682
304.197
304.626
304.624
304.194
303.679
303.072
302.441
301.515
301.959
302.383
302.84
303.268
303.267
302.837
302.38
301.96
301.517
320.093
333.72
336.536
339.486
338.052
337.587
336.323
334.793
333.174
331.61
310.179
328.71
333.097
335.227
334.65
334.075
332.832
331.116
329.208
326.086
305.086
321.772
327.195
328.931
328.671
328.364
327.472
326.152
324.337
319.844
302.626
316.89
321.213
322.506
322.472
322.462
321.907
321.042
319.43
315.042
300.908
312.637
315.652
316.589
316.569
316.745
316.388
315.921
314.671
311.231
299.4
308.807
310.999
311.65
311.601
311.727
311.511
311.282
310.502
308.137
298.301
305.684
307.278
307.631
307.573
307.642
307.48
307.35
307.021
305.594
297.335
303.135
304.533
304.738
304.661
304.597
304.485
304.366
304.237
303.551
296.489
300.925
302.532
302.682
302.631
302.518
302.46
302.358
302.175
301.924
295.809
298.445
300.726
301.313
301.23
301.321
301.223
301.044
300.931
300.728
295.701
298.06
299.907
300.468
300.573
300.707
300.738
300.694
300.608
300.397
296.072
299.751
301.03
301.298
301.309
301.335
301.334
301.288
301.157
300.886
296.35
300.562
301.493
301.727
301.699
301.675
301.636
301.577
301.478
301.341
296.49
300.923
301.476
301.827
301.871
301.877
301.862
301.848
301.844
301.887
296.556
301.328
301.436
301.775
301.919
302.007
302.058
302.109
302.201
302.364
296.556
301.329
301.437
301.775
301.919
302.007
302.059
302.109
302.2
302.363
296.49
300.924
301.477
301.828
301.87
301.877
301.862
301.847
301.842
301.884
296.35
300.563
301.495
301.727
301.698
301.673
301.634
301.577
301.478
301.339
296.072
299.752
301.032
301.3
301.308
301.334
301.334
301.289
301.158
300.887
295.7
298.06
299.908
300.469
300.573
300.707
300.739
300.696
300.611
300.399
)
;
        refGradient     uniform 0;
        valueFraction   nonuniform List<scalar> 
500
(
0.000301416
0.000301416
0.000301416
0.000301416
0.000301416
0.000301416
0.000301416
0.000301416
0.000301416
0.000301416
0.000301416
0.000301416
0.000301416
0.000301416
0.000301416
0.000301416
0.000301416
0.000301416
0.000301416
0.000301416
0.000301416
0.000301416
0.000301416
0.000301416
0.000301416
0.000301416
0.000301416
0.000301416
0.000301416
0.000301416
0.000301416
0.000301416
0.000301416
0.000301416
0.000301416
0.000301416
0.000301416
0.000301416
0.000301416
0.000301416
0.000301416
0.000301416
0.000301416
0.000301416
0.000301416
0.000301416
0.000301416
0.000301416
0.000301416
0.000301416
0.000301416
0.000301416
0.000301416
0.000301416
0.000301416
0.000301416
0.000301416
0.000301416
0.000301416
0.000301416
0.000301416
0.000301416
0.000301416
0.000301416
0.000301416
0.000301416
0.000301416
0.000301416
0.000301416
0.000301416
0.000301416
0.000301416
0.000301416
0.000301416
0.000301416
0.000301416
0.000301416
0.000301416
0.000301416
0.000301416
0.000301416
0.000301416
0.000301416
0.000301416
0.000301416
0.000301416
0.000301416
0.000301416
0.000301416
0.000301416
0.000301416
0.000301416
0.000301416
0.000301416
0.000301416
0.000301416
0.000301416
0.000301416
0.000301416
0.000301416
0.000302436
0.000302436
0.000302436
0.000302436
0.000302436
0.000302436
0.000302436
0.000302436
0.000302436
0.000302436
0.000302436
0.000302436
0.000302436
0.000302436
0.000302436
0.000302436
0.000302436
0.000302436
0.000302436
0.000302436
0.000302436
0.000302436
0.000302436
0.000302436
0.000302436
0.000302436
0.000302436
0.000302436
0.000302436
0.000302436
0.000302436
0.000302436
0.000302436
0.000302436
0.000302436
0.000302436
0.000302436
0.000302436
0.000302436
0.000302436
0.000302436
0.000302436
0.000302436
0.000302436
0.000302436
0.000302436
0.000302436
0.000302436
0.000302436
0.000302436
0.000302436
0.000302436
0.000302436
0.000302436
0.000302436
0.000302436
0.000302436
0.000302436
0.000302436
0.000302436
0.000302436
0.000302436
0.000302436
0.000302436
0.000302436
0.000302436
0.000302436
0.000302436
0.000302436
0.000302436
0.000302436
0.000302436
0.000302436
0.000302436
0.000302436
0.000302436
0.000302436
0.000302436
0.000302436
0.000302436
0.000302436
0.000302436
0.000302436
0.000302436
0.000302436
0.000302436
0.000302436
0.000302436
0.000302436
0.000302436
0.000302436
0.000302436
0.000302436
0.000302436
0.000302436
0.000302436
0.000302436
0.000302436
0.000302436
0.000302436
0.000300478
0.000300478
0.000300478
0.000300478
0.000300478
0.000300478
0.000300478
0.000300478
0.000300478
0.000300478
0.000300478
0.000300478
0.000300478
0.000300478
0.000300478
0.000300478
0.000300478
0.000300478
0.000300478
0.000300478
0.000300478
0.000300478
0.000300478
0.000300478
0.000300478
0.000300478
0.000300478
0.000300478
0.000300478
0.000300478
0.000300478
0.000300478
0.000300478
0.000300478
0.000300478
0.000300478
0.000300478
0.000300478
0.000300478
0.000300478
0.000300478
0.000300478
0.000300478
0.000300478
0.000300478
0.000300478
0.000300478
0.000300478
0.000300478
0.000300478
0.000300478
0.000300478
0.000300478
0.000300478
0.000300478
0.000300478
0.000300478
0.000300478
0.000300478
0.000300478
0.000300478
0.000300478
0.000300478
0.000300478
0.000300478
0.000300478
0.000300478
0.000300478
0.000300478
0.000300478
0.000300478
0.000300478
0.000300478
0.000300478
0.000300478
0.000300478
0.000300478
0.000300478
0.000300478
0.000300478
0.000300478
0.000300478
0.000300478
0.000300478
0.000300478
0.000300478
0.000300478
0.000300478
0.000300478
0.000300478
0.000300478
0.000300478
0.000300478
0.000300478
0.000300478
0.000300478
0.000300478
0.000300478
0.000300478
0.000300478
0.000302436
0.000302436
0.000302436
0.000302436
0.000302436
0.000302436
0.000302436
0.000302436
0.000302436
0.000302436
0.000302436
0.000302436
0.000302436
0.000302436
0.000302436
0.000302436
0.000302436
0.000302436
0.000302436
0.000302436
0.000302436
0.000302436
0.000302436
0.000302436
0.000302436
0.000302436
0.000302436
0.000302436
0.000302436
0.000302436
0.000302436
0.000302436
0.000302436
0.000302436
0.000302436
0.000302436
0.000302436
0.000302436
0.000302436
0.000302436
0.000302436
0.000302436
0.000302436
0.000302436
0.000302436
0.000302436
0.000302436
0.000302436
0.000302436
0.000302436
0.000302436
0.000302436
0.000302436
0.000302436
0.000302436
0.000302436
0.000302436
0.000302436
0.000302436
0.000302436
0.000302436
0.000302436
0.000302436
0.000302436
0.000302436
0.000302436
0.000302436
0.000302436
0.000302436
0.000302436
0.000302436
0.000302436
0.000302436
0.000302436
0.000302436
0.000302436
0.000302436
0.000302436
0.000302436
0.000302436
0.000302436
0.000302436
0.000302436
0.000302436
0.000302436
0.000302436
0.000302436
0.000302436
0.000302436
0.000302436
0.000302436
0.000302436
0.000302436
0.000302436
0.000302436
0.000302436
0.000302436
0.000302436
0.000302436
0.000302436
0.000301115
0.000301115
0.000301115
0.000301115
0.000301115
0.000301115
0.000301115
0.000301115
0.000301115
0.000301115
0.000301115
0.000301115
0.000301115
0.000301115
0.000301115
0.000301115
0.000301115
0.000301115
0.000301115
0.000301115
0.000301115
0.000301115
0.000301115
0.000301115
0.000301115
0.000301115
0.000301115
0.000301115
0.000301115
0.000301115
0.000301115
0.000301115
0.000301115
0.000301115
0.000301115
0.000301115
0.000301115
0.000301115
0.000301115
0.000301115
0.000301115
0.000301115
0.000301115
0.000301115
0.000301115
0.000301115
0.000301115
0.000301115
0.000301115
0.000301115
0.000301115
0.000301115
0.000301115
0.000301115
0.000301115
0.000301115
0.000301115
0.000301115
0.000301115
0.000301115
0.000301115
0.000301115
0.000301115
0.000301115
0.000301115
0.000301115
0.000301115
0.000301115
0.000301115
0.000301115
0.000301115
0.000301115
0.000301115
0.000301115
0.000301115
0.000301115
0.000301115
0.000301115
0.000301115
0.000301115
0.000301115
0.000301115
0.000301115
0.000301115
0.000301115
0.000301115
0.000301115
0.000301115
0.000301115
0.000301115
0.000301115
0.000301115
0.000301115
0.000301115
0.000301115
0.000301115
0.000301115
0.000301115
0.000301115
0.000301115
)
;
        source          uniform 0;
        Tnbr            T;
        kappaMethod     solidThermo;
        value           nonuniform List<scalar> 
500
(
348.858
348.864
348.867
348.868
348.869
348.868
348.868
348.867
348.864
348.857
340.742
340.751
340.756
340.759
340.759
340.758
340.758
340.756
340.751
340.741
333.024
333.032
333.036
333.039
333.039
333.039
333.039
333.037
333.033
333.023
325.92
325.926
325.93
325.933
325.933
325.933
325.934
325.933
325.93
325.922
319.611
319.615
319.618
319.62
319.619
319.62
319.622
319.622
319.619
319.613
314.234
314.238
314.24
314.24
314.238
314.238
314.241
314.242
314.24
314.235
309.879
309.882
309.882
309.881
309.878
309.878
309.881
309.882
309.881
309.877
306.59
306.593
306.593
306.59
306.587
306.585
306.588
306.589
306.588
306.586
304.392
304.394
304.393
304.391
304.388
304.386
304.389
304.39
304.39
304.387
303.291
303.292
303.292
303.29
303.286
303.286
303.29
303.291
303.291
303.288
348.858
348.87
348.875
348.878
348.878
348.878
348.878
348.877
348.875
348.871
340.742
340.762
340.771
340.777
340.778
340.779
340.779
340.777
340.773
340.765
333.024
333.044
333.054
333.059
333.061
333.063
333.065
333.063
333.059
333.05
325.922
325.94
325.95
325.953
325.954
325.956
325.958
325.957
325.954
325.946
319.614
319.628
319.636
319.639
319.639
319.64
319.643
319.643
319.641
319.635
314.236
314.248
314.253
314.255
314.254
314.256
314.259
314.261
314.26
314.257
309.878
309.887
309.89
309.891
309.89
309.893
309.897
309.9
309.901
309.899
306.586
306.593
306.595
306.596
306.597
306.6
306.605
306.608
306.61
306.61
304.388
304.394
304.397
304.4
304.399
304.401
304.405
304.409
304.411
304.412
303.288
303.294
303.299
303.3
303.299
303.3
303.305
303.308
303.311
303.311
348.872
348.875
348.876
348.877
348.877
348.877
348.877
348.876
348.875
348.872
340.764
340.769
340.771
340.772
340.772
340.772
340.772
340.77
340.768
340.764
333.048
333.052
333.054
333.056
333.056
333.056
333.056
333.054
333.052
333.048
325.945
325.947
325.949
325.952
325.952
325.951
325.951
325.949
325.947
325.945
319.634
319.636
319.638
319.64
319.639
319.639
319.639
319.637
319.636
319.635
314.255
314.258
314.259
314.26
314.258
314.257
314.257
314.256
314.257
314.256
309.898
309.9
309.901
309.901
309.898
309.897
309.897
309.897
309.899
309.899
306.608
306.61
306.61
306.61
306.607
306.606
306.606
306.606
306.61
306.61
304.41
304.411
304.411
304.41
304.407
304.406
304.406
304.407
304.411
304.412
303.309
303.31
303.31
303.309
303.307
303.306
303.306
303.307
303.311
303.311
348.858
348.871
348.876
348.879
348.879
348.878
348.878
348.877
348.875
348.871
340.743
340.764
340.773
340.778
340.779
340.78
340.779
340.777
340.773
340.766
333.024
333.045
333.057
333.062
333.064
333.065
333.065
333.063
333.059
333.05
325.921
325.939
325.95
325.955
325.956
325.957
325.959
325.958
325.954
325.946
319.611
319.626
319.634
319.639
319.64
319.641
319.643
319.643
319.64
319.635
314.234
314.246
314.25
314.253
314.255
314.257
314.26
314.258
314.258
314.256
309.879
309.887
309.889
309.891
309.893
309.895
309.898
309.897
309.897
309.898
306.591
306.597
306.597
306.599
306.6
306.603
306.605
306.605
306.606
306.608
304.392
304.397
304.397
304.399
304.4
304.402
304.406
304.405
304.407
304.409
303.291
303.295
303.296
303.297
303.299
303.301
303.305
303.304
303.306
303.309
303.291
303.295
303.295
303.297
303.299
303.301
303.304
303.304
303.306
303.309
303.292
303.296
303.295
303.298
303.299
303.301
303.304
303.304
303.307
303.31
303.292
303.294
303.294
303.298
303.299
303.3
303.303
303.302
303.306
303.31
303.29
303.293
303.294
303.297
303.297
303.298
303.3
303.301
303.306
303.309
303.287
303.29
303.292
303.295
303.294
303.295
303.297
303.3
303.304
303.306
303.287
303.292
303.294
303.295
303.294
303.295
303.298
303.301
303.304
303.305
303.29
303.295
303.298
303.299
303.297
303.297
303.3
303.302
303.304
303.305
303.291
303.297
303.299
303.3
303.298
303.297
303.299
303.302
303.305
303.307
303.291
303.296
303.3
303.301
303.299
303.298
303.302
303.306
303.309
303.31
303.288
303.294
303.298
303.3
303.299
303.3
303.304
303.308
303.31
303.311
)
;
    }
}


// ************************************************************************* //
