/*--------------------------------*- C++ -*----------------------------------*\
| =========                 |                                                 |
| \\      /  F ield         | OpenFOAM: The Open Source CFD Toolbox           |
|  \\    /   O peration     | Version:  2412                                  |
|   \\  /    A nd           | Website:  www.openfoam.com                      |
|    \\/     M anipulation  |                                                 |
\*---------------------------------------------------------------------------*/
FoamFile
{
    version     2.0;
    format      ascii;
    arch        "LSB;label=32;scalar=64";
    class       volScalarField;
    location    "0.8/solid";
    object      wallHeatFlux;
}
// * * * * * * * * * * * * * * * * * * * * * * * * * * * * * * * * * * * * * //

dimensions      [1 0 -3 0 0 0 0];

internalField   uniform 0;

boundaryField
{
    bodyBottom
    {
        type            calculated;
        value           nonuniform List<scalar> 
100
(
847060
846035
845625
845420
845420
845420
845420
845625
846035
847265
845420
844805
844600
844395
844395
844395
844395
844600
844805
845420
844600
844190
843985
843985
843985
843985
843985
843985
844190
844805
844190
843780
843780
843780
843780
843780
843780
843780
843985
844190
844190
843780
843780
843780
843780
843780
843780
843780
843780
844190
844190
843780
843780
843780
843780
843780
843780
843780
843780
844190
844190
843780
843780
843575
843575
843575
843575
843575
843780
844190
844190
843780
843780
843575
843575
843575
843575
843780
843780
844190
844600
844190
843985
843780
843780
843780
843780
843985
844190
844600
845215
844600
844395
844395
844395
844395
844395
844600
844805
845420
)
;
    }
    solid_to_fluid
    {
        type            calculated;
        value           nonuniform List<scalar> 
500
(
-2050
-1845
-1640
-1640
-1435
-1640
-1640
-1640
-1845
-2050
-2460
-2255
-2050
-1845
-1845
-1845
-1845
-1845
-2050
-2255
-2255
-2255
-2255
-2255
-2050
-2050
-2050
-2255
-2255
-2460
-2255
-2255
-2050
-2050
-1845
-2050
-2050
-2255
-2050
-2255
-2050
-2050
-1845
-1845
-1845
-1845
-1845
-2050
-2050
-2050
-1845
-1845
-1640
-1640
-1640
-1845
-1845
-1845
-1845
-2050
-1640
-1640
-1640
-1640
-1640
-1640
-1640
-1640
-1640
-1845
-1640
-1435
-1435
-1640
-1435
-1435
-1435
-1435
-1640
-1640
-1640
-1435
-1435
-1435
-1435
-1435
-1435
-1435
-1435
-1640
-1435
-1640
-1435
-1435
-1435
-1435
-1435
-1435
-1435
-1640
-1845
-1230
-820
-820
-820
-820
-820
-1025
-1025
-1025
-2050
-1025
-820
-615
-615
-820
-820
-1025
-1025
-1435
-2255
-1230
-1025
-820
-820
-820
-820
-1025
-1025
-1230
-2255
-1435
-1025
-1025
-820
-1025
-1025
-1025
-1025
-1435
-1845
-1435
-1025
-1025
-1025
-1025
-1025
-1025
-1025
-1435
-1845
-1230
-1230
-1025
-1025
-1025
-1025
-1025
-1230
-1230
-1640
-1230
-1230
-1025
-1025
-1025
-1230
-1025
-1025
-1230
-1640
-1230
-1025
-1230
-1025
-1230
-1230
-1230
-1230
-1230
-1435
-1230
-1230
-1025
-1025
-1025
-1230
-1025
-1230
-1025
-1640
-1435
-1025
-1230
-1025
-1230
-1025
-1230
-1025
-1230
-1025
-1025
-1025
-820
-820
-820
-820
-820
-820
-820
-1640
-1435
-1435
-1435
-1435
-1435
-1435
-1435
-1435
-1640
-1845
-1640
-1640
-1640
-1640
-1640
-1640
-1435
-1640
-1640
-1640
-1640
-1640
-1435
-1435
-1435
-1640
-1435
-1640
-1640
-1640
-1435
-1230
-1230
-1230
-1230
-1230
-1230
-1435
-1435
-1435
-1230
-1230
-1230
-1230
-1230
-1025
-1230
-1435
-1435
-1230
-1230
-1025
-1025
-1025
-1025
-1025
-1025
-1230
-1230
-1230
-1025
-1230
-1025
-1025
-1025
-1025
-1230
-1025
-1230
-1025
-1025
-1025
-1025
-1025
-1025
-1025
-1230
-1025
-1025
-1025
-1025
-1025
-1025
-1025
-1025
-1025
-1025
-1025
-1230
-2050
-1025
-820
-615
-615
-820
-820
-1025
-1025
-1230
-2255
-1025
-820
-820
-820
-615
-1025
-1025
-1025
-1230
-2255
-1230
-820
-820
-820
-820
-1025
-1025
-1025
-1435
-2050
-1230
-1025
-820
-1025
-1025
-1025
-1025
-1025
-1435
-2050
-1230
-1230
-1025
-1025
-1025
-1230
-1025
-1230
-1435
-1845
-1230
-1230
-1230
-1025
-1025
-1025
-1230
-1025
-1230
-1640
-1230
-1230
-1230
-1025
-1025
-1025
-1025
-1230
-1230
-1435
-1230
-1230
-1025
-1230
-1025
-1230
-1025
-1230
-1230
-1640
-1230
-1230
-1025
-1230
-1230
-1025
-1230
-1025
-1230
-1435
-1230
-1025
-1230
-1230
-1230
-1025
-1230
-1230
-1025
-1435
-1230
-1230
-1230
-1230
-1230
-1230
-1230
-1230
-1025
-1640
-1230
-1230
-1025
-1230
-1230
-1230
-1230
-1025
-1025
-1435
-1230
-1230
-1230
-1025
-1230
-1025
-1025
-1230
-1025
-1435
-1025
-1230
-1230
-1025
-1025
-1025
-1025
-1230
-1025
-1230
-1025
-1025
-1025
-1025
-1025
-1025
-1025
-1025
-1230
-1230
-1025
-1025
-1025
-1025
-1025
-1230
-1025
-1025
-1230
-1435
-1230
-1025
-1025
-1025
-1025
-1230
-1025
-1025
-1230
-1435
-1025
-1230
-1230
-1025
-1025
-1025
-1025
-1230
-1025
-1435
-1230
-1025
-1025
-1025
-1230
-1025
-1230
-1230
-1230
-1640
-1435
-1230
-1230
-1025
-1230
-1230
-1230
-1230
-1230
)
;
    }
}


// ************************************************************************* //
