/*--------------------------------*- C++ -*----------------------------------*\
| =========                 |                                                 |
| \\      /  F ield         | OpenFOAM: The Open Source CFD Toolbox           |
|  \\    /   O peration     | Version:  2412                                  |
|   \\  /    A nd           | Website:  www.openfoam.com                      |
|    \\/     M anipulation  |                                                 |
\*---------------------------------------------------------------------------*/
FoamFile
{
    version     2.0;
    format      ascii;
    arch        "LSB;label=32;scalar=64";
    class       labelList;
    location    "constant/solid/polyMesh";
    object      faceProcAddressing;
}
// * * * * * * * * * * * * * * * * * * * * * * * * * * * * * * * * * * * * * //


239
(
161
162
163
164
165
166
167
168
169
170
171
172
173
174
190
192
193
195
196
198
199
200
201
202
203
228
230
232
441
442
443
444
445
446
447
448
449
450
451
452
453
454
470
472
473
475
476
478
479
480
481
482
483
508
510
512
721
722
723
724
725
726
727
728
729
730
731
732
733
734
750
752
753
755
756
758
759
760
761
762
763
788
790
792
1001
1002
1003
1004
1005
1006
1007
1008
1009
1010
1011
1012
1013
1014
1030
1032
1033
1035
1036
1037
1038
1039
1040
1041
1042
1043
1065
1067
1068
1070
1072
1281
1282
1284
1285
1287
1288
1290
1291
1293
1310
1313
1316
1317
1319
1320
1322
1345
1348
2756
2757
2766
2767
2776
2777
2786
2787
2788
2796
2797
2798
3006
3007
3008
3016
3017
3018
3026
3027
3028
3036
3037
3038
3046
3047
3048
-133
-136
-139
-142
-144
-413
-416
-419
-422
-424
-693
-696
-699
-702
-704
-973
-976
-979
-982
-984
-1253
-1256
-1259
-1262
-1264
191
194
197
-225
229
231
471
474
477
-505
509
511
751
754
757
-785
-787
789
791
1031
1034
-1062
1066
1069
1071
1311
1314
-1342
1346
1349
1351
1350
1352
1283
1286
1289
1292
1294
1312
1315
1318
1321
1323
1347
-998
-1027
-1278
-1307
-158
-187
-438
-467
-718
-747
)


// ************************************************************************* //
