/*--------------------------------*- C++ -*----------------------------------*\
| =========                 |                                                 |
| \\      /  F ield         | OpenFOAM: The Open Source CFD Toolbox           |
|  \\    /   O peration     | Version:  2412                                  |
|   \\  /    A nd           | Website:  www.openfoam.com                      |
|    \\/     M anipulation  |                                                 |
\*---------------------------------------------------------------------------*/
FoamFile
{
    version     2.0;
    format      ascii;
    arch        "LSB;label=32;scalar=64";
    class       faceList;
    location    "constant/solid/polyMesh";
    object      faces;
}
// * * * * * * * * * * * * * * * * * * * * * * * * * * * * * * * * * * * * * //


239
(
4(25 30 47 42)
4(29 46 47 30)
4(41 42 47 46)
4(26 31 48 43)
4(30 47 48 31)
4(42 43 48 47)
4(27 32 49 44)
4(31 48 49 32)
4(43 44 49 48)
4(28 33 50 45)
4(32 49 50 33)
4(44 45 50 49)
4(33 50 5 1)
4(45 4 5 50)
4(30 35 52 47)
4(46 47 52 51)
4(31 36 53 48)
4(47 48 53 52)
4(32 37 54 49)
4(48 49 54 53)
4(33 38 55 50)
4(37 54 55 38)
4(49 50 55 54)
4(38 55 6 2)
4(50 5 6 55)
4(38 40 57 55)
4(54 55 57 56)
4(55 6 7 57)
4(42 47 64 59)
4(46 63 64 47)
4(58 59 64 63)
4(43 48 65 60)
4(47 64 65 48)
4(59 60 65 64)
4(44 49 66 61)
4(48 65 66 49)
4(60 61 66 65)
4(45 50 67 62)
4(49 66 67 50)
4(61 62 67 66)
4(50 67 9 5)
4(62 8 9 67)
4(47 52 69 64)
4(63 64 69 68)
4(48 53 70 65)
4(64 65 70 69)
4(49 54 71 66)
4(65 66 71 70)
4(50 55 72 67)
4(54 71 72 55)
4(66 67 72 71)
4(55 72 10 6)
4(67 9 10 72)
4(55 57 74 72)
4(71 72 74 73)
4(72 10 11 74)
4(59 64 81 76)
4(63 80 81 64)
4(75 76 81 80)
4(60 65 82 77)
4(64 81 82 65)
4(76 77 82 81)
4(61 66 83 78)
4(65 82 83 66)
4(77 78 83 82)
4(62 67 84 79)
4(66 83 84 67)
4(78 79 84 83)
4(67 84 13 9)
4(79 12 13 84)
4(64 69 86 81)
4(80 81 86 85)
4(65 70 87 82)
4(81 82 87 86)
4(66 71 88 83)
4(82 83 88 87)
4(67 72 89 84)
4(71 88 89 72)
4(83 84 89 88)
4(72 89 14 10)
4(84 13 14 89)
4(72 74 92 89)
4(88 89 92 91)
4(89 14 15 92)
4(76 81 99 94)
4(80 98 99 81)
4(93 94 99 98)
4(77 82 100 95)
4(81 99 100 82)
4(94 95 100 99)
4(78 83 101 96)
4(82 100 101 83)
4(95 96 101 100)
4(79 84 102 97)
4(83 101 102 84)
4(96 97 102 101)
4(84 102 17 13)
4(97 16 17 102)
4(81 86 104 99)
4(98 99 104 103)
4(82 87 105 100)
4(99 100 105 104)
4(83 88 106 101)
4(87 105 106 88)
4(100 101 106 105)
4(84 89 107 102)
4(88 106 107 89)
4(101 102 107 106)
4(89 107 18 14)
4(102 17 18 107)
4(88 91 109 106)
4(105 106 109 108)
4(89 92 110 107)
4(106 107 110 109)
4(107 18 19 110)
4(94 99 117 112)
4(98 116 117 99)
4(95 100 118 113)
4(99 117 118 100)
4(96 101 119 114)
4(100 118 119 101)
4(97 102 120 115)
4(101 119 120 102)
4(102 120 21 17)
4(99 104 122 117)
4(100 105 123 118)
4(101 106 124 119)
4(105 123 124 106)
4(102 107 125 120)
4(106 124 125 107)
4(107 125 22 18)
4(106 109 127 124)
4(107 110 128 125)
4(24 29 30 25)
4(29 34 35 30)
4(25 30 31 26)
4(30 35 36 31)
4(26 31 32 27)
4(31 36 37 32)
4(27 32 33 28)
4(32 37 38 33)
4(37 39 40 38)
4(28 33 1 0)
4(33 38 2 1)
4(38 40 3 2)
4(0 1 5 4)
4(1 2 6 5)
4(2 3 7 6)
4(4 5 9 8)
4(5 6 10 9)
4(6 7 11 10)
4(8 9 13 12)
4(9 10 14 13)
4(10 11 15 14)
4(12 13 17 16)
4(13 14 18 17)
4(14 15 19 18)
4(16 17 21 20)
4(17 18 22 21)
4(18 19 23 22)
4(24 25 42 41)
4(25 26 43 42)
4(26 27 44 43)
4(27 28 45 44)
4(28 0 4 45)
4(41 42 59 58)
4(42 43 60 59)
4(43 44 61 60)
4(44 45 62 61)
4(45 4 8 62)
4(58 59 76 75)
4(59 60 77 76)
4(60 61 78 77)
4(61 62 79 78)
4(62 8 12 79)
4(75 76 94 93)
4(76 77 95 94)
4(77 78 96 95)
4(78 79 97 96)
4(79 12 16 97)
4(93 94 112 111)
4(94 95 113 112)
4(95 96 114 113)
4(96 97 115 114)
4(97 16 20 115)
4(34 51 52 35)
4(35 52 53 36)
4(36 53 54 37)
4(37 54 56 39)
4(39 56 57 40)
4(40 57 7 3)
4(51 68 69 52)
4(52 69 70 53)
4(53 70 71 54)
4(54 71 73 56)
4(56 73 74 57)
4(57 74 11 7)
4(68 85 86 69)
4(69 86 87 70)
4(70 87 88 71)
4(71 88 91 73)
4(87 90 91 88)
4(73 91 92 74)
4(74 92 15 11)
4(85 103 104 86)
4(86 104 105 87)
4(87 105 108 90)
4(90 108 109 91)
4(91 109 110 92)
4(92 110 19 15)
4(103 121 122 104)
4(104 122 123 105)
4(105 123 126 108)
4(108 126 127 109)
4(109 127 128 110)
4(110 128 23 19)
4(124 125 128 127)
4(125 22 23 128)
4(111 112 117 116)
4(112 113 118 117)
4(113 114 119 118)
4(114 115 120 119)
4(115 20 21 120)
4(116 117 122 121)
4(117 118 123 122)
4(118 119 124 123)
4(119 120 125 124)
4(120 21 22 125)
4(123 124 127 126)
4(75 93 98 80)
4(80 98 103 85)
4(93 111 116 98)
4(98 116 121 103)
4(24 41 46 29)
4(29 46 51 34)
4(41 58 63 46)
4(46 63 68 51)
4(58 75 80 63)
4(63 80 85 68)
)


// ************************************************************************* //
