/*--------------------------------*- C++ -*----------------------------------*\
| =========                 |                                                 |
| \\      /  F ield         | OpenFOAM: The Open Source CFD Toolbox           |
|  \\    /   O peration     | Version:  2412                                  |
|   \\  /    A nd           | Website:  www.openfoam.com                      |
|    \\/     M anipulation  |                                                 |
\*---------------------------------------------------------------------------*/
FoamFile
{
    version     2.0;
    format      ascii;
    arch        "LSB;label=32;scalar=64";
    class       volScalarField;
    location    "1.6/fluid";
    object      wallHeatFlux;
}
// * * * * * * * * * * * * * * * * * * * * * * * * * * * * * * * * * * * * * //

dimensions      [1 0 -3 0 0 0 0];

internalField   uniform 0;

boundaryField
{
    inlet
    {
        type            calculated;
        value           uniform 0;
    }
    outlet
    {
        type            calculated;
        value           uniform 0;
    }
    walls
    {
        type            calculated;
        value           uniform 0;
    }
    fluid_to_solid
    {
        type            calculated;
        value           nonuniform List<scalar> 
500
(
1836.65
1580.51
1470.19
1405.1
1372.9
1372.96
1405.1
1470.25
1580.58
1836.59
2195.2
1949.2
1746.72
1638.18
1590.96
1590.96
1638.24
1746.72
1949.2
2195.2
2191.62
2015.71
1867.62
1789
1754.82
1754.82
1789
1867.68
2015.77
2191.62
2009.1
1862.12
1741.4
1680.4
1654.62
1654.62
1680.4
1741.53
1862.24
2009.16
1805.62
1672.12
1564.38
1511.17
1488.73
1488.73
1511.23
1564.51
1672.24
1805.68
1620.81
1496.64
1396.39
1347.62
1327.04
1326.97
1347.68
1396.39
1496.7
1620.81
1465.86
1350.09
1255.21
1209.72
1190.5
1190.5
1209.79
1255.28
1350.03
1465.74
1364.25
1261.64
1176.35
1136.23
1119.54
1119.48
1136.11
1176.22
1261.52
1364.06
1327.84
1245.2
1175.11
1142.29
1128.82
1128.82
1142.29
1174.99
1245.08
1327.65
1343.04
1284.08
1232.78
1209.54
1200.33
1200.33
1209.54
1232.78
1283.96
1342.98
1767.7
916.317
740.806
562.442
644.802
671.407
739.813
819.631
904.409
985.157
2026.38
786.699
516.3
388.109
423.211
455.647
528.084
621.359
722.82
880.656
2012.24
806.855
445.228
337.254
359.333
378.682
438.468
517.851
624.956
910.983
1847.02
722.324
405.102
325.223
335.952
335.89
382.961
442.251
552.023
877.431
1661.9
639.096
386.993
322.618
335.642
327.021
362.868
401.195
500.486
792.343
1493.7
570.07
363.488
311.889
326.091
318.215
347.053
372.977
451.057
692.866
1350.82
525.355
339.301
303.02
315.424
309.408
335.952
358.774
408.823
598.412
1254.44
514.812
310.214
281.252
290.989
297.19
319.269
345.441
383.334
518.285
1213.88
579.559
307.92
281.314
283.112
301.036
315.548
340.231
389.039
469.911
1228.08
822.793
433.878
333.595
345.751
326.773
340.603
380.977
420.917
488.454
742.293
709.267
724.116
729.785
725.41
725.41
729.785
724.116
709.082
741.985
1061.4
999.727
1007.86
1016.86
1011.87
1011.8
1016.86
1007.86
999.542
1060.97
1254.39
1193.33
1187.84
1168.74
1124.5
1124.44
1168.93
1188.03
1193.2
1254.08
1174.29
1103.86
1065.84
997.57
908.165
908.165
997.878
1066.21
1103.8
1174.04
1013.78
933.551
876.309
783.515
673.961
674.022
783.823
876.679
933.612
1013.59
854.25
769.897
699.901
594.475
480.239
480.362
594.783
700.209
769.897
854.127
708.219
624.421
550.235
444.747
345.175
345.237
444.932
550.42
624.421
708.096
581.105
504.207
436.121
342.957
266.861
266.861
343.08
436.183
504.022
580.797
479.499
419.546
369.883
299.579
231.37
231.308
299.579
369.822
419.238
479.191
435.443
402.54
383.008
337.35
275.364
275.179
337.227
382.823
402.294
435.012
1767.7
916.317
740.806
562.504
644.802
671.407
739.813
819.631
904.409
985.281
2026.44
786.699
516.3
388.109
423.335
455.709
528.146
621.421
722.944
881.028
2012.24
806.917
445.228
337.316
359.519
378.868
438.654
518.037
625.204
911.479
1847.02
722.324
405.102
325.347
336.138
336.014
383.148
442.437
552.333
877.928
1661.84
639.158
386.993
322.742
335.828
327.207
363.054
401.381
500.796
792.839
1493.77
570.132
363.488
312.013
326.277
318.401
347.177
373.101
451.243
693.238
1350.88
525.417
339.239
303.082
315.672
309.656
336.138
358.898
409.009
598.722
1254.63
514.998
310.338
281.376
291.175
297.377
319.455
345.503
383.458
518.595
1214.07
579.621
307.92
281.376
283.236
301.284
315.796
340.479
389.225
470.159
1228.14
822.731
433.692
333.595
345.813
326.897
340.913
381.163
420.979
488.702
1224.51
823.09
495.397
414.509
405
383.573
379.128
395.305
427.537
499.164
1169.86
541.337
312.996
267.18
268.785
267.983
273.602
293.546
339.115
427.105
1130.41
418.893
252.484
205.309
209.323
218.338
233.219
257.362
301.758
372.212
1111.02
371.039
267.365
214.263
205.803
204.507
214.571
233.096
257.794
320.653
1102.06
325.902
285.951
237.912
218.523
208.458
208.15
212.04
217.906
266.192
1102
325.902
286.075
237.974
218.585
208.458
208.15
211.978
217.782
265.945
1110.95
371.224
267.674
214.571
205.927
204.63
214.571
233.157
257.671
320.406
1130.41
418.954
252.793
205.433
209.385
218.276
233.096
257.239
301.635
371.78
1169.8
541.152
312.873
267.118
268.662
267.797
273.355
293.484
338.992
426.796
1224.38
822.966
495.089
414.447
404.938
383.45
378.942
395.182
427.476
498.979
)
;
    }
}


// ************************************************************************* //
