# Wall heat-flux
# Time        	patch         	min           	max           	integral      
0             	bodyBottom	1.230000e+07	1.230000e+07	4.920000e+03
0             	solid_to_fluid	0.000000e+00	0.000000e+00	0.000000e+00
0.1           	bodyBottom	2.475785e+06	2.478245e+06	9.905190e+02
0.1           	solid_to_fluid	-7.175000e+03	0.000000e+00	-3.652280e+00
0.2           	bodyBottom	1.716875e+06	1.719745e+06	6.870198e+02
0.2           	solid_to_fluid	-4.305000e+03	0.000000e+00	-2.897880e+00
0.3           	bodyBottom	1.394000e+06	1.397075e+06	5.578485e+02
0.3           	solid_to_fluid	-3.280000e+03	-2.050000e+02	-2.667460e+00
0.4           	bodyBottom	1.203965e+06	1.207245e+06	4.818607e+02
0.4           	solid_to_fluid	-2.870000e+03	-6.150000e+02	-2.620720e+00
0.5           	bodyBottom	1.075020e+06	1.078505e+06	4.302975e+02
0.5           	solid_to_fluid	-2.665000e+03	-6.150000e+02	-2.601860e+00
0.6           	bodyBottom	9.799000e+05	9.833850e+05	3.922003e+02
0.6           	solid_to_fluid	-2.665000e+03	-8.200000e+02	-2.610880e+00
0.7           	bodyBottom	9.050750e+05	9.085600e+05	3.622990e+02
0.7           	solid_to_fluid	-2.460000e+03	-6.150000e+02	-2.601040e+00
0.8           	bodyBottom	8.435750e+05	8.472650e+05	3.377080e+02
0.8           	solid_to_fluid	-2.460000e+03	-6.150000e+02	-2.605140e+00
0.9           	bodyBottom	7.910950e+05	7.947850e+05	3.167070e+02
0.9           	solid_to_fluid	-2.460000e+03	-6.150000e+02	-2.609240e+00
1             	bodyBottom	7.449700e+05	7.486600e+05	2.982397e+02
1             	solid_to_fluid	-2.460000e+03	-6.150000e+02	-2.603500e+00
1.1           	bodyBottom	7.033550e+05	7.072500e+05	2.816274e+02
1.1           	solid_to_fluid	-2.460000e+03	-6.150000e+02	-2.604320e+00
1.2           	bodyBottom	6.654300e+05	6.693250e+05	2.664410e+02
1.2           	solid_to_fluid	-2.460000e+03	-6.150000e+02	-2.604320e+00
1.3           	bodyBottom	6.301700e+05	6.342700e+05	2.523911e+02
1.3           	solid_to_fluid	-2.460000e+03	-4.100000e+02	-2.597760e+00
1.4           	bodyBottom	5.973700e+05	6.014700e+05	2.392850e+02
1.4           	solid_to_fluid	-2.460000e+03	-6.150000e+02	-2.595300e+00
1.5           	bodyBottom	5.666200e+05	5.707200e+05	2.269957e+02
1.5           	solid_to_fluid	-2.460000e+03	-6.150000e+02	-2.575620e+00
1.6           	bodyBottom	5.377150e+05	5.418150e+05	2.154189e+02
1.6           	solid_to_fluid	-2.665000e+03	-6.150000e+02	-2.579720e+00
1.7           	bodyBottom	5.104500e+05	5.145500e+05	2.044949e+02
1.7           	solid_to_fluid	-2.460000e+03	-4.100000e+02	-2.576440e+00
1.8           	bodyBottom	4.846200e+05	4.887200e+05	1.941604e+02
1.8           	solid_to_fluid	-2.460000e+03	-6.150000e+02	-2.574800e+00
1.9           	bodyBottom	4.600200e+05	4.643250e+05	1.843811e+02
1.9           	solid_to_fluid	-2.665000e+03	-4.100000e+02	-2.560860e+00
2             	bodyBottom	4.368550e+05	4.411600e+05	1.751028e+02
2             	solid_to_fluid	-2.665000e+03	-4.100000e+02	-2.559220e+00
2.1           	bodyBottom	4.149200e+05	4.192250e+05	1.663108e+02
2.1           	solid_to_fluid	-2.665000e+03	-4.100000e+02	-2.569060e+00
2.2           	bodyBottom	3.940100e+05	3.985200e+05	1.579689e+02
2.2           	solid_to_fluid	-2.665000e+03	-4.100000e+02	-2.566600e+00
2.3           	bodyBottom	3.743300e+05	3.786350e+05	1.500641e+02
2.3           	solid_to_fluid	-2.665000e+03	-4.100000e+02	-2.572340e+00
2.4           	bodyBottom	3.554700e+05	3.599800e+05	1.425537e+02
2.4           	solid_to_fluid	-2.665000e+03	-6.150000e+02	-2.555120e+00
2.5           	bodyBottom	3.376350e+05	3.421450e+05	1.354287e+02
2.5           	solid_to_fluid	-2.665000e+03	-4.100000e+02	-2.557580e+00
2.6           	bodyBottom	3.208250e+05	3.253350e+05	1.286728e+02
2.6           	solid_to_fluid	-2.665000e+03	-4.100000e+02	-2.560860e+00
2.7           	bodyBottom	3.046300e+05	3.091400e+05	1.222571e+02
2.7           	solid_to_fluid	-2.665000e+03	-4.100000e+02	-2.561680e+00
2.8           	bodyBottom	2.894600e+05	2.939700e+05	1.161596e+02
2.8           	solid_to_fluid	-2.665000e+03	-4.100000e+02	-2.543640e+00
2.9           	bodyBottom	2.749050e+05	2.796200e+05	1.103892e+02
2.9           	solid_to_fluid	-2.665000e+03	-4.100000e+02	-2.534620e+00
3             	bodyBottom	2.611700e+05	2.658850e+05	1.048977e+02
3             	solid_to_fluid	-2.665000e+03	-4.100000e+02	-2.521500e+00
3.1           	bodyBottom	2.482550e+05	2.529700e+05	9.969478e+01
3.1           	solid_to_fluid	-2.665000e+03	-4.100000e+02	-2.542000e+00
3.2           	bodyBottom	2.359550e+05	2.404650e+05	9.473870e+01
3.2           	solid_to_fluid	-2.665000e+03	-4.100000e+02	-2.548560e+00
3.3           	bodyBottom	2.240650e+05	2.287800e+05	9.005568e+01
3.3           	solid_to_fluid	-2.665000e+03	-4.100000e+02	-2.546920e+00
3.4           	bodyBottom	2.129950e+05	2.177100e+05	8.561210e+01
3.4           	solid_to_fluid	-2.665000e+03	-4.100000e+02	-2.536260e+00
3.5           	bodyBottom	2.025400e+05	2.072550e+05	8.137188e+01
3.5           	solid_to_fluid	-2.665000e+03	-4.100000e+02	-2.561680e+00
3.6           	bodyBottom	1.924950e+05	1.972100e+05	7.736700e+01
3.6           	solid_to_fluid	-2.665000e+03	-4.100000e+02	-2.537900e+00
3.7           	bodyBottom	1.828600e+05	1.875750e+05	7.356302e+01
3.7           	solid_to_fluid	-2.665000e+03	-4.100000e+02	-2.522320e+00
3.8           	bodyBottom	1.738400e+05	1.785550e+05	6.995338e+01
3.8           	solid_to_fluid	-2.870000e+03	-4.100000e+02	-2.547740e+00
3.9           	bodyBottom	1.652300e+05	1.701500e+05	6.651758e+01
3.9           	solid_to_fluid	-2.870000e+03	-4.100000e+02	-2.524780e+00
4             	bodyBottom	1.572350e+05	1.619500e+05	6.326300e+01
4             	solid_to_fluid	-2.870000e+03	-4.100000e+02	-2.537900e+00
4.1           	bodyBottom	1.494450e+05	1.541600e+05	6.018390e+01
4.1           	solid_to_fluid	-2.665000e+03	-4.100000e+02	-2.508380e+00
4.2           	bodyBottom	1.420650e+05	1.469850e+05	5.724010e+01
4.2           	solid_to_fluid	-2.870000e+03	-4.100000e+02	-2.524780e+00
4.3           	bodyBottom	1.350950e+05	1.400150e+05	5.445620e+01
4.3           	solid_to_fluid	-2.870000e+03	-4.100000e+02	-2.510020e+00
4.4           	bodyBottom	1.285350e+05	1.334550e+05	5.181170e+01
4.4           	solid_to_fluid	-2.870000e+03	-4.100000e+02	-2.489520e+00
4.5           	bodyBottom	1.221800e+05	1.271000e+05	4.930086e+01
4.5           	solid_to_fluid	-2.870000e+03	-4.100000e+02	-2.502640e+00
4.6           	bodyBottom	1.162350e+05	1.211550e+05	4.691548e+01
4.6           	solid_to_fluid	-2.870000e+03	-4.100000e+02	-2.503460e+00
4.7           	bodyBottom	1.104950e+05	1.154150e+05	4.464900e+01
4.7           	solid_to_fluid	-2.870000e+03	-4.100000e+02	-2.490340e+00
4.8           	bodyBottom	1.051650e+05	1.100850e+05	4.249568e+01
4.8           	solid_to_fluid	-2.870000e+03	-4.100000e+02	-2.496900e+00
4.9           	bodyBottom	1.000400e+05	1.051650e+05	4.046208e+01
4.9           	solid_to_fluid	-2.870000e+03	-4.100000e+02	-2.456720e+00
5             	bodyBottom	9.532500e+04	1.002450e+05	3.852606e+01
5             	solid_to_fluid	-2.870000e+03	-4.100000e+02	-2.484600e+00
