/*--------------------------------*- C++ -*----------------------------------*\
| =========                 |                                                 |
| \\      /  F ield         | OpenFOAM: The Open Source CFD Toolbox           |
|  \\    /   O peration     | Version:  2412                                  |
|   \\  /    A nd           | Website:  www.openfoam.com                      |
|    \\/     M anipulation  |                                                 |
\*---------------------------------------------------------------------------*/
FoamFile
{
    version     2.0;
    format      ascii;
    arch        "LSB;label=32;scalar=64";
    class       volScalarField;
    location    "4.8/fluid";
    object      wallHeatFlux;
}
// * * * * * * * * * * * * * * * * * * * * * * * * * * * * * * * * * * * * * //

dimensions      [1 0 -3 0 0 0 0];

internalField   uniform 0;

boundaryField
{
    inlet
    {
        type            calculated;
        value           uniform 0;
    }
    outlet
    {
        type            calculated;
        value           uniform 0;
    }
    walls
    {
        type            calculated;
        value           uniform 0;
    }
    fluid_to_solid
    {
        type            calculated;
        value           nonuniform List<scalar> 
500
(
1801.17
1514.69
1389.65
1317.09
1281.17
1282.47
1319.12
1391.75
1516.73
1806.24
2396.52
2099.34
1854.02
1722.49
1665.13
1666.8
1726.07
1857.79
2103.11
2400.9
2633.12
2404.49
2211.03
2107.74
2062.07
2064.17
2110.34
2213.5
2406.9
2635.96
2651.66
2447.32
2278.83
2192.98
2155.89
2157.5
2194.77
2280.69
2449.11
2653.95
2620.33
2422.04
2261.52
2181.79
2147.49
2148.85
2183.34
2263.01
2423.59
2622.36
2570.2
2369.5
2206.89
2127.34
2092.91
2094.27
2128.7
2208.25
2370.8
2572.18
2533.36
2334.34
2171.53
2093.22
2059.6
2060.89
2094.64
2172.83
2335.63
2535.28
2535.59
2350.34
2197.06
2125.3
2095.07
2096.19
2126.41
2198.23
2351.46
2537.32
2598.63
2444.17
2314.19
2254.17
2229.2
2230.13
2255.03
2315.05
2445.1
2600.11
2696.91
2584.54
2488.12
2445.04
2427.91
2428.47
2445.47
2488.55
2585.09
2697.9
1754.24
894.92
720.712
546.379
625.08
642.693
693.548
752.713
823.786
913.154
2220.06
859.446
589.233
459.864
494.842
517.975
573.853
642.011
709.921
804.622
2419.14
978.149
574.721
460.794
486.718
499.617
548.736
604.18
668.244
840.034
2439.17
974.862
577.264
488.144
504.207
496.579
543.278
588.117
664.461
924.689
2414.42
960.039
599.28
520.269
538.689
517.851
561.573
595.063
670.787
950.737
2372
944.101
604.056
527.091
542.596
517.417
556.178
586.257
656.089
920.224
2340.56
957.063
597.048
519.153
530.068
514.068
546.069
578.752
637.608
873.338
2338.95
1013.81
571.744
489.384
488.082
482.252
508.734
562.628
634.507
834.081
2383.04
1201.04
607.529
509.106
476.547
484.299
515.184
567.031
665.826
845.12
2470.55
1693.22
947.946
677.919
647.406
617.018
604.986
693.796
822.173
979.141
700.887
638.962
624.852
591.21
556.643
523.925
495.026
472.475
477.158
576.668
1050.07
951.296
889.064
802.123
729.97
674.022
628.734
595.03
593.859
704.214
1400.97
1284.27
1179.59
1066.58
966.454
882.224
816.849
778.893
796.577
930.901
1551.5
1415.45
1276.01
1160.42
1064.12
984.877
926.65
899.169
933.859
1085.19
1568.32
1422.54
1248.53
1126.16
1025.98
946.12
892.021
874.029
923.446
1089.19
1534.13
1388.16
1194.99
1070.71
966.269
882.594
826.646
809.27
860.966
1029.24
1491.3
1353.34
1161.84
1041.38
933.304
842.79
778.893
753.384
796.269
955.794
1433.08
1312.61
1147.17
1035.59
929.422
834.471
760.778
720.666
743.71
881.115
1351.93
1271.39
1157.03
1067.44
973.416
880.191
797.748
737.487
726.828
821.655
1285.57
1286.49
1240.34
1184.33
1110.82
1025.98
938.665
857.146
803.047
836.012
1746.06
887.602
711.099
537.076
610.94
630.6
682.447
739.875
807.289
907.324
2212.31
850.267
578.752
452.856
487.09
514.44
575.279
648.647
733.86
904.719
2413.31
970.582
569.388
462.159
491.183
510.285
570.504
639.344
748.186
1092.76
2434.21
969.962
578.132
497.137
521.51
524.611
583.218
645.67
797.924
1251.4
2409.9
957.931
606.288
535.03
566.845
565.605
619.87
670.415
842.329
1311.31
2367.66
943.915
618.196
551.837
583.776
579.621
630.848
679.656
853.12
1307.96
2336.22
956.256
616.273
556.798
582.412
577.946
632.894
693.92
851.384
1283.4
2334.73
1009.41
593.203
529.634
545.077
558.969
612.242
687.036
831.352
1235.83
2378.89
1180.2
606.164
530.44
516.61
547.371
594.257
674.446
842.825
1171.02
2466.58
1666.05
871.602
654.414
656.895
608.645
618.382
721.084
875.447
1140.88
2448.52
1629.75
934.543
784.745
755.23
708.178
696.137
754.612
893.79
1148.62
2342.07
1073.6
584.746
482.554
487.803
490.89
516.33
589.685
739.546
1025
2266.61
856.68
508.303
401.665
405.308
425.808
465.45
537.139
670.698
981.533
2230.43
787.029
566.098
460.881
438.899
434.33
456.25
510.958
628.833
945.226
2214.81
747.696
612.1
523.678
487.864
477.8
480.578
504.845
590.55
897.31
2214.93
744.856
612.038
529.297
501.263
497.25
499.596
512.316
566.654
843.837
2229.88
775.544
567.456
479.528
472.057
480.022
499.782
531.952
581.597
801.602
2265.75
840.749
504.66
397.59
396.046
416.608
460.572
525.53
618.768
790.425
2340.96
1036.92
533.434
428.834
436.058
448.099
471.007
528.123
646.184
835.686
2447.41
1597.83
837.415
704.041
707.622
671.994
648.098
659.336
742.633
924.232
)
;
    }
}


// ************************************************************************* //
