/*--------------------------------*- C++ -*----------------------------------*\
| =========                 |                                                 |
| \\      /  F ield         | OpenFOAM: The Open Source CFD Toolbox           |
|  \\    /   O peration     | Version:  2412                                  |
|   \\  /    A nd           | Website:  www.openfoam.com                      |
|    \\/     M anipulation  |                                                 |
\*---------------------------------------------------------------------------*/
FoamFile
{
    version     2.0;
    format      ascii;
    arch        "LSB;label=32;scalar=64";
    class       volScalarField;
    location    "3/solid";
    object      T;
}
// * * * * * * * * * * * * * * * * * * * * * * * * * * * * * * * * * * * * * //

dimensions      [0 0 0 1 0 0 0];

internalField   nonuniform List<scalar> 
1000
(
351.703
351.712
351.717
351.72
351.721
351.722
351.722
351.721
351.719
351.716
351.709
351.716
351.72
351.722
351.723
351.724
351.724
351.723
351.722
351.719
351.712
351.718
351.721
351.723
351.724
351.725
351.725
351.724
351.723
351.72
351.713
351.719
351.722
351.724
351.725
351.725
351.725
351.725
351.724
351.721
351.714
351.719
351.722
351.724
351.725
351.725
351.726
351.725
351.724
351.721
351.714
351.719
351.722
351.724
351.725
351.725
351.726
351.725
351.724
351.721
351.713
351.719
351.722
351.724
351.725
351.725
351.725
351.725
351.724
351.721
351.712
351.718
351.721
351.723
351.724
351.725
351.725
351.724
351.723
351.72
351.709
351.716
351.72
351.722
351.723
351.724
351.724
351.723
351.722
351.719
351.703
351.712
351.717
351.72
351.721
351.722
351.722
351.721
351.719
351.716
349.159
349.178
349.189
349.196
349.2
349.202
349.201
349.199
349.195
349.188
349.17
349.184
349.193
349.199
349.203
349.205
349.205
349.203
349.2
349.193
349.176
349.188
349.196
349.201
349.205
349.206
349.207
349.205
349.202
349.196
349.18
349.191
349.198
349.203
349.206
349.207
349.208
349.207
349.203
349.197
349.181
349.192
349.199
349.203
349.206
349.208
349.208
349.207
349.204
349.198
349.181
349.191
349.199
349.203
349.206
349.208
349.208
349.207
349.204
349.198
349.179
349.19
349.198
349.203
349.206
349.207
349.208
349.207
349.203
349.197
349.176
349.188
349.196
349.201
349.205
349.206
349.207
349.205
349.202
349.196
349.17
349.184
349.193
349.199
349.203
349.204
349.205
349.203
349.2
349.193
349.159
349.177
349.189
349.196
349.2
349.201
349.201
349.199
349.195
349.189
346.72
346.743
346.759
346.769
346.774
346.777
346.777
346.775
346.769
346.76
346.733
346.75
346.763
346.772
346.777
346.78
346.781
346.779
346.774
346.765
346.74
346.756
346.766
346.774
346.779
346.782
346.783
346.781
346.777
346.769
346.745
346.759
346.769
346.776
346.781
346.783
346.784
346.783
346.779
346.771
346.747
346.761
346.77
346.777
346.781
346.784
346.785
346.784
346.78
346.772
346.747
346.76
346.77
346.777
346.781
346.784
346.785
346.784
346.78
346.772
346.745
346.759
346.769
346.776
346.781
346.783
346.784
346.783
346.779
346.771
346.741
346.756
346.767
346.774
346.779
346.782
346.783
346.781
346.777
346.769
346.733
346.751
346.763
346.771
346.777
346.78
346.781
346.779
346.774
346.766
346.72
346.743
346.758
346.768
346.773
346.776
346.777
346.775
346.769
346.76
344.443
344.467
344.484
344.496
344.503
344.506
344.507
344.505
344.499
344.489
344.455
344.474
344.489
344.5
344.506
344.51
344.511
344.509
344.504
344.495
344.464
344.48
344.493
344.502
344.508
344.512
344.513
344.511
344.507
344.499
344.469
344.484
344.496
344.504
344.51
344.513
344.515
344.514
344.51
344.502
344.471
344.486
344.497
344.505
344.51
344.514
344.516
344.514
344.51
344.503
344.471
344.486
344.497
344.505
344.51
344.514
344.516
344.515
344.51
344.503
344.469
344.484
344.496
344.504
344.51
344.513
344.515
344.514
344.51
344.502
344.464
344.481
344.493
344.502
344.508
344.512
344.513
344.511
344.507
344.499
344.456
344.475
344.489
344.499
344.506
344.509
344.511
344.509
344.504
344.495
344.443
344.467
344.484
344.495
344.502
344.506
344.507
344.505
344.499
344.489
342.379
342.403
342.421
342.433
342.441
342.445
342.447
342.445
342.439
342.43
342.391
342.41
342.426
342.437
342.444
342.449
342.451
342.449
342.444
342.436
342.399
342.416
342.429
342.44
342.447
342.451
342.453
342.452
342.448
342.44
342.404
342.42
342.432
342.442
342.448
342.453
342.455
342.454
342.45
342.444
342.406
342.421
342.434
342.443
342.449
342.453
342.455
342.455
342.451
342.445
342.406
342.422
342.434
342.443
342.449
342.453
342.456
342.455
342.451
342.445
342.405
342.421
342.433
342.442
342.449
342.453
342.455
342.454
342.45
342.443
342.4
342.417
342.43
342.44
342.447
342.451
342.453
342.452
342.448
342.44
342.392
342.411
342.426
342.437
342.444
342.449
342.45
342.449
342.444
342.436
342.379
342.403
342.421
342.433
342.441
342.445
342.447
342.445
342.44
342.43
340.577
340.6
340.618
340.631
340.64
340.646
340.648
340.646
340.641
340.633
340.589
340.608
340.623
340.635
340.644
340.649
340.652
340.65
340.646
340.639
340.597
340.614
340.627
340.638
340.646
340.652
340.654
340.653
340.65
340.644
340.602
340.617
340.63
340.641
340.648
340.653
340.656
340.655
340.653
340.647
340.604
340.619
340.631
340.642
340.649
340.653
340.656
340.656
340.654
340.648
340.604
340.619
340.632
340.642
340.649
340.653
340.656
340.656
340.654
340.648
340.602
340.618
340.631
340.641
340.648
340.653
340.656
340.656
340.652
340.646
340.598
340.614
340.628
340.639
340.646
340.651
340.654
340.653
340.649
340.643
340.589
340.609
340.624
340.636
340.643
340.648
340.651
340.65
340.647
340.639
340.577
340.601
340.619
340.632
340.64
340.645
340.648
340.647
340.642
340.633
339.08
339.103
339.121
339.134
339.144
339.15
339.153
339.152
339.148
339.14
339.092
339.11
339.126
339.139
339.148
339.154
339.157
339.156
339.153
339.147
339.1
339.116
339.13
339.142
339.151
339.156
339.159
339.159
339.157
339.152
339.104
339.119
339.132
339.144
339.152
339.158
339.161
339.161
339.16
339.155
339.105
339.12
339.134
339.145
339.153
339.158
339.161
339.162
339.16
339.156
339.105
339.121
339.134
339.144
339.152
339.158
339.162
339.162
339.16
339.156
339.104
339.12
339.133
339.144
339.152
339.158
339.161
339.162
339.159
339.154
339.099
339.116
339.13
339.142
339.15
339.155
339.159
339.159
339.156
339.151
339.091
339.11
339.126
339.138
339.147
339.153
339.156
339.156
339.153
339.147
339.079
339.102
339.121
339.134
339.143
339.149
339.153
339.153
339.149
339.141
337.921
337.944
337.963
337.977
337.988
337.994
337.998
337.997
337.994
337.988
337.933
337.952
337.968
337.982
337.992
337.998
338.002
338.001
337.999
337.994
337.941
337.958
337.972
337.985
337.995
338.001
338.004
338.004
338.003
337.999
337.945
337.961
337.975
337.988
337.996
338.003
338.006
338.007
338.006
338.002
337.946
337.962
337.976
337.988
337.997
338.003
338.006
338.007
338.006
338.003
337.946
337.961
337.976
337.988
337.996
338.003
338.007
338.008
338.006
338.002
337.944
337.96
337.975
337.987
337.996
338.002
338.006
338.007
338.005
338
337.939
337.956
337.972
337.985
337.993
338
338.004
338.004
338.002
337.997
337.931
337.95
337.967
337.981
337.99
337.997
338.001
338.002
338
337.994
337.919
337.942
337.962
337.976
337.986
337.994
337.998
337.998
337.995
337.989
337.127
337.151
337.172
337.187
337.199
337.206
337.21
337.21
337.206
337.201
337.139
337.16
337.177
337.192
337.203
337.21
337.214
337.214
337.212
337.207
337.148
337.166
337.182
337.197
337.207
337.213
337.217
337.217
337.216
337.212
337.152
337.17
337.186
337.199
337.209
337.215
337.219
337.219
337.219
337.215
337.153
337.171
337.187
337.2
337.209
337.215
337.219
337.22
337.22
337.216
337.153
337.171
337.187
337.2
337.209
337.215
337.22
337.221
337.22
337.216
337.151
337.17
337.186
337.199
337.208
337.215
337.219
337.22
337.218
337.214
337.146
337.166
337.183
337.197
337.206
337.212
337.216
337.217
337.216
337.211
337.138
337.159
337.178
337.193
337.203
337.209
337.214
337.215
337.213
337.208
337.125
337.15
337.172
337.188
337.198
337.206
337.21
337.211
337.208
337.202
336.716
336.743
336.766
336.784
336.796
336.804
336.809
336.808
336.805
336.8
336.73
336.754
336.774
336.79
336.802
336.809
336.814
336.813
336.811
336.806
336.738
336.761
336.78
336.795
336.806
336.813
336.817
336.817
336.815
336.811
336.743
336.765
336.783
336.798
336.808
336.815
336.819
336.819
336.818
336.814
336.745
336.767
336.784
336.799
336.808
336.815
336.819
336.82
336.82
336.816
336.745
336.767
336.785
336.799
336.808
336.815
336.819
336.821
336.819
336.815
336.743
336.766
336.785
336.799
336.808
336.815
336.819
336.82
336.818
336.813
336.738
336.762
336.781
336.796
336.806
336.812
336.816
336.817
336.815
336.81
336.729
336.754
336.775
336.791
336.802
336.808
336.813
336.814
336.812
336.807
336.715
336.743
336.768
336.785
336.796
336.804
336.809
336.81
336.807
336.801
)
;

boundaryField
{
    bodyBottom
    {
        type            fixedValue;
        value           uniform 353;
    }
    solid_to_fluid
    {
        type            compressible::turbulentTemperatureCoupledBaffleMixed;
        refValue        nonuniform List<scalar> 
500
(
322.33
326.81
328.75
329.88
330.441
330.439
329.877
328.747
326.808
322.326
311.535
316.06
319.787
321.78
322.653
322.652
321.776
319.783
316.057
311.531
306.673
310.08
312.953
314.481
315.15
315.148
314.479
312.951
310.078
306.671
305.271
308.257
310.711
311.958
312.488
312.487
311.957
310.71
308.256
305.27
304.721
307.563
309.858
310.995
311.478
311.477
310.994
309.858
307.562
304.72
304.518
307.33
309.6
310.708
311.179
311.179
310.707
309.6
307.329
304.517
304.309
307.052
309.292
310.366
310.821
310.821
310.365
309.291
307.052
304.308
303.723
306.246
308.331
309.307
309.712
309.712
309.307
308.33
306.245
303.722
302.493
304.581
306.338
307.152
307.485
307.485
307.152
306.339
304.582
302.493
300.982
302.499
303.802
304.386
304.615
304.615
304.387
303.803
302.5
300.982
323.373
337.176
340.002
342.826
341.509
341.031
339.915
338.641
337.329
336.286
314.517
335.745
340.12
342.177
341.584
341.013
339.797
338.299
336.766
334.677
310.098
331.975
338.266
340.063
339.63
339.268
338.199
336.845
335.197
330.924
308.572
330.238
336.211
337.598
337.338
337.318
336.407
335.342
333.636
328.064
307.841
328.835
334.033
335.242
334.947
335.121
334.365
333.624
331.982
326.512
307.457
327.624
332.271
333.363
333.061
333.268
332.618
332.059
330.628
325.655
307.118
326.256
330.903
331.831
331.58
331.753
331.146
330.587
329.502
325.247
306.537
324.593
330.08
330.956
330.808
330.72
330.196
329.527
328.557
325.21
305.527
321.634
329.083
329.991
330.127
329.767
329.382
328.713
327.368
325.136
304.134
314.723
325.195
327.971
327.841
328.465
328.268
327.183
325.985
324.107
340.401
340.762
340.309
339.906
339.699
339.682
339.86
340.277
340.781
340.503
332.237
333.113
332.509
331.713
331.214
331.163
331.595
332.422
333.137
332.372
324.883
325.75
325.294
324.861
324.923
324.863
324.71
325.177
325.756
325.008
322.179
323.342
323.534
324.044
325.109
325.02
323.808
323.331
323.301
322.283
321.669
323.122
323.719
324.792
326.409
326.286
324.485
323.459
323.063
321.767
321.639
323.271
324.183
325.679
327.639
327.488
325.32
323.886
323.203
321.736
322.021
323.731
324.82
326.521
328.586
328.431
326.166
324.533
323.683
322.133
322.813
324.447
325.494
327.134
329.019
328.919
326.839
325.27
324.452
322.964
323.919
325.2
325.871
327.179
328.836
328.751
326.972
325.74
325.281
324.133
324.48
325.034
325.007
325.802
327.196
327.158
325.687
324.962
325.183
324.758
323.38
337.181
340.008
342.831
341.518
341.039
339.925
338.652
337.334
336.248
314.522
335.746
340.118
342.169
341.571
340.996
339.776
338.274
336.725
334.565
310.101
331.967
338.245
340.028
339.586
339.218
338.139
336.781
335.107
330.715
308.575
330.222
336.174
337.541
337.27
337.251
336.325
335.254
333.508
327.827
307.842
328.812
333.986
335.177
334.866
335.032
334.268
333.521
331.823
326.273
307.458
327.6
332.221
333.297
332.979
333.177
332.519
331.952
330.466
325.42
307.119
326.236
330.853
331.759
331.492
331.661
331.041
330.476
329.352
325.012
306.539
324.578
330.026
330.871
330.705
330.609
330.077
329.406
328.41
324.963
305.529
321.646
329.052
329.904
330.006
329.63
329.229
328.522
327.173
324.916
304.136
314.749
325.304
327.957
327.761
328.38
328.067
326.969
325.817
323.851
304.202
315.011
324.038
326.081
326.419
327.059
327.212
326.739
325.737
323.607
305.634
322.447
328.802
330.099
330.092
330.135
329.967
329.35
327.974
325.43
306.656
325.62
330.356
331.678
331.596
331.345
330.91
330.18
328.836
326.676
307.151
326.798
329.919
331.323
331.513
331.505
331.193
330.609
329.837
327.642
307.367
327.578
329.356
330.597
331.067
331.238
331.21
331.055
330.787
328.827
307.371
327.627
329.32
330.543
331.025
331.238
331.235
331.117
330.891
328.926
307.156
326.791
329.796
331.158
331.383
331.392
331.135
330.633
329.941
327.753
306.661
325.649
330.309
331.679
331.617
331.372
330.952
330.246
328.936
326.831
305.641
322.554
328.944
330.245
330.219
330.241
330.071
329.451
328.089
325.647
304.208
315.09
324.309
326.22
326.522
327.146
327.341
326.884
325.887
323.78
)
;
        refGradient     uniform 0;
        valueFraction   nonuniform List<scalar> 
500
(
0.000301416
0.000301416
0.000301416
0.000301416
0.000301416
0.000301416
0.000301416
0.000301416
0.000301416
0.000301416
0.000301416
0.000301416
0.000301416
0.000301416
0.000301416
0.000301416
0.000301416
0.000301416
0.000301416
0.000301416
0.000301416
0.000301416
0.000301416
0.000301416
0.000301416
0.000301416
0.000301416
0.000301416
0.000301416
0.000301416
0.000301416
0.000301416
0.000301416
0.000301416
0.000301416
0.000301416
0.000301416
0.000301416
0.000301416
0.000301416
0.000301416
0.000301416
0.000301416
0.000301416
0.000301416
0.000301416
0.000301416
0.000301416
0.000301416
0.000301416
0.000301416
0.000301416
0.000301416
0.000301416
0.000301416
0.000301416
0.000301416
0.000301416
0.000301416
0.000301416
0.000301416
0.000301416
0.000301416
0.000301416
0.000301416
0.000301416
0.000301416
0.000301416
0.000301416
0.000301416
0.000301416
0.000301416
0.000301416
0.000301416
0.000301416
0.000301416
0.000301416
0.000301416
0.000301416
0.000301416
0.000301416
0.000301416
0.000301416
0.000301416
0.000301416
0.000301416
0.000301416
0.000301416
0.000301416
0.000301416
0.000301416
0.000301416
0.000301416
0.000301416
0.000301416
0.000301416
0.000301416
0.000301416
0.000301416
0.000301416
0.000302436
0.000302436
0.000302436
0.000302436
0.000302436
0.000302436
0.000302436
0.000302436
0.000302436
0.000302436
0.000302436
0.000302436
0.000302436
0.000302436
0.000302436
0.000302436
0.000302436
0.000302436
0.000302436
0.000302436
0.000302436
0.000302436
0.000302436
0.000302436
0.000302436
0.000302436
0.000302436
0.000302436
0.000302436
0.000302436
0.000302436
0.000302436
0.000302436
0.000302436
0.000302436
0.000302436
0.000302436
0.000302436
0.000302436
0.000302436
0.000302436
0.000302436
0.000302436
0.000302436
0.000302436
0.000302436
0.000302436
0.000302436
0.000302436
0.000302436
0.000302436
0.000302436
0.000302436
0.000302436
0.000302436
0.000302436
0.000302436
0.000302436
0.000302436
0.000302436
0.000302436
0.000302436
0.000302436
0.000302436
0.000302436
0.000302436
0.000302436
0.000302436
0.000302436
0.000302436
0.000302436
0.000302436
0.000302436
0.000302436
0.000302436
0.000302436
0.000302436
0.000302436
0.000302436
0.000302436
0.000302436
0.000302436
0.000302436
0.000302436
0.000302436
0.000302436
0.000302436
0.000302436
0.000302436
0.000302436
0.000302436
0.000302436
0.000302436
0.000302436
0.000302436
0.000302436
0.000302436
0.000302436
0.000302436
0.000302436
0.000300478
0.000300478
0.000300478
0.000300478
0.000300478
0.000300478
0.000300478
0.000300478
0.000300478
0.000300478
0.000300478
0.000300478
0.000300478
0.000300478
0.000300478
0.000300478
0.000300478
0.000300478
0.000300478
0.000300478
0.000300478
0.000300478
0.000300478
0.000300478
0.000300478
0.000300478
0.000300478
0.000300478
0.000300478
0.000300478
0.000300478
0.000300478
0.000300478
0.000300478
0.000300478
0.000300478
0.000300478
0.000300478
0.000300478
0.000300478
0.000300478
0.000300478
0.000300478
0.000300478
0.000300478
0.000300478
0.000300478
0.000300478
0.000300478
0.000300478
0.000300478
0.000300478
0.000300478
0.000300478
0.000300478
0.000300478
0.000300478
0.000300478
0.000300478
0.000300478
0.000300478
0.000300478
0.000300478
0.000300478
0.000300478
0.000300478
0.000300478
0.000300478
0.000300478
0.000300478
0.000300478
0.000300478
0.000300478
0.000300478
0.000300478
0.000300478
0.000300478
0.000300478
0.000300478
0.000300478
0.000300478
0.000300478
0.000300478
0.000300478
0.000300478
0.000300478
0.000300478
0.000300478
0.000300478
0.000300478
0.000300478
0.000300478
0.000300478
0.000300478
0.000300478
0.000300478
0.000300478
0.000300478
0.000300478
0.000300478
0.000302436
0.000302436
0.000302436
0.000302436
0.000302436
0.000302436
0.000302436
0.000302436
0.000302436
0.000302436
0.000302436
0.000302436
0.000302436
0.000302436
0.000302436
0.000302436
0.000302436
0.000302436
0.000302436
0.000302436
0.000302436
0.000302436
0.000302436
0.000302436
0.000302436
0.000302436
0.000302436
0.000302436
0.000302436
0.000302436
0.000302436
0.000302436
0.000302436
0.000302436
0.000302436
0.000302436
0.000302436
0.000302436
0.000302436
0.000302436
0.000302436
0.000302436
0.000302436
0.000302436
0.000302436
0.000302436
0.000302436
0.000302436
0.000302436
0.000302436
0.000302436
0.000302436
0.000302436
0.000302436
0.000302436
0.000302436
0.000302436
0.000302436
0.000302436
0.000302436
0.000302436
0.000302436
0.000302436
0.000302436
0.000302436
0.000302436
0.000302436
0.000302436
0.000302436
0.000302436
0.000302436
0.000302436
0.000302436
0.000302436
0.000302436
0.000302436
0.000302436
0.000302436
0.000302436
0.000302436
0.000302436
0.000302436
0.000302436
0.000302436
0.000302436
0.000302436
0.000302436
0.000302436
0.000302436
0.000302436
0.000302436
0.000302436
0.000302436
0.000302436
0.000302436
0.000302436
0.000302436
0.000302436
0.000302436
0.000302436
0.000301115
0.000301115
0.000301115
0.000301115
0.000301115
0.000301115
0.000301115
0.000301115
0.000301115
0.000301115
0.000301115
0.000301115
0.000301115
0.000301115
0.000301115
0.000301115
0.000301115
0.000301115
0.000301115
0.000301115
0.000301115
0.000301115
0.000301115
0.000301115
0.000301115
0.000301115
0.000301115
0.000301115
0.000301115
0.000301115
0.000301115
0.000301115
0.000301115
0.000301115
0.000301115
0.000301115
0.000301115
0.000301115
0.000301115
0.000301115
0.000301115
0.000301115
0.000301115
0.000301115
0.000301115
0.000301115
0.000301115
0.000301115
0.000301115
0.000301115
0.000301115
0.000301115
0.000301115
0.000301115
0.000301115
0.000301115
0.000301115
0.000301115
0.000301115
0.000301115
0.000301115
0.000301115
0.000301115
0.000301115
0.000301115
0.000301115
0.000301115
0.000301115
0.000301115
0.000301115
0.000301115
0.000301115
0.000301115
0.000301115
0.000301115
0.000301115
0.000301115
0.000301115
0.000301115
0.000301115
0.000301115
0.000301115
0.000301115
0.000301115
0.000301115
0.000301115
0.000301115
0.000301115
0.000301115
0.000301115
0.000301115
0.000301115
0.000301115
0.000301115
0.000301115
0.000301115
0.000301115
0.000301115
0.000301115
0.000301115
)
;
        source          uniform 0;
        Tnbr            T;
        kappaMethod     solidThermo;
        value           nonuniform List<scalar> 
500
(
351.694
351.702
351.705
351.707
351.707
351.707
351.707
351.705
351.702
351.694
349.147
349.159
349.167
349.171
349.173
349.172
349.171
349.167
349.159
349.147
346.708
346.721
346.73
346.735
346.737
346.737
346.735
346.73
346.721
346.708
344.43
344.444
344.452
344.458
344.46
344.46
344.458
344.453
344.444
344.431
342.366
342.379
342.388
342.394
342.396
342.396
342.394
342.389
342.38
342.367
340.565
340.578
340.587
340.592
340.593
340.594
340.592
340.587
340.578
340.565
339.068
339.081
339.089
339.094
339.095
339.095
339.094
339.089
339.08
339.067
337.909
337.922
337.93
337.935
337.936
337.935
337.934
337.929
337.92
337.907
337.115
337.128
337.137
337.141
337.143
337.142
337.14
337.135
337.126
337.113
336.704
336.718
336.727
336.732
336.734
336.734
336.732
336.726
336.717
336.703
351.694
351.708
351.714
351.717
351.718
351.718
351.718
351.717
351.715
351.711
349.148
349.173
349.186
349.193
349.197
349.199
349.198
349.196
349.191
349.184
346.709
346.738
346.755
346.765
346.771
346.774
346.774
346.771
346.765
346.754
344.431
344.462
344.481
344.492
344.499
344.503
344.504
344.501
344.495
344.483
342.367
342.398
342.417
342.43
342.437
342.442
342.443
342.441
342.435
342.424
340.566
340.595
340.615
340.628
340.636
340.642
340.644
340.643
340.638
340.627
339.068
339.097
339.117
339.13
339.139
339.146
339.149
339.149
339.145
339.136
337.908
337.937
337.958
337.973
337.983
337.99
337.994
337.994
337.991
337.983
337.114
337.143
337.167
337.184
337.195
337.202
337.206
337.207
337.204
337.197
336.704
336.734
336.762
336.781
336.792
336.8
336.805
336.805
336.802
336.795
351.712
351.716
351.717
351.717
351.717
351.717
351.717
351.717
351.716
351.712
349.183
349.188
349.191
349.192
349.192
349.192
349.192
349.191
349.188
349.183
346.752
346.758
346.762
346.764
346.765
346.765
346.764
346.762
346.759
346.753
344.481
344.487
344.492
344.495
344.496
344.496
344.495
344.492
344.488
344.481
342.422
342.429
342.434
342.437
342.439
342.439
342.437
342.433
342.429
342.423
340.626
340.633
340.638
340.641
340.643
340.643
340.64
340.637
340.633
340.626
339.134
339.141
339.146
339.15
339.151
339.151
339.148
339.145
339.141
339.135
337.981
337.988
337.993
337.997
337.998
337.998
337.995
337.992
337.988
337.983
337.195
337.202
337.207
337.211
337.212
337.212
337.209
337.206
337.203
337.197
336.794
336.801
336.806
336.809
336.811
336.811
336.808
336.805
336.802
336.796
351.694
351.708
351.714
351.717
351.718
351.719
351.718
351.717
351.715
351.711
349.148
349.173
349.186
349.194
349.197
349.199
349.198
349.196
349.191
349.184
346.709
346.738
346.755
346.766
346.771
346.774
346.774
346.771
346.765
346.754
344.431
344.462
344.481
344.493
344.499
344.503
344.504
344.501
344.495
344.483
342.367
342.397
342.417
342.43
342.437
342.442
342.443
342.441
342.435
342.424
340.565
340.595
340.614
340.628
340.636
340.642
340.644
340.642
340.637
340.627
339.068
339.097
339.117
339.131
339.14
339.146
339.149
339.148
339.143
339.135
337.909
337.938
337.959
337.973
337.984
337.991
337.994
337.993
337.989
337.982
337.116
337.145
337.167
337.184
337.195
337.202
337.206
337.205
337.202
337.196
336.705
336.734
336.761
336.78
336.792
336.8
336.804
336.803
336.8
336.794
336.705
336.735
336.761
336.779
336.791
336.8
336.804
336.803
336.8
336.794
336.719
336.748
336.77
336.787
336.798
336.806
336.81
336.809
336.806
336.801
336.728
336.756
336.776
336.792
336.803
336.81
336.813
336.813
336.811
336.806
336.733
336.761
336.78
336.795
336.805
336.811
336.815
336.815
336.815
336.81
336.734
336.762
336.78
336.795
336.805
336.812
336.816
336.817
336.816
336.812
336.734
336.763
336.781
336.795
336.805
336.812
336.816
336.817
336.816
336.811
336.733
336.761
336.781
336.795
336.805
336.811
336.815
336.816
336.814
336.809
336.727
336.757
336.778
336.793
336.802
336.808
336.812
336.813
336.811
336.806
336.718
336.748
336.771
336.788
336.798
336.805
336.809
336.81
336.808
336.802
336.704
336.734
336.762
336.78
336.792
336.799
336.804
336.805
336.802
336.795
)
;
    }
}


// ************************************************************************* //
