/*--------------------------------*- C++ -*----------------------------------*\
| =========                 |                                                 |
| \\      /  F ield         | OpenFOAM: The Open Source CFD Toolbox           |
|  \\    /   O peration     | Version:  2412                                  |
|   \\  /    A nd           | Website:  www.openfoam.com                      |
|    \\/     M anipulation  |                                                 |
\*---------------------------------------------------------------------------*/
FoamFile
{
    version     2.0;
    format      ascii;
    arch        "LSB;label=32;scalar=64";
    class       volScalarField;
    location    "3/solid";
    object      wallHeatFlux;
}
// * * * * * * * * * * * * * * * * * * * * * * * * * * * * * * * * * * * * * //

dimensions      [1 0 -3 0 0 0 0];

internalField   uniform 0;

boundaryField
{
    bodyBottom
    {
        type            calculated;
        value           nonuniform List<scalar> 
100
(
265885
264655
264040
263835
263630
263630
263835
264040
264655
265885
264040
263220
262810
262605
262605
262605
262605
262810
263220
264040
263015
262400
262195
261990
261990
261990
261990
262195
262400
263015
262400
261990
261785
261580
261580
261580
261580
261785
261990
262400
262195
261785
261580
261375
261375
261375
261375
261580
261785
262195
261990
261580
261375
261375
261375
261375
261375
261375
261580
261990
261990
261580
261375
261375
261170
261170
261375
261375
261580
261990
262195
261785
261580
261375
261375
261375
261375
261580
261785
262195
262605
261990
261785
261580
261580
261580
261580
261785
261990
262605
263220
262605
262400
262195
262195
262195
262195
262400
262605
263220
)
;
    }
    solid_to_fluid
    {
        type            calculated;
        value           nonuniform List<scalar> 
500
(
-1845
-1435
-1435
-1230
-1435
-1435
-1230
-1435
-1435
-1845
-2460
-2255
-1845
-1845
-1640
-1845
-1640
-1845
-2255
-2460
-2460
-2460
-2050
-2050
-2050
-2050
-2050
-2255
-2460
-2460
-2665
-2255
-2460
-2255
-2255
-2255
-2255
-2255
-2460
-2460
-2665
-2460
-2255
-2050
-2050
-2050
-2255
-2255
-2460
-2460
-2460
-2255
-2050
-2050
-2255
-2050
-2050
-2255
-2255
-2460
-2460
-2255
-2255
-2050
-2050
-2050
-2050
-2050
-2255
-2460
-2460
-2255
-2255
-2050
-2050
-2255
-2050
-2050
-2255
-2460
-2460
-2255
-2255
-2255
-2050
-2255
-2255
-2255
-2460
-2460
-2460
-2460
-2255
-2255
-2255
-2255
-2255
-2460
-2460
-2460
-1845
-820
-615
-615
-615
-820
-820
-820
-820
-1025
-2255
-820
-615
-615
-615
-410
-615
-615
-820
-1025
-2255
-1025
-615
-615
-410
-410
-615
-820
-820
-1230
-2460
-1025
-615
-615
-615
-615
-615
-820
-820
-1230
-2460
-1025
-820
-615
-820
-615
-820
-820
-1025
-1230
-2255
-1230
-820
-820
-820
-615
-820
-820
-820
-1230
-2255
-1025
-820
-820
-820
-615
-820
-820
-820
-1025
-2255
-1025
-820
-615
-615
-820
-820
-820
-820
-1230
-2255
-1435
-1025
-820
-615
-820
-820
-820
-820
-1025
-2255
-1845
-1230
-820
-820
-820
-820
-1025
-1025
-1230
-820
-615
-615
-820
-820
-820
-820
-615
-615
-820
-1025
-1025
-1025
-1025
-1230
-1230
-1025
-1025
-1025
-1230
-1640
-1435
-1435
-1435
-1435
-1435
-1435
-1435
-1435
-1435
-1640
-1640
-1435
-1435
-1435
-1435
-1435
-1435
-1435
-1640
-1640
-1435
-1230
-1435
-1230
-1230
-1230
-1435
-1435
-1435
-1435
-1230
-1230
-1230
-1025
-1025
-1230
-1230
-1230
-1435
-1230
-1230
-1230
-1025
-1025
-1025
-1230
-1230
-1230
-1230
-1435
-1230
-1230
-1025
-1025
-820
-1025
-1025
-1230
-1230
-1230
-1025
-1025
-820
-820
-820
-1025
-1025
-1025
-1025
-1230
-1025
-1025
-1025
-1025
-820
-1025
-1025
-1025
-1025
-1845
-820
-615
-615
-615
-615
-820
-820
-820
-1025
-2255
-1025
-615
-410
-615
-615
-615
-615
-820
-820
-2255
-1025
-820
-615
-615
-615
-615
-820
-820
-1230
-2460
-1025
-615
-615
-820
-615
-615
-820
-820
-1230
-2460
-1230
-820
-615
-820
-615
-820
-820
-820
-1230
-2460
-1025
-820
-615
-820
-820
-820
-820
-820
-1230
-2460
-1230
-820
-615
-820
-820
-820
-820
-1025
-1025
-2460
-1230
-820
-820
-820
-615
-820
-820
-1025
-1230
-2255
-1230
-1025
-615
-820
-820
-820
-1025
-820
-1025
-2255
-1845
-1025
-820
-820
-820
-1025
-1025
-1025
-1230
-2255
-1640
-1025
-1025
-1025
-820
-1025
-1025
-1025
-1230
-2255
-1230
-820
-615
-820
-615
-820
-820
-1025
-1025
-2050
-1025
-820
-615
-615
-615
-820
-820
-820
-1025
-2050
-820
-615
-615
-615
-820
-820
-820
-615
-820
-2255
-1025
-820
-820
-615
-615
-615
-615
-820
-820
-2255
-820
-820
-820
-615
-615
-615
-820
-615
-820
-2050
-1025
-820
-820
-615
-820
-820
-820
-820
-820
-2255
-1025
-615
-615
-820
-820
-820
-820
-820
-820
-2255
-1230
-820
-615
-820
-615
-820
-820
-820
-1025
-2255
-1845
-1230
-1025
-820
-1025
-1025
-1025
-1025
-1230
)
;
    }
}


// ************************************************************************* //
