/*--------------------------------*- C++ -*----------------------------------*\
| =========                 |                                                 |
| \\      /  F ield         | OpenFOAM: The Open Source CFD Toolbox           |
|  \\    /   O peration     | Version:  2412                                  |
|   \\  /    A nd           | Website:  www.openfoam.com                      |
|    \\/     M anipulation  |                                                 |
\*---------------------------------------------------------------------------*/
FoamFile
{
    version     2.0;
    format      ascii;
    arch        "LSB;label=32;scalar=64";
    class       faceList;
    location    "constant/solid/polyMesh";
    object      faces;
}
// * * * * * * * * * * * * * * * * * * * * * * * * * * * * * * * * * * * * * //


239
(
4(42 44 59 54)
4(1 7 59 44)
4(6 54 59 7)
4(44 59 60 45)
4(54 55 60 59)
4(44 46 64 59)
4(2 8 64 46)
4(7 59 64 8)
4(46 64 65 47)
4(59 60 65 64)
4(46 48 69 64)
4(3 9 69 48)
4(8 64 69 9)
4(48 69 70 49)
4(64 65 70 69)
4(48 51 74 69)
4(4 10 74 51)
4(9 69 74 10)
4(49 52 75 70)
4(51 74 75 52)
4(69 70 75 74)
4(52 75 76 53)
4(70 71 76 75)
4(51 24 27 74)
4(10 74 27 11)
4(52 25 28 75)
4(74 75 28 27)
4(75 76 29 28)
4(54 59 84 79)
4(7 13 84 59)
4(12 79 84 13)
4(55 60 85 80)
4(59 84 85 60)
4(79 80 85 84)
4(56 61 86 81)
4(60 85 86 61)
4(80 81 86 85)
4(57 62 87 82)
4(61 86 87 62)
4(81 82 87 86)
4(62 87 88 63)
4(82 83 88 87)
4(59 64 89 84)
4(8 14 89 64)
4(13 84 89 14)
4(60 65 90 85)
4(64 89 90 65)
4(84 85 90 89)
4(61 66 91 86)
4(65 90 91 66)
4(85 86 91 90)
4(62 67 92 87)
4(66 91 92 67)
4(86 87 92 91)
4(67 92 93 68)
4(87 88 93 92)
4(64 69 94 89)
4(9 15 94 69)
4(14 89 94 15)
4(65 70 95 90)
4(69 94 95 70)
4(89 90 95 94)
4(66 71 96 91)
4(70 95 96 71)
4(90 91 96 95)
4(67 72 97 92)
4(71 96 97 72)
4(91 92 97 96)
4(72 97 98 73)
4(92 93 98 97)
4(69 74 99 94)
4(10 16 99 74)
4(15 94 99 16)
4(70 75 100 95)
4(74 99 100 75)
4(94 95 100 99)
4(71 76 101 96)
4(75 100 101 76)
4(95 96 101 100)
4(72 77 102 97)
4(76 101 102 77)
4(96 97 102 101)
4(77 102 103 78)
4(97 98 103 102)
4(74 27 32 99)
4(16 99 32 17)
4(75 28 33 100)
4(99 100 33 32)
4(76 29 34 101)
4(100 101 34 33)
4(77 30 35 102)
4(101 102 35 34)
4(102 103 36 35)
4(79 84 109 104)
4(13 19 109 84)
4(80 85 110 105)
4(84 109 110 85)
4(81 86 111 106)
4(85 110 111 86)
4(82 87 112 107)
4(86 111 112 87)
4(87 112 113 88)
4(84 89 114 109)
4(14 20 114 89)
4(85 90 115 110)
4(89 114 115 90)
4(86 91 116 111)
4(90 115 116 91)
4(87 92 117 112)
4(91 116 117 92)
4(92 117 118 93)
4(89 94 119 114)
4(15 21 119 94)
4(90 95 120 115)
4(94 119 120 95)
4(91 96 121 116)
4(95 120 121 96)
4(92 97 122 117)
4(96 121 122 97)
4(97 122 123 98)
4(94 99 124 119)
4(16 22 124 99)
4(95 100 125 120)
4(99 124 125 100)
4(96 101 126 121)
4(100 125 126 101)
4(97 102 127 122)
4(101 126 127 102)
4(102 127 128 103)
4(99 32 37 124)
4(100 33 38 125)
4(101 34 39 126)
4(102 35 40 127)
4(0 6 7 1)
4(1 7 8 2)
4(2 8 9 3)
4(3 9 10 4)
4(4 10 11 5)
4(6 12 13 7)
4(7 13 14 8)
4(8 14 15 9)
4(9 15 16 10)
4(10 16 17 11)
4(12 18 19 13)
4(13 19 20 14)
4(14 20 21 15)
4(15 21 22 16)
4(16 22 23 17)
4(5 11 27 24)
4(24 27 28 25)
4(25 28 29 26)
4(11 17 32 27)
4(27 32 33 28)
4(28 33 34 29)
4(29 34 35 30)
4(30 35 36 31)
4(17 23 37 32)
4(32 37 38 33)
4(33 38 39 34)
4(34 39 40 35)
4(35 40 41 36)
4(58 63 88 83)
4(63 68 93 88)
4(83 88 113 108)
4(88 93 118 113)
4(68 73 98 93)
4(73 78 103 98)
4(78 31 36 103)
4(93 98 123 118)
4(98 103 128 123)
4(103 36 41 128)
4(0 42 54 6)
4(42 43 55 54)
4(6 54 79 12)
4(54 55 80 79)
4(55 56 81 80)
4(56 57 82 81)
4(57 58 83 82)
4(12 79 104 18)
4(79 80 105 104)
4(80 81 106 105)
4(81 82 107 106)
4(82 83 108 107)
4(0 1 44 42)
4(42 44 45 43)
4(1 2 46 44)
4(44 46 47 45)
4(2 3 48 46)
4(46 48 49 47)
4(3 4 51 48)
4(48 51 52 49)
4(49 52 53 50)
4(4 5 24 51)
4(51 24 25 52)
4(52 25 26 53)
4(43 45 60 55)
4(55 60 61 56)
4(56 61 62 57)
4(57 62 63 58)
4(45 47 65 60)
4(60 65 66 61)
4(61 66 67 62)
4(62 67 68 63)
4(47 49 70 65)
4(49 50 71 70)
4(65 70 71 66)
4(66 71 72 67)
4(67 72 73 68)
4(50 53 76 71)
4(71 76 77 72)
4(72 77 78 73)
4(53 26 29 76)
4(76 29 30 77)
4(77 30 31 78)
4(18 104 109 19)
4(104 105 110 109)
4(105 106 111 110)
4(106 107 112 111)
4(107 108 113 112)
4(19 109 114 20)
4(109 110 115 114)
4(110 111 116 115)
4(111 112 117 116)
4(112 113 118 117)
4(20 114 119 21)
4(114 115 120 119)
4(115 116 121 120)
4(116 117 122 121)
4(117 118 123 122)
4(21 119 124 22)
4(119 120 125 124)
4(120 121 126 125)
4(121 122 127 126)
4(122 123 128 127)
4(22 124 37 23)
4(124 125 38 37)
4(125 126 39 38)
4(126 127 40 39)
4(127 128 41 40)
)


// ************************************************************************* //
