/*--------------------------------*- C++ -*----------------------------------*\
| =========                 |                                                 |
| \\      /  F ield         | OpenFOAM: The Open Source CFD Toolbox           |
|  \\    /   O peration     | Version:  2412                                  |
|   \\  /    A nd           | Website:  www.openfoam.com                      |
|    \\/     M anipulation  |                                                 |
\*---------------------------------------------------------------------------*/
FoamFile
{
    version     2.0;
    format      ascii;
    arch        "LSB;label=32;scalar=64";
    class       labelList;
    location    "constant/solid/polyMesh";
    object      faceProcAddressing;
}
// * * * * * * * * * * * * * * * * * * * * * * * * * * * * * * * * * * * * * //


239
(
706
707
708
710
711
735
736
737
739
740
764
765
766
768
769
793
794
795
796
797
798
800
801
822
823
824
825
827
986
987
988
989
990
991
992
993
994
995
996
997
999
1000
1015
1016
1017
1018
1019
1020
1021
1022
1023
1024
1025
1026
1028
1029
1044
1045
1046
1047
1048
1049
1050
1051
1052
1053
1054
1055
1057
1058
1073
1074
1075
1076
1077
1078
1079
1080
1081
1082
1083
1084
1086
1087
1102
1103
1104
1105
1106
1107
1108
1109
1111
1266
1267
1269
1270
1272
1273
1275
1276
1279
1295
1296
1298
1299
1301
1302
1304
1305
1308
1324
1325
1327
1328
1330
1331
1333
1334
1337
1353
1354
1356
1357
1359
1360
1362
1363
1366
1382
1384
1386
1388
2826
2827
2828
2829
2830
2836
2837
2838
2839
2840
2846
2847
2848
2849
2850
2921
2922
2923
2931
2932
2933
2934
2935
2941
2942
2943
2944
2945
998
1027
1278
1307
1056
1085
1110
1336
1365
1390
-678
-681
-958
-961
-964
-967
-970
-1238
-1241
-1244
-1247
-1250
-428
-431
-457
-460
-486
-489
-515
-518
-521
-543
-545
-547
709
-714
-717
-720
738
-743
-746
-749
767
-771
-772
-775
-778
799
-804
-807
826
-829
-831
1268
1271
1274
1277
1280
1297
1300
1303
1306
1309
1326
1329
1332
1335
1338
1355
1358
1361
1364
1367
1383
1385
1387
1389
1391
)


// ************************************************************************* //
