/*--------------------------------*- C++ -*----------------------------------*\
| =========                 |                                                 |
| \\      /  F ield         | OpenFOAM: The Open Source CFD Toolbox           |
|  \\    /   O peration     | Version:  2412                                  |
|   \\  /    A nd           | Website:  www.openfoam.com                      |
|    \\/     M anipulation  |                                                 |
\*---------------------------------------------------------------------------*/
FoamFile
{
    version     2.0;
    format      ascii;
    arch        "LSB;label=32;scalar=64";
    class       volScalarField;
    location    "2.5/solid";
    object      T;
}
// * * * * * * * * * * * * * * * * * * * * * * * * * * * * * * * * * * * * * //

dimensions      [0 0 0 1 0 0 0];

internalField   nonuniform List<scalar> 
1000
(
351.331
351.34
351.345
351.348
351.349
351.349
351.349
351.348
351.347
351.344
351.337
351.344
351.348
351.35
351.351
351.352
351.352
351.351
351.349
351.347
351.34
351.346
351.349
351.351
351.352
351.352
351.352
351.352
351.351
351.348
351.341
351.347
351.35
351.351
351.352
351.353
351.353
351.352
351.351
351.348
351.342
351.347
351.35
351.351
351.352
351.353
351.353
351.353
351.351
351.348
351.342
351.347
351.35
351.351
351.352
351.353
351.353
351.353
351.351
351.348
351.341
351.347
351.35
351.351
351.352
351.353
351.353
351.352
351.351
351.348
351.34
351.346
351.349
351.351
351.352
351.352
351.352
351.352
351.351
351.348
351.337
351.344
351.348
351.35
351.351
351.351
351.352
351.351
351.349
351.347
351.331
351.34
351.345
351.348
351.349
351.349
351.349
351.348
351.347
351.344
348.053
348.071
348.082
348.089
348.092
348.094
348.094
348.092
348.088
348.081
348.063
348.077
348.086
348.092
348.095
348.097
348.097
348.095
348.092
348.086
348.069
348.081
348.088
348.093
348.096
348.098
348.098
348.097
348.094
348.088
348.073
348.083
348.09
348.095
348.097
348.099
348.099
348.098
348.095
348.09
348.074
348.084
348.091
348.095
348.098
348.099
348.1
348.099
348.096
348.09
348.074
348.084
348.091
348.095
348.098
348.099
348.1
348.099
348.096
348.09
348.072
348.083
348.09
348.095
348.097
348.099
348.099
348.098
348.095
348.089
348.069
348.081
348.089
348.094
348.096
348.098
348.098
348.097
348.094
348.088
348.063
348.077
348.086
348.091
348.095
348.096
348.097
348.095
348.092
348.086
348.052
348.07
348.082
348.088
348.092
348.093
348.093
348.092
348.088
348.081
344.907
344.929
344.944
344.953
344.958
344.961
344.961
344.959
344.953
344.944
344.919
344.936
344.948
344.956
344.961
344.964
344.964
344.962
344.958
344.95
344.926
344.941
344.951
344.958
344.963
344.965
344.966
344.964
344.96
344.953
344.931
344.944
344.954
344.96
344.964
344.966
344.967
344.966
344.962
344.955
344.932
344.945
344.954
344.961
344.964
344.967
344.968
344.967
344.963
344.956
344.932
344.945
344.954
344.96
344.964
344.967
344.968
344.967
344.963
344.956
344.931
344.944
344.953
344.96
344.964
344.966
344.967
344.966
344.962
344.955
344.927
344.941
344.951
344.958
344.963
344.965
344.966
344.964
344.96
344.953
344.919
344.936
344.948
344.956
344.96
344.963
344.964
344.962
344.957
344.95
344.907
344.929
344.943
344.952
344.957
344.96
344.961
344.959
344.953
344.944
341.968
341.99
342.007
342.017
342.023
342.027
342.028
342.025
342.02
342.01
341.979
341.997
342.011
342.021
342.026
342.03
342.031
342.029
342.024
342.016
341.987
342.002
342.014
342.023
342.028
342.031
342.033
342.031
342.027
342.019
341.992
342.006
342.017
342.024
342.029
342.032
342.034
342.033
342.029
342.022
341.993
342.007
342.018
342.025
342.03
342.033
342.035
342.034
342.03
342.023
341.994
342.008
342.018
342.025
342.03
342.033
342.035
342.034
342.03
342.023
341.992
342.007
342.017
342.025
342.029
342.032
342.034
342.033
342.029
342.022
341.988
342.004
342.015
342.023
342.028
342.031
342.032
342.031
342.027
342.019
341.981
341.998
342.011
342.02
342.026
342.029
342.031
342.029
342.024
342.016
341.968
341.991
342.007
342.017
342.023
342.026
342.028
342.025
342.02
342.01
339.302
339.325
339.341
339.353
339.359
339.364
339.365
339.363
339.358
339.349
339.314
339.331
339.346
339.356
339.362
339.367
339.368
339.367
339.362
339.354
339.321
339.336
339.348
339.358
339.364
339.368
339.37
339.369
339.365
339.359
339.326
339.34
339.351
339.36
339.365
339.369
339.371
339.371
339.368
339.362
339.327
339.341
339.352
339.361
339.366
339.37
339.372
339.372
339.369
339.363
339.328
339.342
339.353
339.361
339.366
339.37
339.372
339.372
339.369
339.363
339.326
339.341
339.352
339.361
339.366
339.369
339.371
339.371
339.368
339.361
339.322
339.338
339.35
339.359
339.365
339.368
339.369
339.369
339.365
339.358
339.315
339.333
339.347
339.356
339.362
339.366
339.368
339.366
339.362
339.354
339.303
339.325
339.342
339.353
339.359
339.363
339.365
339.363
339.358
339.349
336.976
336.997
337.013
337.025
337.033
337.038
337.04
337.038
337.033
337.026
336.987
337.004
337.018
337.028
337.036
337.041
337.043
337.041
337.038
337.032
336.994
337.009
337.021
337.031
337.038
337.043
337.045
337.044
337.042
337.036
336.998
337.012
337.023
337.033
337.039
337.044
337.046
337.046
337.044
337.039
336.999
337.013
337.024
337.033
337.039
337.044
337.046
337.046
337.045
337.04
337
337.013
337.025
337.033
337.039
337.044
337.047
337.047
337.044
337.04
336.999
337.013
337.025
337.033
337.039
337.044
337.046
337.046
337.043
337.038
336.995
337.01
337.022
337.032
337.038
337.042
337.044
337.044
337.041
337.035
336.987
337.005
337.019
337.029
337.035
337.04
337.042
337.042
337.039
337.032
336.976
336.998
337.014
337.025
337.032
337.037
337.04
337.039
337.035
337.027
335.043
335.064
335.079
335.091
335.1
335.105
335.108
335.107
335.103
335.097
335.054
335.071
335.084
335.095
335.103
335.108
335.111
335.11
335.108
335.103
335.061
335.075
335.087
335.098
335.105
335.111
335.113
335.113
335.112
335.107
335.064
335.078
335.089
335.1
335.107
335.112
335.114
335.115
335.114
335.11
335.065
335.078
335.09
335.1
335.106
335.111
335.114
335.115
335.114
335.111
335.065
335.079
335.09
335.099
335.106
335.111
335.115
335.116
335.114
335.11
335.064
335.078
335.09
335.099
335.106
335.111
335.115
335.115
335.113
335.108
335.06
335.075
335.088
335.097
335.104
335.109
335.113
335.112
335.11
335.106
335.053
335.07
335.084
335.095
335.102
335.107
335.11
335.111
335.108
335.103
335.042
335.063
335.08
335.091
335.098
335.104
335.108
335.108
335.105
335.098
333.548
333.568
333.585
333.597
333.606
333.612
333.616
333.615
333.612
333.607
333.559
333.575
333.589
333.601
333.61
333.616
333.619
333.618
333.616
333.613
333.565
333.58
333.592
333.604
333.612
333.618
333.621
333.62
333.62
333.617
333.569
333.582
333.594
333.606
333.614
333.619
333.622
333.623
333.623
333.62
333.569
333.583
333.595
333.606
333.613
333.618
333.622
333.623
333.623
333.62
333.568
333.582
333.595
333.605
333.612
333.618
333.622
333.624
333.623
333.62
333.567
333.582
333.594
333.605
333.612
333.618
333.622
333.623
333.621
333.618
333.563
333.579
333.592
333.603
333.611
333.616
333.62
333.62
333.619
333.615
333.556
333.574
333.588
333.6
333.608
333.614
333.618
333.619
333.617
333.613
333.545
333.566
333.583
333.596
333.605
333.611
333.616
333.616
333.614
333.608
332.526
332.547
332.565
332.578
332.588
332.595
332.599
332.598
332.596
332.591
332.537
332.555
332.569
332.583
332.592
332.598
332.602
332.602
332.6
332.597
332.544
332.56
332.573
332.586
332.595
332.601
332.604
332.604
332.604
332.601
332.547
332.563
332.576
332.588
332.596
332.602
332.605
332.606
332.606
332.604
332.548
332.563
332.577
332.588
332.596
332.602
332.605
332.607
332.607
332.604
332.547
332.563
332.577
332.588
332.596
332.602
332.606
332.607
332.607
332.604
332.546
332.563
332.577
332.589
332.596
332.602
332.606
332.606
332.605
332.602
332.542
332.559
332.575
332.587
332.594
332.599
332.603
332.604
332.603
332.6
332.535
332.554
332.57
332.583
332.591
332.597
332.601
332.603
332.601
332.597
332.524
332.546
332.565
332.579
332.588
332.594
332.599
332.6
332.598
332.593
332.001
332.024
332.044
332.06
332.07
332.077
332.081
332.081
332.078
332.074
332.013
332.033
332.05
332.065
332.075
332.082
332.086
332.085
332.083
332.08
332.02
332.039
332.055
332.069
332.078
332.085
332.088
332.088
332.087
332.084
332.024
332.043
332.058
332.072
332.08
332.086
332.089
332.09
332.09
332.087
332.025
332.044
332.059
332.072
332.08
332.085
332.089
332.09
332.091
332.088
332.025
332.044
332.06
332.072
332.08
332.085
332.09
332.091
332.09
332.087
332.024
332.044
332.06
332.072
332.08
332.085
332.089
332.09
332.089
332.085
332.02
332.04
332.058
332.07
332.078
332.083
332.087
332.088
332.087
332.083
332.012
332.034
332.053
332.066
332.075
332.08
332.085
332.086
332.085
332.08
332
332.024
332.046
332.061
332.07
332.077
332.081
332.083
332.08
332.075
)
;

boundaryField
{
    bodyBottom
    {
        type            fixedValue;
        value           uniform 353;
    }
    solid_to_fluid
    {
        type            compressible::turbulentTemperatureCoupledBaffleMixed;
        refValue        nonuniform List<scalar> 
500
(
321.865
326.253
328.151
329.26
329.809
329.809
329.259
328.15
326.252
321.863
311.01
315.388
318.991
320.919
321.761
321.76
320.918
318.99
315.387
311.009
306.126
309.381
312.123
313.581
314.217
314.216
313.58
312.122
309.38
306.125
304.636
307.456
309.772
310.948
311.447
311.446
310.948
309.772
307.456
304.635
303.977
306.632
308.775
309.836
310.285
310.285
309.836
308.775
306.632
303.976
303.635
306.226
308.317
309.336
309.768
309.768
309.336
308.317
306.226
303.635
303.329
305.832
307.876
308.856
309.27
309.27
308.855
307.875
305.832
303.329
302.705
304.99
306.878
307.764
308.13
308.13
307.763
306.878
304.989
302.704
301.533
303.414
304.998
305.733
306.033
306.033
305.733
304.998
303.413
301.533
300.145
301.508
302.68
303.207
303.413
303.413
303.207
302.68
301.508
300.145
322.957
336.747
339.577
342.411
341.098
340.635
339.531
338.261
336.937
335.81
313.956
334.86
339.229
341.282
340.698
340.145
338.947
337.459
335.906
333.694
309.439
330.659
336.814
338.589
338.177
337.831
336.794
335.47
333.805
329.414
307.779
328.484
334.207
335.557
335.318
335.311
334.438
333.409
331.676
326.137
306.904
326.663
331.533
332.687
332.408
332.569
331.861
331.156
329.498
324.191
306.353
325.072
329.335
330.348
330.058
330.237
329.636
329.114
327.699
322.976
305.896
323.432
327.6
328.422
328.176
328.326
327.763
327.254
326.224
322.245
305.25
321.621
326.476
327.224
327.065
326.971
326.49
325.882
324.993
321.915
304.254
318.751
325.329
326.081
326.156
325.804
325.45
324.847
323.646
321.646
302.957
312.434
321.763
324.191
324.016
324.545
324.305
323.329
322.285
320.585
339.863
340.266
339.868
339.545
339.427
339.437
339.553
339.883
340.299
339.918
331.147
332.054
331.573
330.954
330.646
330.664
330.959
331.592
332.11
331.234
323.531
324.421
324.104
323.876
324.15
324.16
323.864
324.108
324.468
323.613
320.553
321.693
321.992
322.691
323.937
323.933
322.658
321.97
321.722
320.623
319.718
321.108
321.78
323.005
324.769
324.755
322.962
321.749
321.133
319.783
319.379
320.914
321.868
323.462
325.522
325.502
323.419
321.839
320.944
319.444
319.462
321.05
322.15
323.899
325.993
325.977
323.867
322.137
321.091
319.533
319.959
321.464
322.509
324.167
325.973
325.974
324.151
322.521
321.525
320.041
320.789
321.966
322.661
323.976
325.568
325.585
323.981
322.693
322.044
320.883
321.192
321.719
321.781
322.598
323.956
323.991
322.628
321.827
321.801
321.291
322.96
336.749
339.58
342.413
341.102
340.637
339.531
338.261
336.933
335.791
313.959
334.862
339.229
341.28
340.694
340.138
338.937
337.445
335.884
333.641
309.44
330.657
336.809
338.578
338.163
337.814
336.771
335.443
333.765
329.323
307.78
328.481
334.197
335.541
335.298
335.29
334.41
333.375
331.62
326.039
306.904
326.657
331.522
332.67
332.386
332.542
331.831
331.121
329.441
324.099
306.354
325.067
329.323
330.332
330.037
330.212
329.607
329.08
327.644
322.89
305.897
323.429
327.588
328.405
328.155
328.303
327.733
327.22
326.176
322.162
305.251
321.619
326.464
327.203
327.04
326.942
326.457
325.847
324.949
321.833
304.255
318.757
325.322
326.06
326.126
325.769
325.408
324.789
323.587
321.575
302.958
312.443
321.797
324.19
323.997
324.525
324.253
323.274
322.239
320.51
303
312.639
320.673
322.487
322.764
323.316
323.452
323.036
322.162
320.285
304.282
319.3
324.915
326.059
326.04
326.07
325.921
325.381
324.179
321.943
305.197
322.128
326.264
327.447
327.375
327.154
326.775
326.14
324.974
323.105
305.643
323.186
325.857
327.105
327.297
327.306
327.051
326.559
325.902
324.03
305.839
323.99
325.377
326.489
326.923
327.112
327.099
326.977
326.767
325.156
305.84
324.004
325.372
326.479
326.916
327.115
327.11
327
326.804
325.208
305.644
323.187
325.829
327.065
327.265
327.277
327.037
326.566
325.935
324.086
305.199
322.136
326.254
327.449
327.382
327.161
326.786
326.159
325.002
323.164
304.283
319.329
324.955
326.098
326.074
326.097
325.949
325.409
324.212
322.008
303.001
312.661
320.749
322.525
322.79
323.337
323.485
323.074
322.204
320.336
)
;
        refGradient     uniform 0;
        valueFraction   nonuniform List<scalar> 
500
(
0.000301416
0.000301416
0.000301416
0.000301416
0.000301416
0.000301416
0.000301416
0.000301416
0.000301416
0.000301416
0.000301416
0.000301416
0.000301416
0.000301416
0.000301416
0.000301416
0.000301416
0.000301416
0.000301416
0.000301416
0.000301416
0.000301416
0.000301416
0.000301416
0.000301416
0.000301416
0.000301416
0.000301416
0.000301416
0.000301416
0.000301416
0.000301416
0.000301416
0.000301416
0.000301416
0.000301416
0.000301416
0.000301416
0.000301416
0.000301416
0.000301416
0.000301416
0.000301416
0.000301416
0.000301416
0.000301416
0.000301416
0.000301416
0.000301416
0.000301416
0.000301416
0.000301416
0.000301416
0.000301416
0.000301416
0.000301416
0.000301416
0.000301416
0.000301416
0.000301416
0.000301416
0.000301416
0.000301416
0.000301416
0.000301416
0.000301416
0.000301416
0.000301416
0.000301416
0.000301416
0.000301416
0.000301416
0.000301416
0.000301416
0.000301416
0.000301416
0.000301416
0.000301416
0.000301416
0.000301416
0.000301416
0.000301416
0.000301416
0.000301416
0.000301416
0.000301416
0.000301416
0.000301416
0.000301416
0.000301416
0.000301416
0.000301416
0.000301416
0.000301416
0.000301416
0.000301416
0.000301416
0.000301416
0.000301416
0.000301416
0.000302436
0.000302436
0.000302436
0.000302436
0.000302436
0.000302436
0.000302436
0.000302436
0.000302436
0.000302436
0.000302436
0.000302436
0.000302436
0.000302436
0.000302436
0.000302436
0.000302436
0.000302436
0.000302436
0.000302436
0.000302436
0.000302436
0.000302436
0.000302436
0.000302436
0.000302436
0.000302436
0.000302436
0.000302436
0.000302436
0.000302436
0.000302436
0.000302436
0.000302436
0.000302436
0.000302436
0.000302436
0.000302436
0.000302436
0.000302436
0.000302436
0.000302436
0.000302436
0.000302436
0.000302436
0.000302436
0.000302436
0.000302436
0.000302436
0.000302436
0.000302436
0.000302436
0.000302436
0.000302436
0.000302436
0.000302436
0.000302436
0.000302436
0.000302436
0.000302436
0.000302436
0.000302436
0.000302436
0.000302436
0.000302436
0.000302436
0.000302436
0.000302436
0.000302436
0.000302436
0.000302436
0.000302436
0.000302436
0.000302436
0.000302436
0.000302436
0.000302436
0.000302436
0.000302436
0.000302436
0.000302436
0.000302436
0.000302436
0.000302436
0.000302436
0.000302436
0.000302436
0.000302436
0.000302436
0.000302436
0.000302436
0.000302436
0.000302436
0.000302436
0.000302436
0.000302436
0.000302436
0.000302436
0.000302436
0.000302436
0.000300478
0.000300478
0.000300478
0.000300478
0.000300478
0.000300478
0.000300478
0.000300478
0.000300478
0.000300478
0.000300478
0.000300478
0.000300478
0.000300478
0.000300478
0.000300478
0.000300478
0.000300478
0.000300478
0.000300478
0.000300478
0.000300478
0.000300478
0.000300478
0.000300478
0.000300478
0.000300478
0.000300478
0.000300478
0.000300478
0.000300478
0.000300478
0.000300478
0.000300478
0.000300478
0.000300478
0.000300478
0.000300478
0.000300478
0.000300478
0.000300478
0.000300478
0.000300478
0.000300478
0.000300478
0.000300478
0.000300478
0.000300478
0.000300478
0.000300478
0.000300478
0.000300478
0.000300478
0.000300478
0.000300478
0.000300478
0.000300478
0.000300478
0.000300478
0.000300478
0.000300478
0.000300478
0.000300478
0.000300478
0.000300478
0.000300478
0.000300478
0.000300478
0.000300478
0.000300478
0.000300478
0.000300478
0.000300478
0.000300478
0.000300478
0.000300478
0.000300478
0.000300478
0.000300478
0.000300478
0.000300478
0.000300478
0.000300478
0.000300478
0.000300478
0.000300478
0.000300478
0.000300478
0.000300478
0.000300478
0.000300478
0.000300478
0.000300478
0.000300478
0.000300478
0.000300478
0.000300478
0.000300478
0.000300478
0.000300478
0.000302436
0.000302436
0.000302436
0.000302436
0.000302436
0.000302436
0.000302436
0.000302436
0.000302436
0.000302436
0.000302436
0.000302436
0.000302436
0.000302436
0.000302436
0.000302436
0.000302436
0.000302436
0.000302436
0.000302436
0.000302436
0.000302436
0.000302436
0.000302436
0.000302436
0.000302436
0.000302436
0.000302436
0.000302436
0.000302436
0.000302436
0.000302436
0.000302436
0.000302436
0.000302436
0.000302436
0.000302436
0.000302436
0.000302436
0.000302436
0.000302436
0.000302436
0.000302436
0.000302436
0.000302436
0.000302436
0.000302436
0.000302436
0.000302436
0.000302436
0.000302436
0.000302436
0.000302436
0.000302436
0.000302436
0.000302436
0.000302436
0.000302436
0.000302436
0.000302436
0.000302436
0.000302436
0.000302436
0.000302436
0.000302436
0.000302436
0.000302436
0.000302436
0.000302436
0.000302436
0.000302436
0.000302436
0.000302436
0.000302436
0.000302436
0.000302436
0.000302436
0.000302436
0.000302436
0.000302436
0.000302436
0.000302436
0.000302436
0.000302436
0.000302436
0.000302436
0.000302436
0.000302436
0.000302436
0.000302436
0.000302436
0.000302436
0.000302436
0.000302436
0.000302436
0.000302436
0.000302436
0.000302436
0.000302436
0.000302436
0.000301115
0.000301115
0.000301115
0.000301115
0.000301115
0.000301115
0.000301115
0.000301115
0.000301115
0.000301115
0.000301115
0.000301115
0.000301115
0.000301115
0.000301115
0.000301115
0.000301115
0.000301115
0.000301115
0.000301115
0.000301115
0.000301115
0.000301115
0.000301115
0.000301115
0.000301115
0.000301115
0.000301115
0.000301115
0.000301115
0.000301115
0.000301115
0.000301115
0.000301115
0.000301115
0.000301115
0.000301115
0.000301115
0.000301115
0.000301115
0.000301115
0.000301115
0.000301115
0.000301115
0.000301115
0.000301115
0.000301115
0.000301115
0.000301115
0.000301115
0.000301115
0.000301115
0.000301115
0.000301115
0.000301115
0.000301115
0.000301115
0.000301115
0.000301115
0.000301115
0.000301115
0.000301115
0.000301115
0.000301115
0.000301115
0.000301115
0.000301115
0.000301115
0.000301115
0.000301115
0.000301115
0.000301115
0.000301115
0.000301115
0.000301115
0.000301115
0.000301115
0.000301115
0.000301115
0.000301115
0.000301115
0.000301115
0.000301115
0.000301115
0.000301115
0.000301115
0.000301115
0.000301115
0.000301115
0.000301115
0.000301115
0.000301115
0.000301115
0.000301115
0.000301115
0.000301115
0.000301115
0.000301115
0.000301115
0.000301115
)
;
        source          uniform 0;
        Tnbr            T;
        kappaMethod     solidThermo;
        value           nonuniform List<scalar> 
500
(
351.322
351.329
351.333
351.335
351.335
351.335
351.334
351.333
351.329
351.322
348.041
348.053
348.06
348.064
348.065
348.065
348.064
348.06
348.053
348.041
344.895
344.908
344.916
344.92
344.922
344.922
344.92
344.916
344.908
344.895
341.955
341.968
341.976
341.981
341.983
341.983
341.982
341.977
341.969
341.956
339.29
339.302
339.31
339.315
339.317
339.317
339.316
339.312
339.304
339.291
336.964
336.976
336.984
336.988
336.989
336.99
336.989
336.984
336.976
336.964
335.031
335.043
335.051
335.054
335.055
335.055
335.054
335.05
335.042
335.031
333.537
333.548
333.555
333.559
333.56
333.559
333.557
333.553
333.546
333.534
332.514
332.526
332.533
332.537
332.538
332.537
332.536
332.532
332.524
332.512
331.989
332.001
332.009
332.013
332.014
332.014
332.013
332.009
332
331.988
351.322
351.336
351.341
351.345
351.346
351.346
351.346
351.344
351.342
351.339
348.042
348.066
348.078
348.086
348.089
348.09
348.09
348.088
348.083
348.076
344.896
344.924
344.94
344.949
344.954
344.957
344.957
344.955
344.949
344.939
341.957
341.985
342.003
342.014
342.019
342.023
342.024
342.022
342.015
342.004
339.292
339.32
339.338
339.349
339.355
339.36
339.361
339.359
339.354
339.343
336.965
336.992
337.01
337.022
337.028
337.033
337.036
337.035
337.03
337.021
335.031
335.058
335.075
335.087
335.094
335.1
335.104
335.104
335.1
335.092
333.535
333.561
333.579
333.592
333.601
333.607
333.611
333.612
333.609
333.602
332.513
332.539
332.56
332.575
332.584
332.59
332.594
332.595
332.593
332.587
331.989
332.016
332.04
332.056
332.065
332.072
332.077
332.078
332.075
332.07
351.34
351.343
351.344
351.345
351.345
351.345
351.345
351.344
351.343
351.34
348.075
348.08
348.083
348.084
348.084
348.084
348.084
348.083
348.08
348.075
344.937
344.942
344.946
344.948
344.949
344.949
344.948
344.946
344.942
344.937
342.002
342.008
342.012
342.015
342.017
342.017
342.015
342.012
342.008
342.002
339.341
339.348
339.352
339.355
339.357
339.357
339.355
339.351
339.348
339.342
337.019
337.025
337.03
337.033
337.035
337.034
337.032
337.029
337.025
337.02
335.09
335.097
335.101
335.105
335.106
335.106
335.103
335.1
335.097
335.091
333.601
333.607
333.611
333.615
333.616
333.615
333.613
333.61
333.607
333.602
332.586
332.591
332.596
332.599
332.6
332.599
332.597
332.594
332.592
332.587
332.068
332.074
332.079
332.082
332.083
332.083
332.08
332.077
332.075
332.07
351.322
351.336
351.341
351.345
351.346
351.346
351.346
351.344
351.342
351.339
348.042
348.066
348.079
348.086
348.089
348.091
348.09
348.088
348.083
348.076
344.896
344.924
344.941
344.95
344.955
344.958
344.958
344.955
344.949
344.938
341.956
341.985
342.003
342.014
342.02
342.024
342.024
342.022
342.015
342.004
339.291
339.319
339.337
339.349
339.356
339.36
339.361
339.359
339.353
339.343
336.965
336.992
337.009
337.021
337.029
337.034
337.036
337.034
337.029
337.02
335.032
335.058
335.075
335.087
335.096
335.101
335.104
335.102
335.099
335.091
333.537
333.563
333.58
333.593
333.602
333.608
333.611
333.61
333.607
333.601
332.515
332.541
332.56
332.574
332.584
332.591
332.594
332.593
332.591
332.586
331.99
332.016
332.039
332.055
332.065
332.073
332.077
332.076
332.073
332.068
331.99
332.016
332.039
332.054
332.065
332.072
332.077
332.076
332.073
332.068
332.002
332.027
332.046
332.061
332.071
332.077
332.081
332.081
332.079
332.074
332.01
332.034
332.051
332.066
332.075
332.081
332.084
332.084
332.083
332.079
332.014
332.038
332.054
332.068
332.076
332.082
332.085
332.086
332.086
332.082
332.015
332.039
332.055
332.068
332.076
332.082
332.085
332.087
332.087
332.083
332.015
332.04
332.056
332.068
332.076
332.082
332.086
332.087
332.087
332.083
332.014
332.039
332.056
332.068
332.076
332.082
332.086
332.086
332.085
332.081
332.009
332.035
332.054
332.067
332.074
332.079
332.083
332.084
332.082
332.078
332.001
332.028
332.048
332.062
332.071
332.076
332.08
332.082
332.08
332.075
331.989
332.016
332.04
332.056
332.065
332.072
332.077
332.078
332.075
332.07
)
;
    }
}


// ************************************************************************* //
