/*--------------------------------*- C++ -*----------------------------------*\
| =========                 |                                                 |
| \\      /  F ield         | OpenFOAM: The Open Source CFD Toolbox           |
|  \\    /   O peration     | Version:  2412                                  |
|   \\  /    A nd           | Website:  www.openfoam.com                      |
|    \\/     M anipulation  |                                                 |
\*---------------------------------------------------------------------------*/
FoamFile
{
    version     2.0;
    format      ascii;
    arch        "LSB;label=32;scalar=64";
    class       volScalarField;
    location    "2.5/solid";
    object      wallHeatFlux;
}
// * * * * * * * * * * * * * * * * * * * * * * * * * * * * * * * * * * * * * //

dimensions      [1 0 -3 0 0 0 0];

internalField   uniform 0;

boundaryField
{
    bodyBottom
    {
        type            calculated;
        value           nonuniform List<scalar> 
100
(
342145
340915
340300
340095
339890
339890
340095
340300
340915
342145
340300
339480
339070
338865
338865
338865
338865
339070
339480
340300
339275
338660
338455
338250
338250
338250
338250
338455
338660
339275
338660
338250
338045
338045
338045
338045
338045
338045
338250
338660
338455
338045
337840
337840
337840
337840
337840
337840
338045
338455
338455
337840
337840
337635
337635
337635
337635
337840
338045
338455
338455
337840
337840
337635
337635
337635
337635
337840
337840
338455
338660
338045
337840
337840
337635
337635
337840
337840
338045
338660
338865
338455
338045
338045
338045
338045
338045
338045
338455
338865
339480
338865
338660
338660
338660
338660
338660
338660
338865
339480
)
;
    }
    solid_to_fluid
    {
        type            calculated;
        value           nonuniform List<scalar> 
500
(
-1845
-1640
-1435
-1230
-1435
-1435
-1435
-1435
-1640
-1845
-2460
-2050
-1845
-1845
-1845
-1845
-1640
-1845
-2050
-2255
-2460
-2255
-2050
-2255
-2050
-2050
-2255
-2255
-2255
-2460
-2665
-2255
-2255
-2255
-2050
-2255
-2050
-2255
-2460
-2460
-2460
-2460
-2255
-2255
-2050
-2255
-2050
-2050
-2255
-2460
-2460
-2255
-2050
-2050
-2050
-2050
-2050
-2255
-2255
-2460
-2460
-2255
-2050
-2050
-2050
-2050
-2050
-2050
-2255
-2255
-2255
-2255
-2050
-2050
-1845
-1845
-2050
-2050
-2050
-2255
-2460
-2255
-2255
-2050
-2050
-2050
-2050
-2050
-2255
-2460
-2460
-2460
-2255
-2255
-2255
-2255
-2255
-2255
-2460
-2460
-1845
-820
-820
-615
-615
-615
-615
-820
-1025
-1025
-2050
-820
-820
-410
-615
-615
-615
-820
-1025
-1025
-2255
-1025
-615
-615
-615
-615
-820
-820
-820
-1025
-2255
-1230
-820
-615
-820
-615
-820
-615
-1025
-1230
-2255
-1025
-820
-820
-820
-615
-820
-820
-820
-1230
-2255
-1230
-820
-615
-820
-820
-820
-820
-1025
-1230
-2255
-1025
-1025
-820
-820
-820
-820
-820
-1025
-1230
-2050
-1025
-820
-820
-820
-820
-1025
-820
-1025
-1230
-2255
-1435
-1025
-820
-820
-820
-1025
-1025
-1025
-1230
-2255
-1640
-1230
-1025
-1025
-1025
-820
-1025
-1025
-1025
-820
-820
-820
-615
-615
-615
-615
-820
-820
-820
-1230
-1230
-1025
-1230
-1230
-1230
-1025
-1025
-1230
-1230
-1435
-1640
-1435
-1435
-1435
-1435
-1435
-1435
-1640
-1435
-1640
-1640
-1435
-1435
-1230
-1230
-1435
-1435
-1640
-1640
-1640
-1230
-1435
-1435
-1230
-1230
-1230
-1435
-1230
-1435
-1435
-1435
-1230
-1230
-1025
-1230
-1230
-1230
-1435
-1435
-1435
-1230
-1230
-1025
-1025
-820
-1025
-1230
-1230
-1435
-1230
-1230
-1230
-1025
-820
-1025
-1025
-1025
-1230
-1230
-1025
-1230
-1025
-1025
-820
-1025
-1025
-1230
-1025
-1230
-1230
-1230
-1025
-1025
-1025
-820
-1025
-1230
-1025
-1025
-1845
-820
-820
-615
-615
-615
-615
-820
-1025
-1025
-2255
-1025
-615
-615
-615
-615
-820
-820
-1025
-1025
-2255
-1025
-615
-615
-615
-615
-615
-820
-820
-1230
-2460
-1025
-820
-615
-615
-615
-820
-615
-1025
-1230
-2255
-1230
-820
-820
-615
-820
-820
-820
-1025
-1230
-2255
-1025
-820
-820
-820
-820
-820
-820
-820
-1230
-2255
-1230
-820
-820
-820
-820
-820
-1025
-820
-1230
-2255
-1025
-1025
-820
-820
-820
-1025
-1025
-1025
-1230
-2255
-1230
-1025
-820
-820
-820
-1025
-1025
-1025
-1025
-2255
-1640
-1025
-1025
-1025
-820
-820
-1025
-1025
-1230
-2255
-1640
-1025
-1230
-1025
-1025
-820
-1025
-1025
-1230
-2255
-1230
-820
-820
-820
-1025
-1025
-820
-820
-1230
-2050
-1025
-820
-615
-615
-820
-820
-820
-820
-1025
-2050
-1025
-820
-820
-820
-820
-820
-820
-820
-1025
-2050
-1025
-820
-820
-820
-615
-820
-615
-820
-1025
-2050
-820
-820
-820
-820
-615
-820
-820
-615
-820
-2050
-1025
-820
-820
-820
-615
-615
-820
-820
-820
-2255
-1025
-820
-615
-820
-820
-820
-820
-1025
-1025
-2255
-1230
-1025
-820
-820
-820
-1025
-820
-1025
-1025
-2255
-1640
-1230
-1025
-1025
-1025
-820
-1025
-1025
-1025
)
;
    }
}


// ************************************************************************* //
