/*--------------------------------*- C++ -*----------------------------------*\
| =========                 |                                                 |
| \\      /  F ield         | OpenFOAM: The Open Source CFD Toolbox           |
|  \\    /   O peration     | Version:  2412                                  |
|   \\  /    A nd           | Website:  www.openfoam.com                      |
|    \\/     M anipulation  |                                                 |
\*---------------------------------------------------------------------------*/
FoamFile
{
    version     2.0;
    format      ascii;
    arch        "LSB;label=32;scalar=64";
    class       volScalarField;
    location    "0.9/solid";
    object      T;
}
// * * * * * * * * * * * * * * * * * * * * * * * * * * * * * * * * * * * * * //

dimensions      [0 0 0 1 0 0 0];

internalField   nonuniform List<scalar> 
1000
(
349.123
349.132
349.136
349.138
349.138
349.139
349.139
349.138
349.136
349.133
349.129
349.135
349.138
349.14
349.14
349.14
349.14
349.14
349.139
349.136
349.131
349.136
349.139
349.14
349.14
349.141
349.141
349.14
349.139
349.136
349.132
349.137
349.139
349.14
349.14
349.141
349.141
349.141
349.14
349.137
349.132
349.137
349.139
349.14
349.14
349.141
349.141
349.141
349.14
349.137
349.132
349.137
349.139
349.14
349.14
349.141
349.141
349.141
349.14
349.137
349.132
349.137
349.139
349.14
349.141
349.141
349.141
349.141
349.14
349.137
349.131
349.136
349.139
349.14
349.14
349.141
349.141
349.14
349.139
349.136
349.129
349.135
349.138
349.139
349.14
349.14
349.14
349.14
349.138
349.136
349.123
349.132
349.135
349.138
349.138
349.138
349.138
349.138
349.136
349.133
341.504
341.519
341.528
341.532
341.534
341.534
341.535
341.533
341.529
341.523
341.512
341.523
341.53
341.534
341.535
341.536
341.537
341.535
341.532
341.526
341.516
341.526
341.531
341.534
341.535
341.536
341.536
341.536
341.534
341.528
341.519
341.528
341.532
341.534
341.535
341.536
341.537
341.537
341.535
341.529
341.519
341.528
341.532
341.534
341.535
341.536
341.537
341.537
341.535
341.529
341.518
341.527
341.532
341.534
341.535
341.536
341.537
341.537
341.535
341.529
341.518
341.527
341.532
341.535
341.536
341.536
341.537
341.536
341.534
341.529
341.516
341.526
341.531
341.534
341.535
341.536
341.537
341.535
341.533
341.528
341.512
341.523
341.529
341.533
341.535
341.536
341.536
341.535
341.532
341.526
341.503
341.518
341.526
341.531
341.533
341.534
341.534
341.533
341.529
341.523
334.231
334.247
334.258
334.263
334.265
334.266
334.267
334.265
334.261
334.254
334.239
334.251
334.259
334.264
334.266
334.267
334.268
334.266
334.263
334.257
334.243
334.253
334.259
334.263
334.265
334.266
334.267
334.266
334.264
334.258
334.246
334.256
334.261
334.264
334.265
334.266
334.268
334.268
334.266
334.26
334.246
334.255
334.261
334.264
334.264
334.266
334.268
334.268
334.265
334.26
334.245
334.254
334.26
334.263
334.264
334.266
334.268
334.268
334.265
334.26
334.246
334.255
334.26
334.264
334.265
334.266
334.267
334.267
334.265
334.26
334.244
334.254
334.259
334.263
334.265
334.266
334.267
334.266
334.263
334.258
334.239
334.251
334.258
334.262
334.264
334.266
334.268
334.267
334.263
334.256
334.23
334.246
334.255
334.26
334.263
334.265
334.266
334.265
334.261
334.254
327.5
327.515
327.525
327.53
327.532
327.533
327.535
327.534
327.53
327.523
327.506
327.518
327.526
327.531
327.532
327.534
327.535
327.534
327.531
327.525
327.51
327.519
327.524
327.529
327.531
327.532
327.534
327.533
327.531
327.527
327.513
327.521
327.526
327.529
327.53
327.531
327.534
327.534
327.533
327.529
327.513
327.521
327.526
327.529
327.529
327.531
327.533
327.534
327.533
327.528
327.513
327.521
327.526
327.529
327.529
327.531
327.534
327.534
327.533
327.528
327.514
327.523
327.527
327.53
327.53
327.531
327.534
327.535
327.533
327.528
327.513
327.522
327.528
327.531
327.531
327.532
327.533
327.532
327.531
327.527
327.509
327.52
327.527
327.53
327.531
327.533
327.535
327.533
327.531
327.525
327.501
327.516
327.525
327.529
327.53
327.532
327.534
327.533
327.53
327.523
321.478
321.49
321.499
321.503
321.505
321.507
321.509
321.508
321.506
321.501
321.483
321.492
321.499
321.504
321.505
321.507
321.509
321.508
321.506
321.502
321.486
321.493
321.498
321.502
321.503
321.505
321.507
321.507
321.506
321.504
321.488
321.495
321.498
321.502
321.502
321.504
321.506
321.507
321.508
321.505
321.487
321.494
321.498
321.501
321.501
321.503
321.506
321.507
321.507
321.504
321.488
321.495
321.499
321.502
321.502
321.503
321.506
321.507
321.507
321.504
321.49
321.497
321.502
321.504
321.503
321.504
321.506
321.508
321.507
321.504
321.489
321.498
321.503
321.505
321.504
321.504
321.506
321.506
321.506
321.503
321.486
321.496
321.502
321.505
321.505
321.506
321.508
321.508
321.506
321.502
321.48
321.492
321.5
321.504
321.504
321.506
321.508
321.508
321.506
321.501
316.304
316.314
316.319
316.322
316.324
316.327
316.329
316.328
316.327
316.325
316.308
316.316
316.319
316.323
316.325
316.327
316.329
316.327
316.328
316.327
316.31
316.316
316.318
316.322
316.324
316.325
316.327
316.327
316.329
316.328
316.31
316.315
316.317
316.322
316.322
316.324
316.326
316.327
316.329
316.329
316.309
316.313
316.317
316.32
316.32
316.322
316.324
316.326
316.328
316.327
316.309
316.315
316.318
316.32
316.32
316.322
316.325
316.327
316.327
316.326
316.312
316.318
316.321
316.323
316.322
316.324
316.327
316.328
316.327
316.326
316.312
316.319
316.323
316.324
316.323
316.323
316.326
316.326
316.326
316.325
316.31
316.318
316.322
316.324
316.324
316.324
316.327
316.328
316.329
316.327
316.305
316.315
316.321
316.324
316.323
316.325
316.329
316.33
316.329
316.326
312.076
312.083
312.086
312.089
312.091
312.094
312.096
312.095
312.096
312.096
312.08
312.085
312.087
312.089
312.092
312.094
312.096
312.095
312.097
312.098
312.081
312.085
312.085
312.089
312.091
312.092
312.094
312.094
312.098
312.099
312.08
312.082
312.084
312.088
312.089
312.091
312.093
312.094
312.098
312.098
312.077
312.08
312.082
312.086
312.086
312.088
312.09
312.093
312.095
312.096
312.077
312.081
312.083
312.085
312.085
312.088
312.092
312.094
312.095
312.095
312.079
312.084
312.086
312.087
312.087
312.09
312.094
312.095
312.095
312.095
312.08
312.085
312.087
312.088
312.088
312.089
312.093
312.094
312.095
312.095
312.079
312.085
312.088
312.089
312.088
312.09
312.094
312.096
312.098
312.098
312.075
312.083
312.087
312.088
312.088
312.091
312.096
312.098
312.099
312.098
308.859
308.864
308.866
308.868
308.87
308.873
308.876
308.875
308.876
308.878
308.861
308.865
308.866
308.868
308.87
308.873
308.875
308.874
308.877
308.879
308.862
308.864
308.863
308.868
308.87
308.871
308.873
308.873
308.878
308.88
308.86
308.862
308.863
308.867
308.868
308.869
308.871
308.873
308.877
308.879
308.856
308.859
308.861
308.864
308.865
308.866
308.869
308.871
308.875
308.876
308.855
308.857
308.86
308.863
308.863
308.866
308.87
308.873
308.874
308.875
308.857
308.86
308.863
308.865
308.865
308.868
308.872
308.874
308.875
308.875
308.858
308.861
308.863
308.866
308.866
308.868
308.871
308.872
308.875
308.876
308.857
308.862
308.863
308.866
308.867
308.869
308.873
308.876
308.879
308.879
308.854
308.86
308.863
308.866
308.867
308.87
308.875
308.878
308.88
308.88
306.693
306.698
306.699
306.701
306.704
306.706
306.709
306.709
306.71
306.713
306.696
306.699
306.698
306.702
306.704
306.706
306.709
306.709
306.711
306.714
306.695
306.697
306.697
306.702
306.703
306.705
306.707
306.706
306.711
306.714
306.694
306.695
306.697
306.701
306.702
306.703
306.705
306.706
306.711
306.713
306.69
306.692
306.695
306.698
306.698
306.7
306.702
306.705
306.709
306.71
306.689
306.692
306.696
306.698
306.698
306.7
306.703
306.706
306.708
306.709
306.691
306.695
306.7
306.701
306.701
306.702
306.705
306.707
306.709
306.709
306.692
306.697
306.701
306.703
306.702
306.702
306.704
306.706
306.71
306.711
306.691
306.696
306.7
306.703
306.702
306.703
306.707
306.711
306.713
306.714
306.689
306.695
306.699
306.702
306.702
306.704
306.709
306.713
306.715
306.715
305.603
305.608
305.61
305.612
305.614
305.617
305.62
305.62
305.622
305.624
305.606
305.609
305.609
305.613
305.615
305.617
305.621
305.62
305.622
305.625
305.605
305.608
305.609
305.614
305.615
305.616
305.619
305.618
305.622
305.625
305.604
305.606
305.609
305.613
305.613
305.614
305.616
305.617
305.622
305.625
305.601
305.604
305.607
305.61
305.61
305.611
305.613
305.616
305.62
305.622
305.601
305.605
305.609
305.611
305.61
305.611
305.615
305.617
305.62
305.621
305.604
305.609
305.612
305.614
305.613
305.613
305.617
305.618
305.62
305.621
305.605
305.61
305.614
305.615
305.614
305.613
305.615
305.618
305.621
305.622
305.604
305.61
305.614
305.616
305.614
305.614
305.618
305.622
305.625
305.626
305.601
305.608
305.612
305.615
305.614
305.616
305.62
305.624
305.626
305.627
)
;

boundaryField
{
    bodyBottom
    {
        type            fixedValue;
        value           uniform 353;
    }
    solid_to_fluid
    {
        type            compressible::turbulentTemperatureCoupledBaffleMixed;
        refValue        nonuniform List<scalar> 
500
(
319.041
322.907
324.559
325.548
326.04
326.04
325.548
324.559
322.907
319.041
307.868
311.377
314.266
315.818
316.502
316.502
315.817
314.266
311.377
307.868
302.894
305.262
307.25
308.305
308.76
308.76
308.305
307.251
305.262
302.894
300.928
302.792
304.318
305.089
305.411
305.411
305.089
304.319
302.793
300.928
299.676
301.263
302.543
303.173
303.437
303.438
303.174
302.544
301.264
299.677
298.588
299.932
301.016
301.54
301.759
301.76
301.541
301.016
299.932
298.589
297.777
298.937
299.889
300.347
300.539
300.539
300.348
299.889
298.937
297.777
296.977
297.936
298.739
299.122
299.279
299.278
299.121
298.739
297.935
296.976
296.155
296.885
297.513
297.812
297.934
297.933
297.811
297.512
296.884
296.154
295.466
295.972
296.417
296.623
296.705
296.704
296.623
296.416
295.971
295.466
320.38
334.036
336.861
339.799
338.387
337.92
336.69
335.245
333.813
332.678
310.556
329.36
333.762
335.905
335.35
334.79
333.59
331.968
330.27
327.731
305.515
322.694
328.242
330.027
329.784
329.49
328.624
327.33
325.656
321.557
303.123
318.071
322.603
323.955
323.928
323.916
323.365
322.504
321.04
316.701
301.47
314.016
317.274
318.269
318.258
318.452
318.07
317.583
316.413
312.886
300.027
310.333
312.759
313.47
313.422
313.565
313.326
313.076
312.324
309.824
298.961
307.266
309.104
309.518
309.45
309.513
309.337
309.194
308.881
307.347
298
304.712
306.399
306.662
306.583
306.514
306.376
306.223
306.071
305.377
297.124
302.386
304.389
304.595
304.557
304.445
304.375
304.247
304.017
303.735
296.383
299.558
302.365
303.143
303.034
303.159
303.068
302.846
302.69
302.451
336.531
336.43
335.815
335.378
335.108
335.107
335.377
335.814
336.428
336.529
323.937
324.393
323.74
323.064
322.496
322.495
323.062
323.738
324.39
323.934
315.5
316.017
315.748
315.648
315.724
315.723
315.647
315.746
316.014
315.497
312.012
312.663
312.8
313.267
313.838
313.837
313.266
312.799
312.662
312.01
309.643
310.406
310.778
311.503
312.272
312.272
311.502
310.776
310.404
309.641
307.776
308.575
309.077
309.888
310.688
310.688
309.887
309.075
308.573
307.774
306.289
307.066
307.599
308.351
309.044
309.043
308.348
307.596
307.064
306.288
305.124
305.821
306.288
306.871
307.317
307.316
306.868
306.285
305.82
305.123
304.2
304.767
305.103
305.477
305.772
305.771
305.474
305.1
304.766
304.201
303.359
303.78
303.977
304.191
304.446
304.445
304.188
303.974
303.78
303.361
320.38
334.036
336.861
339.799
338.387
337.92
336.69
335.245
333.814
332.679
310.556
329.361
333.763
335.905
335.351
334.79
333.59
331.968
330.271
327.733
305.515
322.695
328.243
330.029
329.785
329.49
328.625
327.33
325.657
321.56
303.123
318.071
322.604
323.956
323.929
323.917
323.365
322.505
321.041
316.703
301.469
314.015
317.274
318.269
318.258
318.453
318.071
317.583
316.413
312.887
300.026
310.332
312.758
313.469
313.422
313.566
313.326
313.075
312.323
309.824
298.961
307.266
309.104
309.519
309.451
309.514
309.337
309.192
308.879
307.346
298.001
304.713
306.4
306.663
306.585
306.515
306.375
306.221
306.068
305.376
297.125
302.387
304.389
304.595
304.557
304.445
304.374
304.244
304.015
303.733
296.384
299.559
302.364
303.142
303.034
303.159
303.067
302.844
302.687
302.449
296.288
299.246
301.6
302.242
302.328
302.484
302.525
302.452
302.312
302.012
296.733
301.348
302.968
303.29
303.286
303.303
303.287
303.2
302.989
302.608
297.063
302.312
303.469
303.788
303.753
303.709
303.637
303.529
303.335
303.092
297.229
302.729
303.405
303.829
303.893
303.907
303.863
303.798
303.722
303.605
297.306
303.176
303.308
303.705
303.871
303.97
304.002
304.017
304.053
303.995
297.306
303.177
303.308
303.705
303.871
303.97
304.002
304.017
304.052
303.993
297.228
302.73
303.406
303.829
303.893
303.906
303.863
303.798
303.721
303.603
297.063
302.313
303.471
303.788
303.752
303.707
303.636
303.529
303.334
303.09
296.733
301.349
302.97
303.292
303.286
303.302
303.287
303.202
302.991
302.608
296.287
299.246
301.601
302.244
302.328
302.483
302.525
302.454
302.314
302.014
)
;
        refGradient     uniform 0;
        valueFraction   nonuniform List<scalar> 
500
(
0.000301416
0.000301416
0.000301416
0.000301416
0.000301416
0.000301416
0.000301416
0.000301416
0.000301416
0.000301416
0.000301416
0.000301416
0.000301416
0.000301416
0.000301416
0.000301416
0.000301416
0.000301416
0.000301416
0.000301416
0.000301416
0.000301416
0.000301416
0.000301416
0.000301416
0.000301416
0.000301416
0.000301416
0.000301416
0.000301416
0.000301416
0.000301416
0.000301416
0.000301416
0.000301416
0.000301416
0.000301416
0.000301416
0.000301416
0.000301416
0.000301416
0.000301416
0.000301416
0.000301416
0.000301416
0.000301416
0.000301416
0.000301416
0.000301416
0.000301416
0.000301416
0.000301416
0.000301416
0.000301416
0.000301416
0.000301416
0.000301416
0.000301416
0.000301416
0.000301416
0.000301416
0.000301416
0.000301416
0.000301416
0.000301416
0.000301416
0.000301416
0.000301416
0.000301416
0.000301416
0.000301416
0.000301416
0.000301416
0.000301416
0.000301416
0.000301416
0.000301416
0.000301416
0.000301416
0.000301416
0.000301416
0.000301416
0.000301416
0.000301416
0.000301416
0.000301416
0.000301416
0.000301416
0.000301416
0.000301416
0.000301416
0.000301416
0.000301416
0.000301416
0.000301416
0.000301416
0.000301416
0.000301416
0.000301416
0.000301416
0.000302436
0.000302436
0.000302436
0.000302436
0.000302436
0.000302436
0.000302436
0.000302436
0.000302436
0.000302436
0.000302436
0.000302436
0.000302436
0.000302436
0.000302436
0.000302436
0.000302436
0.000302436
0.000302436
0.000302436
0.000302436
0.000302436
0.000302436
0.000302436
0.000302436
0.000302436
0.000302436
0.000302436
0.000302436
0.000302436
0.000302436
0.000302436
0.000302436
0.000302436
0.000302436
0.000302436
0.000302436
0.000302436
0.000302436
0.000302436
0.000302436
0.000302436
0.000302436
0.000302436
0.000302436
0.000302436
0.000302436
0.000302436
0.000302436
0.000302436
0.000302436
0.000302436
0.000302436
0.000302436
0.000302436
0.000302436
0.000302436
0.000302436
0.000302436
0.000302436
0.000302436
0.000302436
0.000302436
0.000302436
0.000302436
0.000302436
0.000302436
0.000302436
0.000302436
0.000302436
0.000302436
0.000302436
0.000302436
0.000302436
0.000302436
0.000302436
0.000302436
0.000302436
0.000302436
0.000302436
0.000302436
0.000302436
0.000302436
0.000302436
0.000302436
0.000302436
0.000302436
0.000302436
0.000302436
0.000302436
0.000302436
0.000302436
0.000302436
0.000302436
0.000302436
0.000302436
0.000302436
0.000302436
0.000302436
0.000302436
0.000300478
0.000300478
0.000300478
0.000300478
0.000300478
0.000300478
0.000300478
0.000300478
0.000300478
0.000300478
0.000300478
0.000300478
0.000300478
0.000300478
0.000300478
0.000300478
0.000300478
0.000300478
0.000300478
0.000300478
0.000300478
0.000300478
0.000300478
0.000300478
0.000300478
0.000300478
0.000300478
0.000300478
0.000300478
0.000300478
0.000300478
0.000300478
0.000300478
0.000300478
0.000300478
0.000300478
0.000300478
0.000300478
0.000300478
0.000300478
0.000300478
0.000300478
0.000300478
0.000300478
0.000300478
0.000300478
0.000300478
0.000300478
0.000300478
0.000300478
0.000300478
0.000300478
0.000300478
0.000300478
0.000300478
0.000300478
0.000300478
0.000300478
0.000300478
0.000300478
0.000300478
0.000300478
0.000300478
0.000300478
0.000300478
0.000300478
0.000300478
0.000300478
0.000300478
0.000300478
0.000300478
0.000300478
0.000300478
0.000300478
0.000300478
0.000300478
0.000300478
0.000300478
0.000300478
0.000300478
0.000300478
0.000300478
0.000300478
0.000300478
0.000300478
0.000300478
0.000300478
0.000300478
0.000300478
0.000300478
0.000300478
0.000300478
0.000300478
0.000300478
0.000300478
0.000300478
0.000300478
0.000300478
0.000300478
0.000300478
0.000302436
0.000302436
0.000302436
0.000302436
0.000302436
0.000302436
0.000302436
0.000302436
0.000302436
0.000302436
0.000302436
0.000302436
0.000302436
0.000302436
0.000302436
0.000302436
0.000302436
0.000302436
0.000302436
0.000302436
0.000302436
0.000302436
0.000302436
0.000302436
0.000302436
0.000302436
0.000302436
0.000302436
0.000302436
0.000302436
0.000302436
0.000302436
0.000302436
0.000302436
0.000302436
0.000302436
0.000302436
0.000302436
0.000302436
0.000302436
0.000302436
0.000302436
0.000302436
0.000302436
0.000302436
0.000302436
0.000302436
0.000302436
0.000302436
0.000302436
0.000302436
0.000302436
0.000302436
0.000302436
0.000302436
0.000302436
0.000302436
0.000302436
0.000302436
0.000302436
0.000302436
0.000302436
0.000302436
0.000302436
0.000302436
0.000302436
0.000302436
0.000302436
0.000302436
0.000302436
0.000302436
0.000302436
0.000302436
0.000302436
0.000302436
0.000302436
0.000302436
0.000302436
0.000302436
0.000302436
0.000302436
0.000302436
0.000302436
0.000302436
0.000302436
0.000302436
0.000302436
0.000302436
0.000302436
0.000302436
0.000302436
0.000302436
0.000302436
0.000302436
0.000302436
0.000302436
0.000302436
0.000302436
0.000302436
0.000302436
0.000301115
0.000301115
0.000301115
0.000301115
0.000301115
0.000301115
0.000301115
0.000301115
0.000301115
0.000301115
0.000301115
0.000301115
0.000301115
0.000301115
0.000301115
0.000301115
0.000301115
0.000301115
0.000301115
0.000301115
0.000301115
0.000301115
0.000301115
0.000301115
0.000301115
0.000301115
0.000301115
0.000301115
0.000301115
0.000301115
0.000301115
0.000301115
0.000301115
0.000301115
0.000301115
0.000301115
0.000301115
0.000301115
0.000301115
0.000301115
0.000301115
0.000301115
0.000301115
0.000301115
0.000301115
0.000301115
0.000301115
0.000301115
0.000301115
0.000301115
0.000301115
0.000301115
0.000301115
0.000301115
0.000301115
0.000301115
0.000301115
0.000301115
0.000301115
0.000301115
0.000301115
0.000301115
0.000301115
0.000301115
0.000301115
0.000301115
0.000301115
0.000301115
0.000301115
0.000301115
0.000301115
0.000301115
0.000301115
0.000301115
0.000301115
0.000301115
0.000301115
0.000301115
0.000301115
0.000301115
0.000301115
0.000301115
0.000301115
0.000301115
0.000301115
0.000301115
0.000301115
0.000301115
0.000301115
0.000301115
0.000301115
0.000301115
0.000301115
0.000301115
0.000301115
0.000301115
0.000301115
0.000301115
0.000301115
0.000301115
)
;
        source          uniform 0;
        Tnbr            T;
        kappaMethod     solidThermo;
        value           nonuniform List<scalar> 
500
(
349.114
349.12
349.123
349.124
349.125
349.125
349.124
349.123
349.12
349.113
341.492
341.501
341.507
341.51
341.51
341.509
341.509
341.506
341.501
341.491
334.219
334.227
334.233
334.236
334.236
334.235
334.236
334.233
334.228
334.219
327.489
327.495
327.5
327.503
327.503
327.503
327.504
327.503
327.498
327.49
321.468
321.473
321.476
321.478
321.478
321.479
321.481
321.48
321.477
321.47
316.294
316.299
316.301
316.302
316.3
316.301
316.303
316.303
316.301
316.295
312.067
312.071
312.072
312.071
312.069
312.069
312.071
312.072
312.07
312.066
308.85
308.853
308.854
308.852
308.849
308.847
308.849
308.85
308.849
308.846
306.685
306.688
306.688
306.686
306.683
306.681
306.684
306.685
306.684
306.681
305.595
305.598
305.598
305.596
305.593
305.593
305.596
305.597
305.596
305.593
349.114
349.126
349.131
349.134
349.134
349.135
349.134
349.133
349.131
349.127
341.492
341.513
341.522
341.528
341.529
341.53
341.53
341.528
341.524
341.517
334.219
334.241
334.251
334.257
334.259
334.261
334.262
334.261
334.256
334.247
327.491
327.51
327.52
327.524
327.526
327.528
327.53
327.529
327.525
327.517
321.47
321.486
321.495
321.499
321.499
321.501
321.503
321.503
321.501
321.495
316.296
316.309
316.316
316.318
316.318
316.32
316.324
316.325
316.324
316.32
312.066
312.077
312.082
312.083
312.083
312.086
312.091
312.093
312.094
312.092
308.846
308.854
308.858
308.86
308.861
308.865
308.87
308.873
308.875
308.874
306.681
306.689
306.694
306.697
306.697
306.699
306.704
306.707
306.709
306.709
305.593
305.601
305.607
305.609
305.609
305.61
305.615
305.618
305.62
305.621
349.129
349.131
349.132
349.132
349.132
349.132
349.132
349.132
349.131
349.129
341.516
341.52
341.521
341.522
341.522
341.522
341.522
341.521
341.52
341.516
334.246
334.249
334.25
334.252
334.252
334.252
334.252
334.25
334.249
334.246
327.516
327.518
327.519
327.521
327.521
327.521
327.521
327.519
327.518
327.516
321.494
321.495
321.497
321.498
321.498
321.497
321.497
321.496
321.495
321.494
316.319
316.321
316.322
316.323
316.321
316.32
316.32
316.319
316.32
316.32
312.09
312.092
312.093
312.093
312.09
312.089
312.089
312.089
312.092
312.091
308.872
308.874
308.874
308.874
308.871
308.87
308.87
308.87
308.874
308.874
306.707
306.708
306.709
306.708
306.705
306.704
306.704
306.706
306.709
306.71
305.619
305.62
305.62
305.619
305.617
305.616
305.616
305.617
305.621
305.621
349.114
349.127
349.132
349.135
349.135
349.135
349.134
349.133
349.131
349.127
341.493
341.514
341.524
341.529
341.53
341.531
341.531
341.529
341.525
341.517
334.22
334.241
334.253
334.26
334.261
334.262
334.263
334.261
334.256
334.247
327.489
327.509
327.52
327.526
327.528
327.529
327.531
327.529
327.525
327.517
321.468
321.484
321.494
321.499
321.5
321.502
321.504
321.503
321.5
321.495
316.295
316.308
316.313
316.317
316.319
316.322
316.324
316.323
316.322
316.319
312.068
312.078
312.081
312.084
312.086
312.088
312.091
312.09
312.09
312.09
308.851
308.858
308.86
308.863
308.865
308.867
308.87
308.87
308.871
308.872
306.686
306.692
306.694
306.696
306.698
306.701
306.704
306.704
306.705
306.707
305.596
305.601
305.604
305.606
305.609
305.611
305.615
305.615
305.616
305.618
305.596
305.601
305.604
305.606
305.608
305.611
305.615
305.615
305.616
305.618
305.598
305.603
305.604
305.607
305.609
305.612
305.615
305.615
305.617
305.62
305.598
305.602
305.603
305.608
305.609
305.611
305.614
305.613
305.617
305.62
305.596
305.601
305.603
305.607
305.608
305.609
305.611
305.612
305.617
305.619
305.593
305.598
305.601
305.605
305.605
305.606
305.608
305.611
305.615
305.617
305.593
305.6
305.603
305.605
305.605
305.606
305.609
305.612
305.614
305.616
305.596
305.603
305.607
305.609
305.607
305.608
305.611
305.613
305.615
305.616
305.597
305.604
305.608
305.61
305.608
305.608
305.61
305.612
305.616
305.617
305.596
305.604
305.608
305.61
305.609
305.609
305.613
305.617
305.62
305.62
305.593
305.601
305.606
305.609
305.608
305.61
305.615
305.618
305.62
305.621
)
;
    }
}


// ************************************************************************* //
