/*--------------------------------*- C++ -*----------------------------------*\
| =========                 |                                                 |
| \\      /  F ield         | OpenFOAM: The Open Source CFD Toolbox           |
|  \\    /   O peration     | Version:  2412                                  |
|   \\  /    A nd           | Website:  www.openfoam.com                      |
|    \\/     M anipulation  |                                                 |
\*---------------------------------------------------------------------------*/
FoamFile
{
    version     2.0;
    format      ascii;
    arch        "LSB;label=32;scalar=64";
    class       volScalarField;
    location    "0.9/solid";
    object      wallHeatFlux;
}
// * * * * * * * * * * * * * * * * * * * * * * * * * * * * * * * * * * * * * //

dimensions      [1 0 -3 0 0 0 0];

internalField   uniform 0;

boundaryField
{
    bodyBottom
    {
        type            calculated;
        value           nonuniform List<scalar> 
100
(
794785
793555
793145
792940
792940
792940
792940
793145
793555
794785
792940
792325
792120
791915
791915
791915
791915
792120
792325
792940
792120
791710
791505
791505
791505
791505
791505
791505
791710
792325
791710
791300
791300
791300
791300
791300
791300
791300
791505
791710
791710
791300
791300
791300
791300
791300
791095
791300
791300
791710
791505
791300
791095
791095
791095
791095
791095
791095
791300
791710
791505
791300
791095
791095
791095
791095
791095
791095
791300
791710
791710
791300
791300
791095
791095
791095
791095
791300
791300
791710
792120
791505
791505
791300
791300
791300
791300
791505
791710
792120
792735
792120
792120
791915
791915
791915
791915
792120
792120
792735
)
;
    }
    solid_to_fluid
    {
        type            calculated;
        value           nonuniform List<scalar> 
500
(
-1845
-1845
-1640
-1640
-1435
-1435
-1640
-1640
-1845
-2050
-2460
-2255
-1845
-1845
-1845
-1845
-1845
-2050
-2255
-2460
-2460
-2460
-2050
-2050
-2050
-2050
-2050
-2255
-2255
-2255
-2255
-2255
-2050
-2050
-2050
-2050
-2050
-2050
-2255
-2255
-2050
-2050
-2050
-2050
-1845
-1845
-1845
-1845
-1845
-2050
-2050
-1845
-1845
-1640
-1845
-1640
-1845
-1845
-1845
-2050
-1845
-1845
-1845
-1845
-1640
-1640
-1640
-1640
-1845
-1845
-1845
-1640
-1640
-1640
-1435
-1640
-1640
-1640
-1640
-1640
-1640
-1640
-1435
-1640
-1435
-1640
-1435
-1435
-1435
-1640
-1640
-1640
-1435
-1640
-1640
-1640
-1640
-1640
-1640
-1640
-1845
-1230
-820
-820
-820
-615
-820
-1025
-1025
-1230
-2255
-1025
-820
-615
-820
-820
-820
-1025
-1025
-1230
-2255
-1025
-820
-615
-820
-820
-820
-820
-1025
-1435
-2050
-1230
-1025
-1025
-820
-820
-820
-820
-1025
-1230
-2050
-1230
-1025
-1025
-1025
-1025
-1025
-1025
-1025
-1230
-1845
-1230
-1025
-1230
-1025
-1025
-1025
-1025
-1025
-1230
-1845
-1230
-1025
-1025
-1025
-1025
-1025
-1025
-1025
-1230
-1640
-1230
-1025
-1230
-1230
-1025
-1025
-1025
-1025
-1230
-1640
-1230
-1025
-1025
-1025
-1025
-1025
-1230
-1230
-1230
-1640
-1435
-1025
-1230
-1025
-1230
-1025
-1230
-1230
-1230
-820
-1025
-820
-1025
-1025
-1025
-1025
-820
-1025
-820
-1435
-1230
-1435
-1435
-1435
-1435
-1435
-1435
-1230
-1435
-1640
-1640
-1640
-1640
-1640
-1640
-1640
-1640
-1435
-1640
-1435
-1435
-1640
-1640
-1435
-1435
-1435
-1640
-1435
-1435
-1435
-1435
-1435
-1435
-1230
-1435
-1435
-1435
-1435
-1435
-1230
-1230
-1230
-1230
-1230
-1230
-1230
-1230
-1435
-1230
-1230
-1230
-1230
-1025
-1230
-1230
-1230
-1230
-1230
-1435
-1230
-1025
-1230
-1025
-1025
-1025
-1025
-1230
-1025
-1230
-1230
-1230
-1025
-1025
-1025
-1025
-1025
-1025
-1025
-1025
-1025
-1025
-1025
-1230
-1025
-1025
-1025
-1025
-1025
-1230
-1845
-1025
-820
-615
-615
-820
-1025
-1025
-1025
-1230
-2255
-1025
-820
-615
-820
-615
-820
-820
-820
-1230
-2255
-1230
-1025
-615
-820
-820
-820
-820
-1025
-1435
-2255
-1230
-1025
-820
-820
-820
-820
-1025
-1025
-1230
-2050
-1230
-1025
-820
-1025
-1025
-1025
-1025
-1230
-1230
-1845
-1230
-1230
-1025
-1025
-1025
-1025
-1025
-1025
-1230
-1640
-1025
-1025
-1025
-1025
-1230
-1025
-1025
-1230
-1230
-1640
-1230
-1230
-1025
-1025
-1230
-1230
-1025
-1025
-1230
-1435
-1230
-1025
-1025
-1230
-1025
-1025
-1025
-1025
-1230
-1435
-1435
-1230
-1230
-1025
-1230
-1025
-1025
-1230
-1230
-1435
-1435
-1230
-1230
-1230
-1230
-1025
-1025
-1230
-1230
-1640
-1230
-1025
-1230
-1230
-1025
-1230
-1025
-1025
-1025
-1435
-1230
-1230
-1230
-1230
-1025
-1025
-1025
-1025
-1025
-1640
-1025
-1230
-1230
-1025
-1025
-1025
-1025
-1025
-1230
-1640
-1230
-1230
-1025
-1025
-1025
-1025
-1025
-1025
-1025
-1640
-1025
-1230
-1230
-1025
-1025
-1230
-1025
-1230
-1025
-1640
-1230
-1025
-1025
-1230
-1025
-1230
-1025
-1025
-1025
-1640
-1230
-1230
-1025
-1230
-1025
-1025
-1230
-1025
-1025
-1640
-1230
-1230
-1230
-1025
-1025
-1025
-1025
-1025
-1230
-1640
-1435
-1230
-1230
-1230
-1230
-1025
-1230
-1230
-1230
)
;
    }
}


// ************************************************************************* //
