/*--------------------------------*- C++ -*----------------------------------*\
| =========                 |                                                 |
| \\      /  F ield         | OpenFOAM: The Open Source CFD Toolbox           |
|  \\    /   O peration     | Version:  2412                                  |
|   \\  /    A nd           | Website:  www.openfoam.com                      |
|    \\/     M anipulation  |                                                 |
\*---------------------------------------------------------------------------*/
FoamFile
{
    version     2.0;
    format      ascii;
    arch        "LSB;label=32;scalar=64";
    class       volScalarField;
    location    "1.8/solid";
    object      T;
}
// * * * * * * * * * * * * * * * * * * * * * * * * * * * * * * * * * * * * * //

dimensions      [0 0 0 1 0 0 0];

internalField   nonuniform List<scalar> 
1000
(
350.616
350.625
350.629
350.632
350.633
350.633
350.633
350.632
350.63
350.627
350.622
350.628
350.632
350.634
350.635
350.635
350.635
350.634
350.633
350.63
350.624
350.63
350.633
350.634
350.635
350.636
350.636
350.635
350.634
350.631
350.626
350.631
350.633
350.635
350.636
350.636
350.636
350.636
350.635
350.632
350.626
350.631
350.634
350.635
350.636
350.636
350.636
350.636
350.635
350.632
350.626
350.631
350.634
350.635
350.636
350.636
350.636
350.636
350.635
350.632
350.625
350.631
350.633
350.635
350.636
350.636
350.636
350.636
350.635
350.632
350.624
350.63
350.633
350.635
350.635
350.636
350.636
350.635
350.634
350.631
350.622
350.628
350.632
350.634
350.635
350.635
350.635
350.635
350.633
350.63
350.616
350.625
350.629
350.632
350.633
350.633
350.633
350.632
350.63
350.627
345.925
345.942
345.953
345.959
345.962
345.963
345.963
345.961
345.957
345.95
345.935
345.948
345.956
345.961
345.964
345.965
345.965
345.964
345.96
345.955
345.94
345.951
345.958
345.962
345.965
345.966
345.966
345.965
345.963
345.957
345.944
345.954
345.96
345.963
345.966
345.967
345.967
345.967
345.964
345.958
345.944
345.954
345.96
345.964
345.966
345.967
345.968
345.967
345.964
345.959
345.944
345.954
345.96
345.964
345.966
345.967
345.968
345.967
345.964
345.959
345.943
345.953
345.96
345.964
345.966
345.967
345.967
345.966
345.964
345.958
345.94
345.951
345.958
345.963
345.965
345.966
345.967
345.965
345.962
345.957
345.935
345.948
345.956
345.961
345.964
345.965
345.965
345.964
345.96
345.954
345.924
345.942
345.952
345.958
345.961
345.962
345.962
345.961
345.957
345.95
341.421
341.441
341.454
341.462
341.466
341.468
341.469
341.466
341.461
341.453
341.432
341.447
341.458
341.465
341.469
341.471
341.471
341.469
341.465
341.458
341.438
341.451
341.46
341.466
341.47
341.472
341.472
341.471
341.467
341.461
341.442
341.454
341.462
341.467
341.47
341.472
341.473
341.473
341.469
341.463
341.443
341.455
341.463
341.468
341.471
341.473
341.474
341.473
341.47
341.463
341.443
341.454
341.462
341.467
341.47
341.473
341.474
341.473
341.47
341.463
341.442
341.454
341.462
341.467
341.47
341.472
341.473
341.472
341.469
341.463
341.438
341.451
341.46
341.466
341.469
341.471
341.472
341.47
341.467
341.46
341.432
341.447
341.457
341.464
341.468
341.47
341.471
341.469
341.465
341.457
341.421
341.441
341.453
341.461
341.465
341.468
341.468
341.466
341.461
341.453
337.21
337.23
337.244
337.253
337.258
337.26
337.261
337.259
337.254
337.245
337.22
337.235
337.247
337.255
337.26
337.262
337.264
337.262
337.257
337.25
337.226
337.239
337.249
337.256
337.26
337.263
337.264
337.263
337.259
337.253
337.23
337.243
337.251
337.258
337.261
337.264
337.265
337.265
337.262
337.256
337.231
337.244
337.252
337.258
337.261
337.264
337.266
337.265
337.262
337.257
337.231
337.244
337.252
337.258
337.261
337.264
337.266
337.265
337.262
337.256
337.231
337.243
337.252
337.258
337.261
337.264
337.265
337.265
337.262
337.256
337.228
337.241
337.251
337.257
337.261
337.263
337.264
337.263
337.26
337.253
337.221
337.237
337.248
337.255
337.259
337.262
337.263
337.261
337.257
337.25
337.21
337.23
337.244
337.252
337.256
337.26
337.261
337.259
337.254
337.245
333.391
333.41
333.424
333.433
333.438
333.441
333.443
333.441
333.437
333.429
333.4
333.415
333.427
333.435
333.44
333.443
333.445
333.444
333.44
333.433
333.406
333.419
333.429
333.436
333.441
333.444
333.446
333.445
333.442
333.437
333.41
333.422
333.431
333.437
333.441
333.444
333.446
333.446
333.445
333.44
333.411
333.423
333.431
333.438
333.441
333.444
333.447
333.447
333.445
333.44
333.411
333.423
333.432
333.438
333.442
333.444
333.447
333.447
333.445
333.44
333.411
333.423
333.432
333.439
333.442
333.444
333.447
333.447
333.444
333.439
333.408
333.421
333.431
333.438
333.441
333.443
333.445
333.444
333.442
333.436
333.402
333.417
333.428
333.436
333.44
333.443
333.445
333.443
333.44
333.433
333.392
333.411
333.425
333.433
333.437
333.441
333.443
333.441
333.437
333.429
330.059
330.076
330.089
330.097
330.103
330.107
330.109
330.108
330.104
330.098
330.068
330.082
330.092
330.1
330.106
330.109
330.111
330.11
330.108
330.103
330.073
330.085
330.094
330.102
330.107
330.11
330.112
330.111
330.111
330.107
330.076
330.087
330.095
330.103
330.107
330.111
330.113
330.113
330.113
330.109
330.076
330.087
330.095
330.103
330.107
330.11
330.112
330.113
330.112
330.109
330.077
330.088
330.096
330.103
330.106
330.11
330.113
330.114
330.112
330.109
330.077
330.088
330.097
330.103
330.107
330.11
330.113
330.114
330.111
330.107
330.074
330.086
330.096
330.103
330.106
330.109
330.112
330.111
330.109
330.105
330.069
330.083
330.094
330.101
330.105
330.108
330.11
330.11
330.108
330.103
330.059
330.077
330.09
330.098
330.103
330.106
330.109
330.109
330.106
330.099
327.292
327.308
327.32
327.328
327.335
327.339
327.341
327.34
327.338
327.334
327.301
327.313
327.323
327.331
327.337
327.341
327.344
327.342
327.341
327.338
327.305
327.316
327.324
327.332
327.338
327.342
327.344
327.344
327.344
327.342
327.307
327.317
327.325
327.334
327.339
327.342
327.344
327.345
327.346
327.344
327.307
327.317
327.325
327.333
327.337
327.341
327.344
327.345
327.345
327.343
327.307
327.317
327.325
327.332
327.336
327.341
327.344
327.346
327.345
327.343
327.307
327.318
327.326
327.333
327.337
327.341
327.345
327.346
327.344
327.341
327.305
327.316
327.325
327.332
327.336
327.34
327.343
327.343
327.342
327.339
327.3
327.313
327.323
327.33
327.335
327.339
327.342
327.343
327.342
327.338
327.291
327.308
327.32
327.328
327.332
327.337
327.341
327.342
327.34
327.335
325.155
325.17
325.181
325.19
325.196
325.201
325.204
325.203
325.202
325.199
325.163
325.175
325.184
325.192
325.199
325.203
325.206
325.205
325.205
325.203
325.167
325.178
325.185
325.194
325.2
325.204
325.207
325.206
325.208
325.206
325.169
325.178
325.186
325.195
325.2
325.204
325.207
325.208
325.209
325.208
325.168
325.177
325.186
325.194
325.199
325.203
325.206
325.208
325.209
325.207
325.166
325.176
325.186
325.194
325.198
325.203
325.207
325.209
325.209
325.207
325.167
325.177
325.186
325.194
325.199
325.204
325.208
325.209
325.208
325.205
325.164
325.175
325.185
325.193
325.198
325.202
325.206
325.206
325.206
325.204
325.159
325.172
325.182
325.191
325.196
325.201
325.205
325.206
325.206
325.203
325.151
325.167
325.179
325.188
325.194
325.2
325.204
325.205
325.204
325.2
323.697
323.712
323.724
323.733
323.74
323.746
323.749
323.748
323.747
323.745
323.705
323.717
323.727
323.736
323.743
323.748
323.751
323.751
323.751
323.749
323.709
323.72
323.728
323.739
323.745
323.749
323.752
323.751
323.753
323.752
323.711
323.721
323.731
323.74
323.745
323.749
323.752
323.753
323.755
323.754
323.71
323.72
323.73
323.739
323.744
323.748
323.751
323.753
323.754
323.753
323.709
323.72
323.731
323.739
323.744
323.748
323.752
323.754
323.754
323.753
323.709
323.721
323.732
323.74
323.745
323.749
323.752
323.753
323.753
323.751
323.707
323.72
323.731
323.739
323.744
323.747
323.75
323.751
323.752
323.75
323.702
323.716
323.728
323.737
323.742
323.746
323.75
323.752
323.752
323.75
323.693
323.71
323.724
323.734
323.74
323.744
323.749
323.751
323.75
323.747
322.953
322.97
322.983
322.994
323.001
323.007
323.011
323.01
323.009
323.007
322.961
322.976
322.987
322.998
323.005
323.01
323.014
323.013
323.013
323.011
322.966
322.979
322.99
323.001
323.007
323.012
323.015
323.014
323.015
323.014
322.968
322.981
322.992
323.002
323.007
323.012
323.014
323.015
323.017
323.016
322.967
322.981
322.992
323.001
323.006
323.01
323.013
323.015
323.017
323.016
322.967
322.982
322.993
323.001
323.006
323.01
323.014
323.016
323.016
323.015
322.968
322.983
322.995
323.003
323.007
323.011
323.015
323.016
323.016
323.014
322.966
322.981
322.994
323.002
323.006
323.009
323.012
323.014
323.015
323.012
322.96
322.976
322.99
323
323.004
323.008
323.012
323.015
323.014
323.012
322.951
322.969
322.985
322.996
323.002
323.006
323.011
323.013
323.012
323.009
)
;

boundaryField
{
    bodyBottom
    {
        type            fixedValue;
        value           uniform 353;
    }
    solid_to_fluid
    {
        type            compressible::turbulentTemperatureCoupledBaffleMixed;
        refValue        nonuniform List<scalar> 
500
(
320.963
325.176
326.993
328.062
328.59
328.59
328.062
326.993
325.176
320.963
309.997
314.09
317.458
319.261
320.046
320.046
319.261
317.458
314.09
309.997
305.072
308.034
310.527
311.851
312.426
312.427
311.851
310.527
308.034
305.072
303.416
305.918
307.971
309.011
309.451
309.451
309.012
307.971
305.918
303.416
302.549
304.846
306.7
307.616
308.002
308.002
307.616
306.7
304.847
302.55
301.943
304.111
305.861
306.712
307.071
307.071
306.712
305.861
304.111
301.943
301.453
303.497
305.169
305.97
306.307
306.307
305.97
305.168
303.497
301.453
300.756
302.586
304.102
304.815
305.108
305.108
304.814
304.101
302.585
300.756
299.694
301.179
302.434
303.019
303.258
303.257
303.019
302.434
301.178
299.694
298.542
299.61
300.533
300.949
301.112
301.112
300.949
300.532
299.61
298.542
322.146
335.901
338.737
341.602
340.283
339.843
338.741
337.46
336.102
334.836
312.869
333.124
337.492
339.555
338.985
338.456
337.279
335.783
334.171
331.717
308.166
328.1
334.02
335.771
335.4
335.081
334.095
332.806
331.094
326.528
306.252
325.092
330.372
331.676
331.484
331.486
330.693
329.715
327.942
322.587
305.103
322.48
326.764
327.833
327.601
327.744
327.129
326.485
324.854
319.96
304.235
320.161
323.742
324.623
324.374
324.513
324.01
323.56
322.245
318.103
303.555
318.001
321.31
321.958
321.743
321.854
321.388
320.98
320.106
316.778
302.784
315.903
319.613
320.154
319.996
319.899
319.508
319.033
318.339
315.901
301.816
313.191
318.154
318.667
318.661
318.352
318.084
317.628
316.724
315.222
300.702
308.029
315.124
316.957
316.758
317.123
316.887
316.147
315.392
314.12
338.759
339.262
338.983
338.822
338.849
338.846
338.821
338.98
339.256
338.748
328.89
329.879
329.662
329.383
329.38
329.375
329.382
329.66
329.87
328.874
320.856
321.817
321.782
321.94
322.559
322.555
321.942
321.783
321.811
320.843
317.525
318.66
319.176
320.177
321.604
321.602
320.181
319.181
318.657
317.514
316.105
317.424
318.271
319.709
321.518
321.517
319.714
318.278
317.422
316.095
315.205
316.617
317.695
319.387
321.337
321.337
319.39
317.7
316.614
315.196
314.72
316.141
317.316
319.056
320.85
320.848
319.058
317.317
316.136
314.71
314.633
315.951
317.045
318.624
320.041
320.037
318.622
317.042
315.942
314.622
314.882
315.912
316.697
317.92
319.205
319.201
317.915
316.691
315.901
314.87
314.916
315.449
315.712
316.504
317.645
317.637
316.496
315.704
315.437
314.904
322.145
335.9
338.736
341.601
340.282
339.843
338.741
337.461
336.103
334.841
312.869
333.125
337.492
339.556
338.986
338.457
337.281
335.786
334.176
331.728
308.166
328.1
334.022
335.774
335.403
335.084
334.099
332.811
331.102
326.544
306.252
325.092
330.373
331.679
331.488
331.49
330.698
329.721
327.952
322.603
305.103
322.48
326.765
327.836
327.605
327.748
327.134
326.49
324.863
319.974
304.235
320.161
323.743
324.624
324.377
324.516
324.013
323.564
322.252
318.116
303.554
318.002
321.311
321.96
321.746
321.857
321.392
320.983
320.112
316.789
302.785
315.904
319.615
320.157
320
319.903
319.511
319.035
318.343
315.911
301.816
313.191
318.155
318.669
318.664
318.355
318.089
317.633
316.73
315.23
300.702
308.029
315.12
316.958
316.759
317.124
316.892
316.151
315.395
314.128
300.694
308.04
314.082
315.528
315.713
316.116
316.209
315.905
315.289
313.93
301.688
313.169
317.377
318.231
318.209
318.228
318.124
317.742
316.88
315.232
302.403
315.373
318.442
319.329
319.267
319.104
318.829
318.373
317.536
316.208
302.753
316.22
318.149
319.118
319.278
319.302
319.123
318.773
318.309
317.073
302.911
316.978
317.8
318.674
319.026
319.204
319.209
319.136
319.016
318.038
302.911
316.977
317.8
318.674
319.026
319.203
319.208
319.133
319.011
318.029
302.753
316.219
318.152
319.121
319.28
319.303
319.122
318.771
318.303
317.062
302.403
315.373
318.443
319.328
319.265
319.101
318.826
318.37
317.532
316.198
301.688
313.167
317.374
318.227
318.205
318.224
318.121
317.74
316.877
315.225
300.693
308.037
314.074
315.525
315.711
316.114
316.206
315.904
315.287
313.925
)
;
        refGradient     uniform 0;
        valueFraction   nonuniform List<scalar> 
500
(
0.000301416
0.000301416
0.000301416
0.000301416
0.000301416
0.000301416
0.000301416
0.000301416
0.000301416
0.000301416
0.000301416
0.000301416
0.000301416
0.000301416
0.000301416
0.000301416
0.000301416
0.000301416
0.000301416
0.000301416
0.000301416
0.000301416
0.000301416
0.000301416
0.000301416
0.000301416
0.000301416
0.000301416
0.000301416
0.000301416
0.000301416
0.000301416
0.000301416
0.000301416
0.000301416
0.000301416
0.000301416
0.000301416
0.000301416
0.000301416
0.000301416
0.000301416
0.000301416
0.000301416
0.000301416
0.000301416
0.000301416
0.000301416
0.000301416
0.000301416
0.000301416
0.000301416
0.000301416
0.000301416
0.000301416
0.000301416
0.000301416
0.000301416
0.000301416
0.000301416
0.000301416
0.000301416
0.000301416
0.000301416
0.000301416
0.000301416
0.000301416
0.000301416
0.000301416
0.000301416
0.000301416
0.000301416
0.000301416
0.000301416
0.000301416
0.000301416
0.000301416
0.000301416
0.000301416
0.000301416
0.000301416
0.000301416
0.000301416
0.000301416
0.000301416
0.000301416
0.000301416
0.000301416
0.000301416
0.000301416
0.000301416
0.000301416
0.000301416
0.000301416
0.000301416
0.000301416
0.000301416
0.000301416
0.000301416
0.000301416
0.000302436
0.000302436
0.000302436
0.000302436
0.000302436
0.000302436
0.000302436
0.000302436
0.000302436
0.000302436
0.000302436
0.000302436
0.000302436
0.000302436
0.000302436
0.000302436
0.000302436
0.000302436
0.000302436
0.000302436
0.000302436
0.000302436
0.000302436
0.000302436
0.000302436
0.000302436
0.000302436
0.000302436
0.000302436
0.000302436
0.000302436
0.000302436
0.000302436
0.000302436
0.000302436
0.000302436
0.000302436
0.000302436
0.000302436
0.000302436
0.000302436
0.000302436
0.000302436
0.000302436
0.000302436
0.000302436
0.000302436
0.000302436
0.000302436
0.000302436
0.000302436
0.000302436
0.000302436
0.000302436
0.000302436
0.000302436
0.000302436
0.000302436
0.000302436
0.000302436
0.000302436
0.000302436
0.000302436
0.000302436
0.000302436
0.000302436
0.000302436
0.000302436
0.000302436
0.000302436
0.000302436
0.000302436
0.000302436
0.000302436
0.000302436
0.000302436
0.000302436
0.000302436
0.000302436
0.000302436
0.000302436
0.000302436
0.000302436
0.000302436
0.000302436
0.000302436
0.000302436
0.000302436
0.000302436
0.000302436
0.000302436
0.000302436
0.000302436
0.000302436
0.000302436
0.000302436
0.000302436
0.000302436
0.000302436
0.000302436
0.000300478
0.000300478
0.000300478
0.000300478
0.000300478
0.000300478
0.000300478
0.000300478
0.000300478
0.000300478
0.000300478
0.000300478
0.000300478
0.000300478
0.000300478
0.000300478
0.000300478
0.000300478
0.000300478
0.000300478
0.000300478
0.000300478
0.000300478
0.000300478
0.000300478
0.000300478
0.000300478
0.000300478
0.000300478
0.000300478
0.000300478
0.000300478
0.000300478
0.000300478
0.000300478
0.000300478
0.000300478
0.000300478
0.000300478
0.000300478
0.000300478
0.000300478
0.000300478
0.000300478
0.000300478
0.000300478
0.000300478
0.000300478
0.000300478
0.000300478
0.000300478
0.000300478
0.000300478
0.000300478
0.000300478
0.000300478
0.000300478
0.000300478
0.000300478
0.000300478
0.000300478
0.000300478
0.000300478
0.000300478
0.000300478
0.000300478
0.000300478
0.000300478
0.000300478
0.000300478
0.000300478
0.000300478
0.000300478
0.000300478
0.000300478
0.000300478
0.000300478
0.000300478
0.000300478
0.000300478
0.000300478
0.000300478
0.000300478
0.000300478
0.000300478
0.000300478
0.000300478
0.000300478
0.000300478
0.000300478
0.000300478
0.000300478
0.000300478
0.000300478
0.000300478
0.000300478
0.000300478
0.000300478
0.000300478
0.000300478
0.000302436
0.000302436
0.000302436
0.000302436
0.000302436
0.000302436
0.000302436
0.000302436
0.000302436
0.000302436
0.000302436
0.000302436
0.000302436
0.000302436
0.000302436
0.000302436
0.000302436
0.000302436
0.000302436
0.000302436
0.000302436
0.000302436
0.000302436
0.000302436
0.000302436
0.000302436
0.000302436
0.000302436
0.000302436
0.000302436
0.000302436
0.000302436
0.000302436
0.000302436
0.000302436
0.000302436
0.000302436
0.000302436
0.000302436
0.000302436
0.000302436
0.000302436
0.000302436
0.000302436
0.000302436
0.000302436
0.000302436
0.000302436
0.000302436
0.000302436
0.000302436
0.000302436
0.000302436
0.000302436
0.000302436
0.000302436
0.000302436
0.000302436
0.000302436
0.000302436
0.000302436
0.000302436
0.000302436
0.000302436
0.000302436
0.000302436
0.000302436
0.000302436
0.000302436
0.000302436
0.000302436
0.000302436
0.000302436
0.000302436
0.000302436
0.000302436
0.000302436
0.000302436
0.000302436
0.000302436
0.000302436
0.000302436
0.000302436
0.000302436
0.000302436
0.000302436
0.000302436
0.000302436
0.000302436
0.000302436
0.000302436
0.000302436
0.000302436
0.000302436
0.000302436
0.000302436
0.000302436
0.000302436
0.000302436
0.000302436
0.000301115
0.000301115
0.000301115
0.000301115
0.000301115
0.000301115
0.000301115
0.000301115
0.000301115
0.000301115
0.000301115
0.000301115
0.000301115
0.000301115
0.000301115
0.000301115
0.000301115
0.000301115
0.000301115
0.000301115
0.000301115
0.000301115
0.000301115
0.000301115
0.000301115
0.000301115
0.000301115
0.000301115
0.000301115
0.000301115
0.000301115
0.000301115
0.000301115
0.000301115
0.000301115
0.000301115
0.000301115
0.000301115
0.000301115
0.000301115
0.000301115
0.000301115
0.000301115
0.000301115
0.000301115
0.000301115
0.000301115
0.000301115
0.000301115
0.000301115
0.000301115
0.000301115
0.000301115
0.000301115
0.000301115
0.000301115
0.000301115
0.000301115
0.000301115
0.000301115
0.000301115
0.000301115
0.000301115
0.000301115
0.000301115
0.000301115
0.000301115
0.000301115
0.000301115
0.000301115
0.000301115
0.000301115
0.000301115
0.000301115
0.000301115
0.000301115
0.000301115
0.000301115
0.000301115
0.000301115
0.000301115
0.000301115
0.000301115
0.000301115
0.000301115
0.000301115
0.000301115
0.000301115
0.000301115
0.000301115
0.000301115
0.000301115
0.000301115
0.000301115
0.000301115
0.000301115
0.000301115
0.000301115
0.000301115
0.000301115
)
;
        source          uniform 0;
        Tnbr            T;
        kappaMethod     solidThermo;
        value           nonuniform List<scalar> 
500
(
350.607
350.614
350.617
350.618
350.619
350.619
350.618
350.617
350.614
350.606
345.914
345.925
345.931
345.935
345.936
345.935
345.934
345.931
345.924
345.913
341.409
341.42
341.427
341.432
341.433
341.433
341.431
341.428
341.421
341.409
337.198
337.209
337.215
337.22
337.221
337.221
337.221
337.217
337.21
337.198
333.38
333.39
333.396
333.4
333.401
333.401
333.401
333.398
333.391
333.381
330.048
330.058
330.064
330.066
330.067
330.067
330.067
330.064
330.058
330.048
327.282
327.291
327.296
327.298
327.298
327.298
327.298
327.295
327.29
327.28
325.144
325.153
325.158
325.159
325.159
325.157
325.157
325.155
325.15
325.141
323.686
323.695
323.699
323.701
323.7
323.699
323.7
323.697
323.692
323.683
322.942
322.951
322.956
322.958
322.958
322.958
322.958
322.956
322.95
322.941
350.607
350.62
350.625
350.629
350.629
350.63
350.629
350.628
350.626
350.622
345.914
345.937
345.949
345.955
345.958
345.959
345.959
345.957
345.952
345.945
341.409
341.435
341.45
341.458
341.462
341.464
341.465
341.462
341.457
341.447
337.199
337.225
337.24
337.249
337.253
337.256
337.257
337.255
337.249
337.239
333.381
333.406
333.42
333.429
333.434
333.437
333.438
333.437
333.432
333.423
330.049
330.071
330.085
330.094
330.098
330.102
330.105
330.104
330.101
330.093
327.281
327.302
327.315
327.323
327.328
327.333
327.337
327.337
327.335
327.329
325.141
325.161
325.174
325.184
325.19
325.195
325.199
325.201
325.199
325.194
323.684
323.704
323.719
323.729
323.735
323.74
323.744
323.746
323.745
323.741
322.941
322.961
322.98
322.991
322.996
323.001
323.006
323.007
323.006
323.003
350.623
350.627
350.628
350.628
350.628
350.628
350.628
350.628
350.627
350.623
345.944
345.949
345.951
345.953
345.953
345.953
345.953
345.951
345.949
345.944
341.445
341.45
341.453
341.456
341.456
341.456
341.456
341.453
341.45
341.445
337.237
337.242
337.246
337.249
337.25
337.25
337.249
337.246
337.242
337.237
333.421
333.426
333.43
333.433
333.434
333.434
333.433
333.43
333.426
333.422
330.091
330.097
330.1
330.103
330.104
330.103
330.101
330.099
330.097
330.092
327.327
327.332
327.336
327.338
327.339
327.338
327.336
327.334
327.332
327.328
325.193
325.197
325.201
325.203
325.203
325.202
325.2
325.198
325.197
325.194
323.739
323.744
323.747
323.749
323.749
323.748
323.746
323.745
323.744
323.741
323.001
323.006
323.009
323.011
323.011
323.01
323.008
323.007
323.006
323.003
350.607
350.62
350.626
350.629
350.629
350.63
350.629
350.628
350.626
350.622
345.914
345.938
345.949
345.956
345.959
345.96
345.959
345.957
345.952
345.945
341.41
341.436
341.451
341.459
341.463
341.465
341.465
341.463
341.457
341.447
337.199
337.224
337.24
337.25
337.254
337.257
337.258
337.255
337.249
337.239
333.38
333.405
333.42
333.429
333.434
333.437
333.439
333.437
333.432
333.423
330.049
330.071
330.084
330.093
330.099
330.103
330.105
330.103
330.099
330.092
327.282
327.303
327.315
327.324
327.33
327.334
327.337
327.335
327.333
327.328
325.145
325.164
325.176
325.185
325.192
325.197
325.2
325.198
325.197
325.193
323.687
323.706
323.719
323.729
323.736
323.741
323.744
323.743
323.742
323.739
322.943
322.962
322.978
322.989
322.996
323.002
323.006
323.005
323.003
323.001
322.943
322.962
322.977
322.988
322.996
323.002
323.005
323.005
323.003
323.001
322.952
322.97
322.982
322.993
323
323.005
323.009
323.008
323.007
323.006
322.957
322.974
322.985
322.997
323.003
323.007
323.01
323.009
323.01
323.009
322.959
322.976
322.987
322.998
323.003
323.007
323.01
323.01
323.012
323.011
322.958
322.976
322.987
322.997
323.002
323.006
323.009
323.011
323.012
323.011
322.958
322.977
322.988
322.997
323.002
323.006
323.01
323.012
323.012
323.01
322.959
322.978
322.99
322.998
323.003
323.007
323.01
323.011
323.011
323.009
322.956
322.976
322.989
322.998
323.002
323.005
323.008
323.009
323.01
323.007
322.951
322.97
322.985
322.995
323
323.003
323.007
323.01
323.009
323.006
322.941
322.962
322.979
322.99
322.996
323.001
323.005
323.007
323.006
323.003
)
;
    }
}


// ************************************************************************* //
