/*--------------------------------*- C++ -*----------------------------------*\
| =========                 |                                                 |
| \\      /  F ield         | OpenFOAM: The Open Source CFD Toolbox           |
|  \\    /   O peration     | Version:  2412                                  |
|   \\  /    A nd           | Website:  www.openfoam.com                      |
|    \\/     M anipulation  |                                                 |
\*---------------------------------------------------------------------------*/
FoamFile
{
    version     2.0;
    format      ascii;
    arch        "LSB;label=32;scalar=64";
    class       volScalarField;
    location    "1.8/solid";
    object      wallHeatFlux;
}
// * * * * * * * * * * * * * * * * * * * * * * * * * * * * * * * * * * * * * //

dimensions      [1 0 -3 0 0 0 0];

internalField   uniform 0;

boundaryField
{
    bodyBottom
    {
        type            calculated;
        value           nonuniform List<scalar> 
100
(
488720
487490
487080
486670
486670
486670
486875
487080
487490
488720
486875
486260
485850
485645
485645
485645
485645
485850
486260
486875
486055
485440
485235
485235
485030
485030
485235
485235
485440
486055
485440
485030
485030
484825
484825
484825
484825
484825
485030
485440
485235
484825
484825
484620
484620
484620
484620
484825
484825
485235
485235
484825
484620
484620
484620
484620
484620
484620
484825
485235
485235
484825
484620
484620
484620
484620
484620
484620
484825
485235
485440
485030
484825
484620
484620
484620
484620
484825
484825
485440
485850
485235
485030
484825
484825
484825
484825
485030
485235
485850
486465
485850
485645
485440
485440
485440
485440
485645
485850
486465
)
;
    }
    solid_to_fluid
    {
        type            calculated;
        value           nonuniform List<scalar> 
500
(
-1845
-1640
-1435
-1640
-1435
-1435
-1435
-1435
-1640
-2050
-2255
-2050
-1845
-1845
-1640
-1845
-1845
-1845
-2255
-2255
-2460
-2460
-2255
-2050
-2050
-2050
-2255
-2050
-2255
-2460
-2460
-2255
-2255
-2050
-2050
-2050
-2050
-2255
-2255
-2460
-2255
-2050
-2050
-2050
-2050
-2050
-2050
-2050
-2255
-2255
-2255
-2050
-1845
-2050
-1845
-2050
-2050
-2050
-2255
-2255
-2050
-2050
-1845
-1845
-1845
-1845
-1845
-2050
-2050
-2255
-2255
-2050
-1845
-2050
-1845
-1845
-2050
-1845
-1845
-2050
-2255
-2050
-2050
-2050
-2050
-2050
-1845
-2050
-2050
-2050
-2255
-2050
-2050
-2050
-1845
-1845
-2050
-2050
-2050
-2050
-1845
-1025
-820
-615
-820
-615
-820
-820
-820
-1025
-2050
-1025
-615
-615
-615
-615
-615
-820
-1025
-1025
-2460
-1230
-615
-615
-615
-820
-615
-820
-820
-1230
-2255
-1025
-820
-615
-615
-820
-820
-820
-1025
-1230
-2255
-1025
-1025
-820
-615
-820
-1025
-820
-1025
-1230
-2050
-1230
-1025
-820
-1025
-820
-820
-1025
-1025
-1230
-2050
-1230
-1025
-1025
-820
-820
-820
-1025
-1025
-1230
-2050
-1230
-1025
-820
-820
-1025
-1025
-820
-1025
-1230
-1845
-1230
-1025
-1025
-1025
-820
-1025
-1025
-1025
-1230
-2050
-1640
-1025
-1025
-1230
-1025
-1025
-1230
-1230
-1230
-820
-615
-615
-820
-820
-820
-820
-615
-615
-820
-1230
-1230
-1230
-1025
-1230
-1230
-1025
-1230
-1025
-1230
-1640
-1640
-1640
-1435
-1435
-1435
-1435
-1435
-1435
-1640
-1640
-1640
-1435
-1435
-1435
-1230
-1435
-1435
-1640
-1640
-1640
-1435
-1435
-1435
-1230
-1230
-1230
-1230
-1435
-1435
-1435
-1230
-1435
-1230
-1025
-1230
-1230
-1230
-1230
-1435
-1435
-1230
-1230
-1230
-820
-1025
-1025
-1025
-1230
-1435
-1230
-1230
-1025
-1025
-820
-1025
-1025
-1230
-1230
-1230
-1230
-1025
-1025
-1025
-820
-1025
-1025
-1025
-1230
-1230
-1230
-1025
-1025
-1025
-1025
-1025
-1230
-1025
-1230
-1230
-1845
-1025
-615
-615
-820
-615
-820
-820
-820
-1025
-2255
-820
-820
-615
-615
-615
-820
-820
-1025
-1025
-2255
-1025
-615
-615
-615
-615
-820
-615
-820
-1230
-2255
-1230
-820
-615
-820
-615
-615
-820
-1025
-1230
-2255
-1025
-820
-820
-820
-820
-820
-820
-1025
-1230
-2050
-1025
-1025
-820
-820
-820
-820
-1025
-1025
-1230
-2050
-1025
-1025
-820
-1025
-1025
-820
-1025
-1025
-1230
-2050
-1230
-1025
-1025
-820
-820
-820
-1025
-1025
-1230
-2050
-1230
-1025
-820
-820
-1025
-1025
-1025
-1025
-1230
-2050
-1640
-1025
-1025
-1025
-1025
-1025
-1025
-1230
-1230
-2050
-1640
-1230
-1230
-1025
-1025
-1230
-1025
-1230
-1230
-1845
-1230
-1025
-1025
-1025
-1025
-1025
-1025
-1230
-1025
-1845
-1025
-1025
-820
-820
-1025
-1025
-1025
-1025
-1025
-1845
-1025
-1025
-820
-820
-1025
-820
-1025
-1025
-1025
-1845
-1025
-1025
-820
-820
-820
-820
-820
-1025
-1025
-1845
-1025
-1025
-820
-820
-820
-820
-820
-820
-1025
-1845
-1025
-1025
-1025
-820
-820
-1025
-1025
-1025
-1025
-2050
-1025
-1025
-820
-820
-820
-820
-1025
-1025
-1025
-1845
-1230
-1025
-1025
-820
-1025
-1025
-1025
-1025
-1230
-2050
-1435
-1230
-1230
-1230
-1025
-1230
-1230
-1230
-1230
)
;
    }
}


// ************************************************************************* //
