/*--------------------------------*- C++ -*----------------------------------*\
| =========                 |                                                 |
| \\      /  F ield         | OpenFOAM: The Open Source CFD Toolbox           |
|  \\    /   O peration     | Version:  2412                                  |
|   \\  /    A nd           | Website:  www.openfoam.com                      |
|    \\/     M anipulation  |                                                 |
\*---------------------------------------------------------------------------*/
FoamFile
{
    version     2.0;
    format      ascii;
    arch        "LSB;label=32;scalar=64";
    class       volScalarField;
    location    "3.7/fluid";
    object      wallHeatFlux;
}
// * * * * * * * * * * * * * * * * * * * * * * * * * * * * * * * * * * * * * //

dimensions      [1 0 -3 0 0 0 0];

internalField   uniform 0;

boundaryField
{
    inlet
    {
        type            calculated;
        value           uniform 0;
    }
    outlet
    {
        type            calculated;
        value           uniform 0;
    }
    walls
    {
        type            calculated;
        value           uniform 0;
    }
    fluid_to_solid
    {
        type            calculated;
        value           nonuniform List<scalar> 
500
(
1810.07
1527.36
1404.98
1333.84
1298.23
1297.74
1333.09
1404.24
1526.56
1808.71
2362.52
2074.12
1836.53
1709.26
1652.95
1652.46
1708.15
1835.41
2073.07
2361.41
2555.24
2335.82
2150.58
2051.99
2008.42
2007.86
2051.25
2149.96
2335.26
2554.62
2537.44
2343.17
2183.34
2102.06
2067.2
2066.76
2101.56
2182.97
2342.8
2536.95
2475.01
2288.16
2137.29
2062.5
2030.54
2030.24
2062.19
2137.04
2287.98
2474.64
2400.53
2213.5
2062.31
1988.58
1956.93
1956.62
1988.27
2062.13
2213.31
2400.29
2342.37
2158.3
2007.92
1935.92
1905.2
1904.95
1935.73
2007.8
2158.12
2342.12
2325.81
2155.46
2014.72
1948.83
1921.39
1921.21
1948.65
2014.66
2155.34
2325.56
2370.8
2229.2
2110.22
2055.27
2032.77
2032.71
2055.39
2110.46
2229.32
2370.68
2453.81
2351.02
2262.76
2223.45
2208.12
2208.25
2223.82
2263.26
2351.33
2454
1752.51
896.967
722.076
547.805
629.111
659.934
729.456
808.591
890.331
957.683
2181.55
846.981
576.582
450.437
489.012
526.347
603.56
697.765
794.513
928.658
2343.35
949.124
553.821
444.359
474.624
499.555
569.574
656.275
761.644
1039.36
2330.45
931.635
550.41
466.81
486.966
489.198
550.348
619.56
730.759
1094.06
2276.99
903.417
566.039
492.113
514.812
504.889
556.178
604.986
714.758
1074.28
2211.87
876.191
569.636
501.168
524.115
511.463
556.302
594.133
692.37
1024.54
2160.21
877.928
566.039
507.06
526.533
515.432
558.349
596.738
673.702
964.629
2141.55
920.1
548.364
492.857
505.385
512.455
549.48
595.683
665.144
902.797
2170.32
1069.32
561.946
507.68
501.85
528.146
556.798
608.645
702.292
861.369
2244.68
1514.48
779.505
615.467
626.072
583.962
616.211
693.052
769.768
914.084
666.69
666.505
711.115
747.592
761.579
748.393
724.486
694.479
667.183
693.986
1017.16
991.285
1065.72
1140.77
1173.24
1139.9
1085.8
1026.1
990.792
1053.64
1348.29
1326.54
1397.71
1455.38
1453.53
1418.96
1390.5
1348.66
1321.36
1384.89
1397.15
1358.58
1396.47
1402.14
1336.15
1298.2
1315.88
1326.11
1342.13
1429.38
1316.74
1258.7
1276.2
1251.92
1151.24
1107.68
1146.68
1189.14
1236.03
1346.81
1221.36
1150.19
1150.44
1101.64
977.237
928.252
980.071
1048.34
1120.93
1247.67
1113.22
1033.49
1021.17
958.012
824.921
774.395
833.547
917.838
1006.2
1140.4
990.916
911.862
897.505
834.102
709.267
662.931
725.102
811.92
899.846
1028.81
861.336
802.985
807.114
761.025
657.632
621.155
681.046
754.124
817.465
920.488
788.752
779.386
824.736
807.545
727.998
705.015
758.129
804.156
820.053
871.38
1754.55
898.207
723.751
549.48
631.716
661.981
731.627
811.134
890.703
945.713
2183.35
847.477
576.024
448.142
485.167
521.2
596.862
689.889
781.551
895.541
2344.47
946.954
547.867
434.374
461.91
484.919
551.651
636.305
734.17
976.474
2331.32
926.984
539.929
450.499
466.996
468.98
526.099
593.079
692.866
1021.56
2277.67
897.091
552.953
473.632
491.555
479.151
527.712
574.163
666.88
1000.72
2212.49
869.741
555.744
482.19
500.424
485.229
527.091
562.132
643.809
953.962
2160.83
872.408
551.527
485.787
500.548
488.144
526.967
563.372
628.615
896.285
2142.17
916.069
532.115
467.12
474.066
477.973
511.835
556.736
619.188
831.29
2170.94
1073.28
552.519
481.26
465.259
485.911
509.602
550.224
642.197
791.722
2245.3
1522.54
811.382
605.854
604.738
559.961
554.875
626.444
717.239
845.306
2228.15
1473.35
811.358
700.46
684.529
643.899
625.067
653.223
724.665
866.93
2131.08
960.601
516.145
425.87
430.069
431.613
444.333
487.864
580.362
733.68
2062.11
759.861
446.617
348.81
351.156
367.396
394.935
442.48
522.381
663.288
2029.14
688.666
490.828
404.012
386.043
384.932
396.849
422.104
458.967
615.928
2014.93
634.576
514.477
433.342
400.677
386.29
384.994
390.983
405.37
559.553
2015.86
645.011
502.622
416.732
385.982
379.869
385.673
402.653
429.328
578.571
2030.43
687.493
456.867
357.64
348.501
356.343
384.314
430.131
493.607
646.493
2063.9
769.925
433.836
348.995
357.207
375.546
407.099
460.14
557.33
714.476
2133.06
993.327
559.244
470.081
468.537
463.536
475.33
518.429
616.607
799.687
2230.12
1497.43
896.075
744.547
716.082
669.957
663.411
697.805
769.37
918.921
)
;
    }
}


// ************************************************************************* //
