/*--------------------------------*- C++ -*----------------------------------*\
| =========                 |                                                 |
| \\      /  F ield         | OpenFOAM: The Open Source CFD Toolbox           |
|  \\    /   O peration     | Version:  2412                                  |
|   \\  /    A nd           | Website:  www.openfoam.com                      |
|    \\/     M anipulation  |                                                 |
\*---------------------------------------------------------------------------*/
FoamFile
{
    version     2.0;
    format      ascii;
    arch        "LSB;label=32;scalar=64";
    class       volScalarField;
    location    "4.4/solid";
    object      T;
}
// * * * * * * * * * * * * * * * * * * * * * * * * * * * * * * * * * * * * * //

dimensions      [0 0 0 1 0 0 0];

internalField   nonuniform List<scalar> 
1000
(
352.35
352.359
352.364
352.367
352.369
352.369
352.369
352.368
352.366
352.363
352.356
352.363
352.367
352.369
352.371
352.371
352.371
352.371
352.369
352.366
352.359
352.365
352.368
352.37
352.372
352.372
352.372
352.372
352.371
352.368
352.36
352.366
352.369
352.371
352.372
352.373
352.373
352.373
352.371
352.368
352.361
352.366
352.369
352.371
352.372
352.373
352.373
352.373
352.372
352.369
352.361
352.366
352.369
352.371
352.372
352.373
352.373
352.373
352.372
352.369
352.36
352.366
352.369
352.371
352.372
352.373
352.373
352.373
352.372
352.369
352.359
352.365
352.368
352.37
352.372
352.372
352.373
352.372
352.371
352.369
352.356
352.363
352.367
352.369
352.371
352.371
352.372
352.371
352.37
352.368
352.349
352.359
352.364
352.367
352.369
352.369
352.369
352.369
352.367
352.365
351.082
351.102
351.114
351.122
351.126
351.128
351.128
351.125
351.121
351.113
351.094
351.108
351.118
351.125
351.129
351.131
351.131
351.13
351.126
351.119
351.1
351.113
351.121
351.127
351.131
351.133
351.133
351.132
351.129
351.122
351.104
351.116
351.124
351.129
351.132
351.134
351.135
351.134
351.13
351.124
351.106
351.117
351.124
351.13
351.133
351.135
351.135
351.134
351.131
351.125
351.106
351.117
351.124
351.13
351.133
351.135
351.135
351.134
351.132
351.126
351.104
351.115
351.123
351.129
351.132
351.134
351.135
351.134
351.131
351.126
351.1
351.113
351.121
351.127
351.131
351.133
351.134
351.133
351.13
351.125
351.093
351.108
351.118
351.125
351.129
351.131
351.132
351.131
351.128
351.123
351.082
351.101
351.114
351.121
351.126
351.128
351.128
351.127
351.123
351.118
349.872
349.897
349.914
349.925
349.931
349.934
349.934
349.932
349.925
349.915
349.886
349.905
349.919
349.929
349.935
349.938
349.939
349.936
349.931
349.922
349.894
349.911
349.923
349.932
349.937
349.941
349.941
349.939
349.935
349.926
349.899
349.915
349.926
349.934
349.939
349.942
349.943
349.942
349.937
349.929
349.902
349.916
349.927
349.935
349.94
349.943
349.944
349.943
349.939
349.931
349.902
349.916
349.927
349.935
349.94
349.943
349.944
349.943
349.939
349.932
349.899
349.914
349.926
349.934
349.939
349.942
349.943
349.942
349.938
349.932
349.894
349.911
349.923
349.932
349.937
349.941
349.942
349.94
349.937
349.93
349.886
349.905
349.919
349.928
349.935
349.938
349.939
349.938
349.934
349.927
349.872
349.896
349.913
349.924
349.931
349.934
349.935
349.934
349.929
349.922
348.746
348.772
348.792
348.805
348.813
348.817
348.818
348.815
348.808
348.796
348.76
348.781
348.797
348.809
348.817
348.821
348.823
348.82
348.814
348.804
348.769
348.788
348.802
348.813
348.82
348.824
348.826
348.824
348.818
348.809
348.775
348.792
348.805
348.815
348.822
348.826
348.828
348.826
348.821
348.813
348.778
348.794
348.807
348.817
348.823
348.827
348.829
348.827
348.823
348.815
348.778
348.794
348.807
348.816
348.823
348.827
348.829
348.828
348.823
348.815
348.775
348.792
348.805
348.815
348.822
348.826
348.828
348.827
348.823
348.815
348.77
348.788
348.802
348.813
348.82
348.824
348.826
348.825
348.821
348.813
348.76
348.781
348.798
348.809
348.817
348.821
348.823
348.822
348.817
348.81
348.746
348.772
348.792
348.805
348.813
348.818
348.819
348.817
348.812
348.804
347.727
347.754
347.774
347.789
347.798
347.804
347.805
347.803
347.796
347.784
347.741
347.763
347.78
347.794
347.803
347.808
347.81
347.808
347.802
347.792
347.751
347.769
347.785
347.798
347.806
347.811
347.813
347.812
347.806
347.798
347.756
347.774
347.789
347.8
347.808
347.813
347.815
347.814
347.81
347.801
347.759
347.776
347.791
347.802
347.809
347.814
347.817
347.816
347.811
347.803
347.759
347.776
347.791
347.802
347.809
347.814
347.817
347.816
347.812
347.804
347.757
347.775
347.789
347.8
347.808
347.813
347.816
347.815
347.811
347.804
347.751
347.77
347.786
347.798
347.806
347.811
347.813
347.812
347.809
347.802
347.741
347.763
347.781
347.794
347.803
347.808
347.81
347.809
347.805
347.798
347.727
347.754
347.775
347.789
347.798
347.804
347.806
347.805
347.8
347.792
346.838
346.865
346.886
346.902
346.912
346.919
346.921
346.919
346.912
346.901
346.852
346.874
346.892
346.907
346.917
346.923
346.926
346.924
346.919
346.91
346.862
346.881
346.897
346.911
346.92
346.927
346.929
346.928
346.924
346.915
346.867
346.886
346.901
346.914
346.923
346.929
346.931
346.931
346.927
346.919
346.87
346.888
346.903
346.915
346.924
346.93
346.932
346.932
346.928
346.921
346.87
346.888
346.903
346.915
346.924
346.93
346.933
346.932
346.929
346.922
346.868
346.886
346.901
346.914
346.923
346.929
346.932
346.931
346.928
346.921
346.862
346.881
346.898
346.911
346.92
346.926
346.929
346.929
346.925
346.919
346.852
346.874
346.893
346.907
346.917
346.923
346.926
346.925
346.922
346.915
346.838
346.865
346.886
346.902
346.912
346.919
346.922
346.921
346.917
346.909
346.098
346.125
346.147
346.164
346.176
346.183
346.186
346.184
346.178
346.168
346.112
346.135
346.154
346.169
346.181
346.188
346.191
346.189
346.185
346.177
346.122
346.142
346.159
346.174
346.184
346.191
346.194
346.194
346.19
346.183
346.128
346.146
346.163
346.177
346.187
346.193
346.197
346.196
346.193
346.187
346.131
346.149
346.165
346.178
346.188
346.194
346.198
346.198
346.195
346.188
346.13
346.149
346.165
346.178
346.187
346.194
346.198
346.198
346.195
346.189
346.128
346.147
346.163
346.176
346.186
346.193
346.197
346.197
346.194
346.188
346.122
346.142
346.159
346.173
346.184
346.191
346.194
346.194
346.192
346.186
346.112
346.134
346.154
346.169
346.18
346.187
346.191
346.191
346.188
346.182
346.097
346.125
346.147
346.164
346.175
346.183
346.187
346.187
346.183
346.176
345.524
345.552
345.575
345.593
345.606
345.614
345.617
345.616
345.61
345.601
345.538
345.561
345.582
345.598
345.611
345.619
345.622
345.621
345.617
345.609
345.548
345.569
345.587
345.603
345.615
345.622
345.626
345.625
345.622
345.616
345.554
345.574
345.591
345.606
345.617
345.625
345.628
345.629
345.626
345.62
345.557
345.576
345.593
345.608
345.618
345.626
345.629
345.63
345.627
345.621
345.556
345.575
345.593
345.607
345.618
345.625
345.63
345.63
345.628
345.622
345.554
345.573
345.591
345.606
345.617
345.624
345.629
345.629
345.627
345.621
345.547
345.568
345.587
345.603
345.614
345.622
345.626
345.626
345.624
345.619
345.537
345.56
345.581
345.598
345.61
345.618
345.622
345.623
345.621
345.615
345.522
345.551
345.575
345.593
345.606
345.614
345.619
345.619
345.616
345.61
345.127
345.156
345.182
345.202
345.216
345.224
345.228
345.227
345.222
345.213
345.142
345.167
345.189
345.208
345.221
345.23
345.234
345.233
345.229
345.221
345.152
345.175
345.195
345.213
345.225
345.234
345.238
345.237
345.234
345.227
345.159
345.18
345.2
345.216
345.228
345.236
345.24
345.24
345.238
345.231
345.161
345.183
345.202
345.218
345.229
345.237
345.241
345.242
345.239
345.233
345.161
345.183
345.202
345.218
345.229
345.237
345.241
345.242
345.24
345.234
345.158
345.18
345.2
345.216
345.228
345.236
345.24
345.241
345.239
345.233
345.152
345.175
345.196
345.213
345.225
345.233
345.237
345.238
345.236
345.231
345.141
345.166
345.189
345.208
345.221
345.229
345.234
345.235
345.232
345.227
345.126
345.155
345.182
345.202
345.216
345.225
345.23
345.23
345.227
345.222
344.915
344.948
344.977
344.999
345.014
345.024
345.028
345.027
345.021
345.011
344.932
344.961
344.987
345.007
345.021
345.03
345.034
345.033
345.028
345.02
344.943
344.97
344.994
345.013
345.026
345.035
345.039
345.038
345.034
345.027
344.949
344.976
344.999
345.017
345.029
345.038
345.042
345.041
345.038
345.031
344.952
344.979
345.001
345.018
345.03
345.038
345.043
345.043
345.04
345.033
344.952
344.979
345.001
345.018
345.03
345.038
345.043
345.043
345.041
345.034
344.949
344.977
344.999
345.016
345.029
345.037
345.042
345.042
345.04
345.034
344.943
344.971
344.995
345.013
345.026
345.034
345.038
345.039
345.037
345.031
344.931
344.961
344.988
345.008
345.021
345.03
345.035
345.036
345.033
345.027
344.915
344.948
344.978
345.001
345.015
345.025
345.03
345.03
345.027
345.021
)
;

boundaryField
{
    bodyBottom
    {
        type            fixedValue;
        value           uniform 353;
    }
    solid_to_fluid
    {
        type            compressible::turbulentTemperatureCoupledBaffleMixed;
        refValue        nonuniform List<scalar> 
500
(
323.194
327.806
329.821
330.991
331.567
331.537
330.943
329.77
327.755
323.092
312.492
317.271
321.214
323.329
324.239
324.205
323.253
321.134
317.192
312.407
307.651
311.32
314.422
316.08
316.816
316.774
316.028
314.373
311.274
307.6
306.394
309.664
312.359
313.735
314.331
314.301
313.701
312.328
309.635
306.357
306.029
309.193
311.754
313.027
313.579
313.554
313.002
311.731
309.172
305.999
306.066
309.259
311.844
313.11
313.66
313.639
313.09
311.826
309.243
306.04
306.025
309.184
311.766
313.009
313.547
313.527
312.992
311.752
309.169
306.001
305.503
308.438
310.865
312.005
312.488
312.473
311.994
310.858
308.43
305.483
304.168
306.613
308.669
309.623
310.023
310.018
309.627
308.677
306.618
304.159
302.435
304.215
305.742
306.429
306.707
306.709
306.444
305.765
304.233
302.439
324.039
337.887
340.69
343.541
342.235
341.918
340.998
339.922
338.755
337.74
315.44
337.275
341.7
343.845
343.321
342.914
341.95
340.73
339.557
338.238
311.21
334.329
340.924
342.848
342.494
342.27
341.453
340.446
339.311
336.565
309.925
333.393
339.88
341.432
341.255
341.366
340.613
339.816
338.548
334.332
309.448
332.735
338.591
339.991
339.774
340.07
339.411
338.855
337.629
333.021
309.353
332.181
337.66
339.002
338.808
339.152
338.582
338.115
336.99
332.611
309.218
331.288
337.074
338.397
338.298
338.564
338.074
337.581
336.65
332.873
308.749
329.835
336.965
338.417
338.526
338.653
338.253
337.407
336.354
333.417
307.713
326.382
335.852
337.609
338.249
338.189
337.794
337.214
335.87
333.188
306.153
318.385
329.904
334.419
335.171
335.431
335.709
335.121
333.515
331.084
340.27
341.218
341.133
341.103
341.501
342.073
342.816
343.577
344.148
343.123
333.255
334.81
334.812
334.535
335.214
336.323
337.895
339.251
340.215
339.053
326.644
328.18
328.222
327.806
328.231
329.329
331.211
333.388
334.701
333.592
323.839
325.626
326.099
325.983
326.273
326.912
328.291
330.173
331.353
330.169
323.796
325.932
326.837
327.016
327.36
327.792
328.789
330.182
330.884
329.324
324.284
326.668
327.937
328.392
328.807
329.166
329.952
331.004
331.335
329.519
325.005
327.527
329.149
329.898
330.375
330.756
331.443
332.274
332.379
330.487
325.823
328.293
330.225
331.138
331.682
332.153
332.835
333.583
333.673
331.958
326.59
328.692
330.58
331.422
332.023
332.606
333.362
334.19
334.542
333.385
326.566
327.884
329.072
329.719
330.302
330.972
331.851
332.888
333.739
333.482
324.197
338.017
340.857
343.653
342.419
341.996
341
339.859
338.506
336.754
315.582
337.387
341.718
343.698
343.051
342.468
341.284
339.861
338.246
335.397
311.305
334.242
340.563
342.176
341.608
341.213
340.084
338.787
336.966
331.623
309.996
333.144
339.25
340.427
339.953
339.881
338.911
337.903
335.704
328.948
309.507
332.382
337.819
338.889
338.352
338.409
337.584
336.88
334.627
327.969
309.408
331.796
336.791
337.802
337.277
337.392
336.629
336.029
333.918
327.674
309.273
330.93
336.071
336.91
336.474
336.624
335.803
335.113
333.382
327.647
308.806
329.578
335.769
336.541
336.219
336.042
335.28
334.39
332.855
327.745
307.77
326.729
335.292
335.938
335.917
335.361
334.693
333.531
331.665
327.748
306.21
318.993
332.059
333.97
334.007
334.355
333.283
331.817
330.206
326.608
306.245
318.528
328.32
331.444
332.34
333.124
332.951
332.076
330.279
326.896
307.935
327.099
334.433
336.12
336.301
336.47
336.187
335.216
332.99
328.953
309.141
331.27
337.465
338.695
338.469
338.145
337.507
336.339
334.219
330.536
309.729
332.797
337.455
339.212
339.152
338.735
338.031
336.968
335.254
331.679
309.987
333.264
336.484
338.2
338.73
338.68
338.228
337.462
336.116
332.624
310.021
333.441
335.671
337.151
337.753
337.905
337.882
337.6
336.852
333.52
309.795
332.65
335.568
336.921
337.374
337.45
337.508
337.393
337.071
334.257
309.241
331.77
336.404
337.727
337.592
337.534
337.381
336.937
336.482
334.432
308.053
328.991
336.705
338.004
337.925
337.865
337.488
336.507
335.495
333.719
306.358
319.981
332.754
334.633
334.508
335.184
335.361
334.821
333.401
330.976
)
;
        refGradient     uniform 0;
        valueFraction   nonuniform List<scalar> 
500
(
0.000301416
0.000301416
0.000301416
0.000301416
0.000301416
0.000301416
0.000301416
0.000301416
0.000301416
0.000301416
0.000301416
0.000301416
0.000301416
0.000301416
0.000301416
0.000301416
0.000301416
0.000301416
0.000301416
0.000301416
0.000301416
0.000301416
0.000301416
0.000301416
0.000301416
0.000301416
0.000301416
0.000301416
0.000301416
0.000301416
0.000301416
0.000301416
0.000301416
0.000301416
0.000301416
0.000301416
0.000301416
0.000301416
0.000301416
0.000301416
0.000301416
0.000301416
0.000301416
0.000301416
0.000301416
0.000301416
0.000301416
0.000301416
0.000301416
0.000301416
0.000301416
0.000301416
0.000301416
0.000301416
0.000301416
0.000301416
0.000301416
0.000301416
0.000301416
0.000301416
0.000301416
0.000301416
0.000301416
0.000301416
0.000301416
0.000301416
0.000301416
0.000301416
0.000301416
0.000301416
0.000301416
0.000301416
0.000301416
0.000301416
0.000301416
0.000301416
0.000301416
0.000301416
0.000301416
0.000301416
0.000301416
0.000301416
0.000301416
0.000301416
0.000301416
0.000301416
0.000301416
0.000301416
0.000301416
0.000301416
0.000301416
0.000301416
0.000301416
0.000301416
0.000301416
0.000301416
0.000301416
0.000301416
0.000301416
0.000301416
0.000302436
0.000302436
0.000302436
0.000302436
0.000302436
0.000302436
0.000302436
0.000302436
0.000302436
0.000302436
0.000302436
0.000302436
0.000302436
0.000302436
0.000302436
0.000302436
0.000302436
0.000302436
0.000302436
0.000302436
0.000302436
0.000302436
0.000302436
0.000302436
0.000302436
0.000302436
0.000302436
0.000302436
0.000302436
0.000302436
0.000302436
0.000302436
0.000302436
0.000302436
0.000302436
0.000302436
0.000302436
0.000302436
0.000302436
0.000302436
0.000302436
0.000302436
0.000302436
0.000302436
0.000302436
0.000302436
0.000302436
0.000302436
0.000302436
0.000302436
0.000302436
0.000302436
0.000302436
0.000302436
0.000302436
0.000302436
0.000302436
0.000302436
0.000302436
0.000302436
0.000302436
0.000302436
0.000302436
0.000302436
0.000302436
0.000302436
0.000302436
0.000302436
0.000302436
0.000302436
0.000302436
0.000302436
0.000302436
0.000302436
0.000302436
0.000302436
0.000302436
0.000302436
0.000302436
0.000302436
0.000302436
0.000302436
0.000302436
0.000302436
0.000302436
0.000302436
0.000302436
0.000302436
0.000302436
0.000302436
0.000302436
0.000302436
0.000302436
0.000302436
0.000302436
0.000302436
0.000302436
0.000302436
0.000302436
0.000302436
0.000300478
0.000300478
0.000300478
0.000300478
0.000300478
0.000300478
0.000300478
0.000300478
0.000300478
0.000300478
0.000300478
0.000300478
0.000300478
0.000300478
0.000300478
0.000300478
0.000300478
0.000300478
0.000300478
0.000300478
0.000300478
0.000300478
0.000300478
0.000300478
0.000300478
0.000300478
0.000300478
0.000300478
0.000300478
0.000300478
0.000300478
0.000300478
0.000300478
0.000300478
0.000300478
0.000300478
0.000300478
0.000300478
0.000300478
0.000300478
0.000300478
0.000300478
0.000300478
0.000300478
0.000300478
0.000300478
0.000300478
0.000300478
0.000300478
0.000300478
0.000300478
0.000300478
0.000300478
0.000300478
0.000300478
0.000300478
0.000300478
0.000300478
0.000300478
0.000300478
0.000300478
0.000300478
0.000300478
0.000300478
0.000300478
0.000300478
0.000300478
0.000300478
0.000300478
0.000300478
0.000300478
0.000300478
0.000300478
0.000300478
0.000300478
0.000300478
0.000300478
0.000300478
0.000300478
0.000300478
0.000300478
0.000300478
0.000300478
0.000300478
0.000300478
0.000300478
0.000300478
0.000300478
0.000300478
0.000300478
0.000300478
0.000300478
0.000300478
0.000300478
0.000300478
0.000300478
0.000300478
0.000300478
0.000300478
0.000300478
0.000302436
0.000302436
0.000302436
0.000302436
0.000302436
0.000302436
0.000302436
0.000302436
0.000302436
0.000302436
0.000302436
0.000302436
0.000302436
0.000302436
0.000302436
0.000302436
0.000302436
0.000302436
0.000302436
0.000302436
0.000302436
0.000302436
0.000302436
0.000302436
0.000302436
0.000302436
0.000302436
0.000302436
0.000302436
0.000302436
0.000302436
0.000302436
0.000302436
0.000302436
0.000302436
0.000302436
0.000302436
0.000302436
0.000302436
0.000302436
0.000302436
0.000302436
0.000302436
0.000302436
0.000302436
0.000302436
0.000302436
0.000302436
0.000302436
0.000302436
0.000302436
0.000302436
0.000302436
0.000302436
0.000302436
0.000302436
0.000302436
0.000302436
0.000302436
0.000302436
0.000302436
0.000302436
0.000302436
0.000302436
0.000302436
0.000302436
0.000302436
0.000302436
0.000302436
0.000302436
0.000302436
0.000302436
0.000302436
0.000302436
0.000302436
0.000302436
0.000302436
0.000302436
0.000302436
0.000302436
0.000302436
0.000302436
0.000302436
0.000302436
0.000302436
0.000302436
0.000302436
0.000302436
0.000302436
0.000302436
0.000302436
0.000302436
0.000302436
0.000302436
0.000302436
0.000302436
0.000302436
0.000302436
0.000302436
0.000302436
0.000301115
0.000301115
0.000301115
0.000301115
0.000301115
0.000301115
0.000301115
0.000301115
0.000301115
0.000301115
0.000301115
0.000301115
0.000301115
0.000301115
0.000301115
0.000301115
0.000301115
0.000301115
0.000301115
0.000301115
0.000301115
0.000301115
0.000301115
0.000301115
0.000301115
0.000301115
0.000301115
0.000301115
0.000301115
0.000301115
0.000301115
0.000301115
0.000301115
0.000301115
0.000301115
0.000301115
0.000301115
0.000301115
0.000301115
0.000301115
0.000301115
0.000301115
0.000301115
0.000301115
0.000301115
0.000301115
0.000301115
0.000301115
0.000301115
0.000301115
0.000301115
0.000301115
0.000301115
0.000301115
0.000301115
0.000301115
0.000301115
0.000301115
0.000301115
0.000301115
0.000301115
0.000301115
0.000301115
0.000301115
0.000301115
0.000301115
0.000301115
0.000301115
0.000301115
0.000301115
0.000301115
0.000301115
0.000301115
0.000301115
0.000301115
0.000301115
0.000301115
0.000301115
0.000301115
0.000301115
0.000301115
0.000301115
0.000301115
0.000301115
0.000301115
0.000301115
0.000301115
0.000301115
0.000301115
0.000301115
0.000301115
0.000301115
0.000301115
0.000301115
0.000301115
0.000301115
0.000301115
0.000301115
0.000301115
0.000301115
)
;
        source          uniform 0;
        Tnbr            T;
        kappaMethod     solidThermo;
        value           nonuniform List<scalar> 
500
(
352.341
352.348
352.352
352.354
352.355
352.355
352.354
352.352
352.348
352.341
351.07
351.083
351.091
351.096
351.097
351.097
351.095
351.091
351.083
351.07
349.859
349.874
349.883
349.889
349.891
349.891
349.889
349.883
349.874
349.859
348.733
348.748
348.758
348.764
348.767
348.767
348.764
348.758
348.748
348.733
347.714
347.729
347.739
347.745
347.748
347.748
347.746
347.74
347.729
347.714
346.825
346.84
346.85
346.857
346.859
346.859
346.857
346.851
346.84
346.825
346.085
346.101
346.111
346.117
346.12
346.12
346.117
346.111
346.1
346.085
345.511
345.526
345.537
345.543
345.546
345.545
345.543
345.536
345.525
345.51
345.114
345.129
345.14
345.147
345.15
345.149
345.147
345.14
345.129
345.112
344.902
344.919
344.93
344.937
344.94
344.94
344.937
344.93
344.918
344.901
352.341
352.355
352.361
352.365
352.366
352.366
352.366
352.365
352.363
352.36
351.071
351.097
351.111
351.119
351.123
351.125
351.125
351.123
351.12
351.114
349.86
349.891
349.91
349.922
349.928
349.932
349.932
349.93
349.926
349.918
348.734
348.767
348.789
348.802
348.81
348.815
348.816
348.814
348.809
348.799
347.715
347.749
347.771
347.786
347.795
347.801
347.803
347.802
347.797
347.787
346.826
346.86
346.883
346.899
346.909
346.916
346.919
346.918
346.913
346.904
346.086
346.12
346.144
346.161
346.172
346.18
346.184
346.184
346.18
346.172
345.511
345.545
345.571
345.59
345.603
345.611
345.616
345.616
345.612
345.605
345.114
345.149
345.178
345.199
345.213
345.222
345.227
345.227
345.224
345.217
344.902
344.939
344.973
344.997
345.011
345.021
345.026
345.027
345.023
345.016
352.359
352.363
352.364
352.365
352.366
352.366
352.366
352.366
352.365
352.362
351.108
351.114
351.117
351.119
351.121
351.122
351.122
351.122
351.12
351.114
349.907
349.915
349.919
349.922
349.924
349.925
349.926
349.925
349.922
349.917
348.788
348.797
348.802
348.805
348.807
348.808
348.809
348.807
348.804
348.798
347.776
347.785
347.791
347.795
347.797
347.798
347.798
347.796
347.792
347.786
346.894
346.903
346.909
346.913
346.915
346.916
346.916
346.914
346.91
346.903
346.161
346.17
346.177
346.181
346.183
346.184
346.183
346.181
346.177
346.171
345.594
345.603
345.61
345.614
345.617
345.617
345.617
345.615
345.611
345.605
345.206
345.215
345.222
345.226
345.229
345.23
345.229
345.227
345.223
345.217
345.005
345.014
345.021
345.026
345.028
345.029
345.029
345.027
345.023
345.017
352.341
352.355
352.361
352.365
352.366
352.366
352.366
352.364
352.362
352.358
351.071
351.097
351.111
351.119
351.123
351.125
351.124
351.122
351.117
351.108
349.86
349.892
349.91
349.922
349.928
349.931
349.931
349.928
349.921
349.909
348.734
348.767
348.788
348.802
348.81
348.814
348.815
348.811
348.804
348.79
347.715
347.749
347.771
347.786
347.795
347.8
347.802
347.799
347.791
347.777
346.826
346.86
346.882
346.898
346.909
346.915
346.917
346.915
346.907
346.895
346.086
346.12
346.144
346.16
346.172
346.179
346.182
346.18
346.174
346.162
345.512
345.546
345.571
345.589
345.602
345.61
345.613
345.612
345.606
345.595
345.115
345.15
345.178
345.198
345.212
345.221
345.224
345.223
345.217
345.207
344.903
344.939
344.973
344.995
345.01
345.02
345.024
345.022
345.016
345.005
344.903
344.939
344.971
344.994
345.01
345.019
345.024
345.022
345.016
345.005
344.92
344.955
344.983
345.003
345.017
345.027
345.031
345.03
345.024
345.014
344.931
344.966
344.991
345.01
345.023
345.032
345.036
345.035
345.03
345.021
344.938
344.972
344.996
345.014
345.027
345.035
345.039
345.038
345.034
345.026
344.941
344.975
344.997
345.015
345.028
345.036
345.04
345.04
345.036
345.029
344.941
344.975
344.997
345.015
345.027
345.035
345.04
345.04
345.037
345.03
344.938
344.972
344.995
345.013
345.026
345.034
345.038
345.039
345.036
345.03
344.931
344.966
344.991
345.01
345.023
345.031
345.035
345.036
345.033
345.027
344.919
344.956
344.984
345.005
345.018
345.027
345.032
345.032
345.029
345.023
344.902
344.939
344.974
344.997
345.011
345.021
345.026
345.026
345.023
345.016
)
;
    }
}


// ************************************************************************* //
