/*--------------------------------*- C++ -*----------------------------------*\
| =========                 |                                                 |
| \\      /  F ield         | OpenFOAM: The Open Source CFD Toolbox           |
|  \\    /   O peration     | Version:  2412                                  |
|   \\  /    A nd           | Website:  www.openfoam.com                      |
|    \\/     M anipulation  |                                                 |
\*---------------------------------------------------------------------------*/
FoamFile
{
    version     2.0;
    format      ascii;
    arch        "LSB;label=32;scalar=64";
    class       volScalarField;
    location    "4.4/solid";
    object      wallHeatFlux;
}
// * * * * * * * * * * * * * * * * * * * * * * * * * * * * * * * * * * * * * //

dimensions      [1 0 -3 0 0 0 0];

internalField   uniform 0;

boundaryField
{
    bodyBottom
    {
        type            calculated;
        value           nonuniform List<scalar> 
100
(
133250
132020
131405
131200
130995
130995
131200
131405
132020
133455
131405
130585
130175
129970
129970
129970
129970
130175
130585
131405
130380
129765
129560
129355
129355
129355
129355
129560
129765
130380
129765
129355
129150
128945
128945
128945
128945
129150
129355
129765
129355
128945
128740
128740
128740
128740
128740
128740
128945
129355
129355
128945
128740
128535
128535
128535
128535
128740
128945
129355
129355
128945
128740
128535
128535
128535
128535
128535
128740
129355
129560
128945
128740
128535
128535
128535
128535
128740
128945
129355
129970
129355
128945
128945
128740
128740
128740
128945
129150
129765
130585
129970
129560
129560
129355
129355
129355
129355
129560
130175
)
;
    }
    solid_to_fluid
    {
        type            calculated;
        value           nonuniform List<scalar> 
500
(
-1845
-1640
-1435
-1230
-1230
-1230
-1230
-1435
-1640
-1640
-2460
-2255
-1845
-1640
-1845
-1845
-1845
-1845
-2050
-2460
-2665
-2460
-2255
-2050
-2255
-2255
-2050
-2255
-2460
-2665
-2665
-2460
-2255
-2255
-2255
-2255
-2255
-2460
-2460
-2665
-2665
-2460
-2460
-2255
-2255
-2255
-2255
-2255
-2460
-2665
-2665
-2460
-2460
-2050
-2255
-2255
-2255
-2255
-2460
-2665
-2665
-2255
-2255
-2255
-2255
-2050
-2255
-2255
-2460
-2460
-2665
-2460
-2255
-2255
-2255
-2255
-2255
-2255
-2460
-2460
-2665
-2665
-2460
-2460
-2255
-2460
-2255
-2460
-2460
-2870
-2665
-2665
-2665
-2460
-2460
-2460
-2460
-2665
-2665
-2870
-1640
-820
-615
-410
-615
-615
-615
-820
-820
-1025
-2255
-820
-615
-410
-615
-615
-615
-820
-615
-820
-2460
-1025
-615
-410
-615
-410
-615
-820
-615
-820
-2460
-1025
-615
-615
-615
-615
-615
-615
-615
-1025
-2460
-1025
-820
-615
-615
-615
-615
-615
-615
-1025
-2460
-1025
-615
-615
-615
-615
-615
-615
-820
-1025
-2255
-1025
-615
-615
-615
-615
-615
-615
-615
-820
-2255
-1230
-820
-615
-615
-615
-615
-615
-820
-1025
-2460
-1230
-820
-615
-615
-615
-615
-615
-615
-1025
-2665
-1845
-1025
-820
-820
-820
-820
-615
-820
-1025
-820
-615
-820
-615
-615
-615
-615
-615
-615
-615
-1025
-1025
-1025
-1025
-820
-820
-820
-615
-615
-820
-1640
-1435
-1435
-1435
-1435
-1435
-1230
-1025
-1025
-1025
-1640
-1435
-1435
-1640
-1640
-1435
-1230
-1230
-1230
-1230
-1640
-1435
-1435
-1230
-1230
-1230
-1230
-1230
-1230
-1230
-1435
-1435
-1230
-1230
-1230
-1230
-1025
-1025
-1025
-1230
-1435
-1435
-1230
-1230
-1025
-1025
-1025
-1025
-1025
-1025
-1435
-1230
-1230
-1230
-820
-1025
-820
-820
-820
-1025
-1435
-1230
-1025
-1025
-820
-820
-820
-820
-820
-1025
-1230
-1230
-1230
-1025
-1025
-1025
-1025
-820
-820
-820
-1845
-820
-615
-410
-615
-615
-615
-820
-820
-1025
-2255
-1025
-615
-615
-615
-615
-820
-615
-820
-1025
-2460
-1025
-820
-615
-615
-615
-615
-820
-820
-1230
-2460
-1025
-820
-615
-615
-615
-615
-820
-820
-1230
-2460
-1025
-615
-615
-615
-820
-615
-820
-1025
-1435
-2460
-1025
-820
-820
-615
-820
-820
-820
-1025
-1230
-2460
-1025
-615
-820
-820
-820
-820
-820
-820
-1230
-2460
-1230
-820
-820
-820
-820
-820
-820
-820
-1230
-2460
-1230
-820
-820
-820
-615
-820
-820
-1025
-1230
-2460
-1845
-820
-820
-820
-820
-820
-1025
-1025
-1230
-2460
-1845
-1230
-1025
-820
-1025
-820
-1025
-1025
-1230
-2460
-1230
-820
-820
-820
-615
-615
-615
-820
-1230
-2460
-820
-615
-615
-615
-615
-615
-615
-820
-1230
-2255
-820
-615
-615
-410
-615
-615
-615
-820
-1025
-2255
-820
-820
-615
-410
-410
-615
-615
-820
-820
-2255
-820
-820
-615
-615
-615
-615
-615
-820
-820
-2255
-1025
-820
-615
-615
-615
-820
-615
-820
-820
-2460
-1025
-820
-615
-615
-615
-615
-615
-820
-820
-2460
-1025
-820
-615
-615
-615
-615
-820
-820
-820
-2665
-1845
-820
-820
-820
-820
-820
-820
-820
-1025
)
;
    }
}


// ************************************************************************* //
