/*--------------------------------*- C++ -*----------------------------------*\
| =========                 |                                                 |
| \\      /  F ield         | OpenFOAM: The Open Source CFD Toolbox           |
|  \\    /   O peration     | Version:  2412                                  |
|   \\  /    A nd           | Website:  www.openfoam.com                      |
|    \\/     M anipulation  |                                                 |
\*---------------------------------------------------------------------------*/
FoamFile
{
    version     2.0;
    format      ascii;
    arch        "LSB;label=32;scalar=64";
    class       volScalarField;
    location    "2.4/solid";
    object      T;
}
// * * * * * * * * * * * * * * * * * * * * * * * * * * * * * * * * * * * * * //

dimensions      [0 0 0 1 0 0 0];

internalField   nonuniform List<scalar> 
1000
(
351.244
351.254
351.258
351.261
351.262
351.263
351.262
351.262
351.26
351.257
351.25
351.257
351.261
351.263
351.264
351.265
351.265
351.264
351.263
351.26
351.253
351.259
351.262
351.264
351.265
351.265
351.265
351.265
351.264
351.261
351.255
351.26
351.263
351.264
351.265
351.266
351.266
351.265
351.264
351.261
351.255
351.26
351.263
351.264
351.265
351.266
351.266
351.266
351.264
351.262
351.255
351.26
351.263
351.264
351.265
351.266
351.266
351.266
351.264
351.262
351.254
351.26
351.263
351.264
351.265
351.266
351.266
351.265
351.264
351.261
351.253
351.259
351.262
351.264
351.265
351.265
351.265
351.265
351.264
351.261
351.25
351.257
351.261
351.263
351.264
351.265
351.265
351.264
351.263
351.26
351.244
351.253
351.258
351.261
351.262
351.263
351.262
351.262
351.26
351.257
347.795
347.813
347.824
347.831
347.834
347.835
347.835
347.833
347.829
347.822
347.805
347.819
347.828
347.833
347.836
347.838
347.838
347.837
347.833
347.827
347.811
347.823
347.83
347.835
347.838
347.839
347.84
347.838
347.835
347.83
347.814
347.825
347.832
347.836
347.839
347.84
347.841
347.84
347.837
347.831
347.816
347.826
347.832
347.837
347.839
347.841
347.841
347.84
347.837
347.831
347.815
347.826
347.832
347.837
347.839
347.841
347.841
347.84
347.837
347.831
347.814
347.825
347.832
347.836
347.839
347.84
347.841
347.84
347.837
347.831
347.811
347.822
347.83
347.835
347.838
347.839
347.84
347.838
347.835
347.829
347.805
347.818
347.827
347.833
347.836
347.838
347.838
347.837
347.833
347.827
347.794
347.812
347.823
347.83
347.833
347.835
347.835
347.833
347.829
347.822
344.484
344.506
344.521
344.53
344.535
344.537
344.537
344.535
344.53
344.52
344.496
344.513
344.525
344.533
344.537
344.54
344.54
344.538
344.534
344.526
344.503
344.517
344.527
344.535
344.539
344.541
344.542
344.54
344.537
344.529
344.507
344.521
344.53
344.536
344.54
344.542
344.543
344.542
344.539
344.531
344.509
344.522
344.531
344.537
344.541
344.543
344.544
344.543
344.539
344.532
344.509
344.521
344.53
344.537
344.54
344.543
344.544
344.543
344.539
344.532
344.507
344.52
344.53
344.536
344.54
344.542
344.543
344.542
344.539
344.531
344.503
344.518
344.527
344.535
344.539
344.541
344.542
344.54
344.536
344.529
344.496
344.513
344.524
344.532
344.537
344.539
344.54
344.538
344.534
344.526
344.484
344.506
344.52
344.529
344.534
344.536
344.537
344.535
344.529
344.52
341.39
341.413
341.429
341.439
341.445
341.448
341.449
341.447
341.441
341.432
341.402
341.419
341.433
341.442
341.448
341.451
341.452
341.45
341.445
341.437
341.409
341.424
341.436
341.444
341.449
341.453
341.454
341.452
341.448
341.441
341.414
341.428
341.438
341.446
341.451
341.454
341.455
341.454
341.451
341.444
341.415
341.429
341.439
341.447
341.451
341.454
341.456
341.455
341.452
341.445
341.416
341.429
341.439
341.447
341.451
341.454
341.456
341.455
341.452
341.445
341.414
341.429
341.439
341.446
341.451
341.454
341.455
341.455
341.451
341.444
341.41
341.426
341.437
341.445
341.45
341.452
341.454
341.452
341.448
341.441
341.403
341.42
341.433
341.442
341.447
341.451
341.452
341.45
341.445
341.437
341.391
341.413
341.429
341.439
341.444
341.448
341.449
341.447
341.441
341.432
338.585
338.607
338.623
338.634
338.64
338.645
338.646
338.644
338.639
338.63
338.596
338.613
338.627
338.637
338.643
338.647
338.649
338.648
338.643
338.636
338.603
338.618
338.63
338.639
338.645
338.649
338.651
338.649
338.646
338.64
338.608
338.622
338.632
338.641
338.646
338.65
338.652
338.652
338.649
338.643
338.609
338.623
338.634
338.642
338.647
338.65
338.653
338.652
338.65
338.644
338.609
338.623
338.634
338.642
338.647
338.65
338.653
338.652
338.649
338.644
338.608
338.623
338.634
338.642
338.647
338.65
338.652
338.652
338.649
338.642
338.604
338.62
338.632
338.64
338.645
338.649
338.65
338.649
338.646
338.639
338.597
338.615
338.628
338.638
338.643
338.647
338.649
338.647
338.643
338.636
338.585
338.607
338.623
338.634
338.64
338.644
338.646
338.644
338.639
338.63
336.136
336.157
336.172
336.184
336.191
336.196
336.198
336.196
336.192
336.185
336.147
336.164
336.177
336.187
336.194
336.199
336.201
336.199
336.196
336.19
336.154
336.168
336.179
336.189
336.196
336.201
336.203
336.202
336.2
336.195
336.158
336.171
336.182
336.191
336.198
336.202
336.204
336.204
336.202
336.198
336.159
336.172
336.183
336.192
336.197
336.202
336.204
336.204
336.203
336.198
336.159
336.172
336.183
336.192
336.197
336.202
336.205
336.205
336.203
336.198
336.158
336.172
336.183
336.192
336.197
336.202
336.204
336.204
336.201
336.196
336.154
336.169
336.181
336.19
336.196
336.2
336.202
336.202
336.199
336.193
336.147
336.164
336.178
336.188
336.194
336.198
336.2
336.2
336.197
336.19
336.136
336.157
336.173
336.184
336.191
336.195
336.198
336.197
336.193
336.185
334.101
334.122
334.137
334.148
334.156
334.162
334.165
334.163
334.16
334.154
334.112
334.128
334.141
334.152
334.16
334.165
334.168
334.166
334.164
334.16
334.119
334.133
334.144
334.154
334.162
334.167
334.169
334.169
334.168
334.164
334.122
334.135
334.146
334.156
334.163
334.168
334.17
334.171
334.17
334.167
334.123
334.135
334.147
334.156
334.163
334.167
334.17
334.171
334.17
334.167
334.123
334.136
334.147
334.156
334.162
334.167
334.171
334.172
334.17
334.167
334.122
334.135
334.147
334.156
334.162
334.167
334.171
334.171
334.169
334.165
334.118
334.133
334.145
334.154
334.16
334.165
334.169
334.169
334.167
334.162
334.111
334.128
334.141
334.151
334.158
334.163
334.167
334.167
334.165
334.16
334.1
334.121
334.137
334.148
334.155
334.161
334.164
334.165
334.161
334.155
332.528
332.548
332.563
332.576
332.584
332.59
332.594
332.593
332.59
332.585
332.538
332.555
332.568
332.579
332.588
332.593
332.597
332.596
332.594
332.591
332.545
332.559
332.57
332.582
332.59
332.595
332.598
332.598
332.598
332.595
332.548
332.561
332.573
332.584
332.591
332.596
332.599
332.6
332.6
332.597
332.548
332.561
332.573
332.584
332.591
332.596
332.599
332.6
332.6
332.598
332.547
332.561
332.573
332.583
332.59
332.596
332.6
332.601
332.6
332.597
332.547
332.56
332.573
332.583
332.59
332.596
332.6
332.601
332.599
332.596
332.543
332.557
332.57
332.581
332.588
332.594
332.597
332.598
332.597
332.593
332.536
332.553
332.566
332.578
332.586
332.591
332.596
332.597
332.595
332.591
332.525
332.546
332.562
332.574
332.583
332.589
332.593
332.594
332.592
332.586
331.453
331.473
331.49
331.503
331.513
331.519
331.523
331.522
331.52
331.516
331.463
331.481
331.495
331.507
331.516
331.523
331.526
331.526
331.525
331.521
331.47
331.485
331.498
331.511
331.519
331.525
331.529
331.528
331.528
331.525
331.473
331.488
331.501
331.513
331.521
331.526
331.529
331.53
331.53
331.528
331.474
331.488
331.502
331.513
331.52
331.525
331.529
331.53
331.531
331.528
331.473
331.488
331.502
331.513
331.52
331.525
331.53
331.531
331.531
331.528
331.472
331.488
331.502
331.513
331.52
331.526
331.53
331.53
331.529
331.526
331.468
331.485
331.5
331.511
331.518
331.523
331.527
331.528
331.527
331.524
331.461
331.479
331.495
331.508
331.516
331.521
331.525
331.527
331.526
331.522
331.45
331.472
331.49
331.504
331.512
331.518
331.523
331.524
331.522
331.517
330.901
330.924
330.943
330.958
330.968
330.975
330.979
330.978
330.976
330.972
330.912
330.933
330.949
330.963
330.972
330.979
330.983
330.982
330.981
330.977
330.919
330.938
330.953
330.967
330.976
330.982
330.985
330.985
330.984
330.982
330.923
330.941
330.956
330.969
330.977
330.983
330.986
330.987
330.987
330.984
330.924
330.942
330.957
330.969
330.977
330.982
330.986
330.987
330.988
330.985
330.924
330.943
330.958
330.969
330.977
330.982
330.986
330.988
330.987
330.984
330.923
330.943
330.958
330.97
330.977
330.982
330.986
330.987
330.986
330.983
330.919
330.939
330.956
330.968
330.975
330.98
330.983
330.985
330.984
330.98
330.912
330.933
330.951
330.964
330.972
330.977
330.982
330.983
330.982
330.978
330.9
330.923
330.944
330.959
330.968
330.974
330.979
330.98
330.978
330.973
)
;

boundaryField
{
    bodyBottom
    {
        type            fixedValue;
        value           uniform 353;
    }
    solid_to_fluid
    {
        type            compressible::turbulentTemperatureCoupledBaffleMixed;
        refValue        nonuniform List<scalar> 
500
(
321.756
326.123
328.011
329.115
329.662
329.661
329.114
328.01
326.123
321.755
310.888
315.232
318.806
320.718
321.553
321.552
320.717
318.805
315.231
310.887
305.998
309.218
311.929
313.371
313.999
313.999
313.37
311.929
309.217
305.998
304.488
307.27
309.553
310.713
311.204
311.204
310.713
309.553
307.27
304.488
303.804
306.415
308.523
309.566
310.008
310.007
309.566
308.523
306.415
303.803
303.43
305.969
308.018
309.017
309.44
309.44
309.016
308.018
305.969
303.43
303.101
305.548
307.546
308.504
308.909
308.909
308.504
307.546
305.548
303.101
302.468
304.697
306.54
307.405
307.762
307.761
307.404
306.539
304.696
302.467
301.31
303.142
304.686
305.402
305.695
305.695
305.402
304.685
303.141
301.309
299.951
301.278
302.419
302.932
303.133
303.133
302.932
302.419
301.277
299.95
322.861
336.647
339.479
342.315
341.004
340.546
339.444
338.177
336.848
335.69
313.826
334.654
339.021
341.074
340.491
339.943
338.75
337.263
335.698
333.432
309.286
330.352
336.474
338.243
337.835
337.494
336.463
335.146
333.467
329.013
307.595
328.075
333.738
335.078
334.843
334.839
333.974
332.952
331.197
325.66
306.686
326.155
330.949
332.089
331.812
331.967
331.27
330.573
328.902
323.63
306.096
324.476
328.65
329.643
329.353
329.524
328.934
328.42
327
322.335
305.612
322.773
326.83
327.627
327.382
327.525
326.97
326.47
325.444
321.525
304.95
320.927
325.637
326.356
326.195
326.098
325.626
325.029
324.15
321.117
303.958
318.079
324.455
325.174
325.235
324.885
324.537
323.945
322.769
320.8
302.683
311.902
320.965
323.313
323.129
323.635
323.388
322.436
321.42
319.742
339.716
340.152
339.784
339.497
339.414
339.436
339.532
339.829
340.203
339.764
330.825
331.76
331.335
330.777
330.525
330.572
330.839
331.416
331.854
330.92
323.161
324.078
323.824
323.654
323.981
324.017
323.706
323.896
324.169
323.256
320.173
321.338
321.696
322.44
323.725
323.752
322.497
321.771
321.427
320.262
319.268
320.675
321.407
322.679
324.486
324.511
322.75
321.493
320.765
319.35
318.859
320.402
321.414
323.057
325.162
325.19
323.146
321.519
320.501
318.941
318.862
320.445
321.597
323.399
325.528
325.567
323.503
321.72
320.553
318.945
319.272
320.758
321.847
323.566
325.364
325.41
323.665
321.977
320.869
319.352
320.021
321.168
321.901
323.277
324.89
324.954
323.373
322.023
321.268
320.088
320.388
320.885
320.98
321.857
323.26
323.331
321.953
321.085
320.959
320.43
322.863
336.65
339.481
342.317
341.006
340.544
339.44
338.17
336.839
335.677
313.828
334.657
339.024
341.074
340.491
339.939
338.741
337.25
335.68
333.394
309.287
330.354
336.475
338.242
337.833
337.489
336.453
335.13
333.441
328.952
307.595
328.077
333.739
335.078
334.842
334.835
333.965
332.937
331.167
325.595
306.686
326.157
330.951
332.091
331.812
331.964
331.264
330.561
328.876
323.574
306.097
324.478
328.653
329.647
329.356
329.524
328.93
328.411
326.98
322.287
305.612
322.777
326.834
327.631
327.385
327.526
326.967
326.464
325.43
321.485
304.951
320.931
325.641
326.359
326.197
326.098
325.623
325.025
324.141
321.086
303.959
318.083
324.459
325.177
325.237
324.887
324.535
323.935
322.758
320.783
302.684
311.906
320.974
323.317
323.132
323.639
323.388
322.437
321.417
319.731
302.72
312.091
319.905
321.66
321.921
322.453
322.59
322.188
321.341
319.51
303.967
318.572
324.019
325.129
325.107
325.131
324.986
324.461
323.296
321.118
304.858
321.311
325.303
326.458
326.39
326.176
325.81
325.196
324.067
322.239
305.292
322.336
324.893
326.102
326.296
326.312
326.074
325.607
324.975
323.159
305.483
323.141
324.435
325.515
325.941
326.135
326.128
326.016
325.819
324.292
305.483
323.14
324.439
325.519
325.944
326.136
326.131
326.022
325.832
324.331
305.292
322.337
324.899
326.107
326.298
326.311
326.073
325.606
324.983
323.201
304.858
321.312
325.306
326.46
326.391
326.176
325.809
325.196
324.071
322.269
303.967
318.573
324.023
325.13
325.108
325.13
324.986
324.463
323.301
321.131
302.72
312.093
319.914
321.663
321.921
322.45
322.588
322.187
321.343
319.517
)
;
        refGradient     uniform 0;
        valueFraction   nonuniform List<scalar> 
500
(
0.000301416
0.000301416
0.000301416
0.000301416
0.000301416
0.000301416
0.000301416
0.000301416
0.000301416
0.000301416
0.000301416
0.000301416
0.000301416
0.000301416
0.000301416
0.000301416
0.000301416
0.000301416
0.000301416
0.000301416
0.000301416
0.000301416
0.000301416
0.000301416
0.000301416
0.000301416
0.000301416
0.000301416
0.000301416
0.000301416
0.000301416
0.000301416
0.000301416
0.000301416
0.000301416
0.000301416
0.000301416
0.000301416
0.000301416
0.000301416
0.000301416
0.000301416
0.000301416
0.000301416
0.000301416
0.000301416
0.000301416
0.000301416
0.000301416
0.000301416
0.000301416
0.000301416
0.000301416
0.000301416
0.000301416
0.000301416
0.000301416
0.000301416
0.000301416
0.000301416
0.000301416
0.000301416
0.000301416
0.000301416
0.000301416
0.000301416
0.000301416
0.000301416
0.000301416
0.000301416
0.000301416
0.000301416
0.000301416
0.000301416
0.000301416
0.000301416
0.000301416
0.000301416
0.000301416
0.000301416
0.000301416
0.000301416
0.000301416
0.000301416
0.000301416
0.000301416
0.000301416
0.000301416
0.000301416
0.000301416
0.000301416
0.000301416
0.000301416
0.000301416
0.000301416
0.000301416
0.000301416
0.000301416
0.000301416
0.000301416
0.000302436
0.000302436
0.000302436
0.000302436
0.000302436
0.000302436
0.000302436
0.000302436
0.000302436
0.000302436
0.000302436
0.000302436
0.000302436
0.000302436
0.000302436
0.000302436
0.000302436
0.000302436
0.000302436
0.000302436
0.000302436
0.000302436
0.000302436
0.000302436
0.000302436
0.000302436
0.000302436
0.000302436
0.000302436
0.000302436
0.000302436
0.000302436
0.000302436
0.000302436
0.000302436
0.000302436
0.000302436
0.000302436
0.000302436
0.000302436
0.000302436
0.000302436
0.000302436
0.000302436
0.000302436
0.000302436
0.000302436
0.000302436
0.000302436
0.000302436
0.000302436
0.000302436
0.000302436
0.000302436
0.000302436
0.000302436
0.000302436
0.000302436
0.000302436
0.000302436
0.000302436
0.000302436
0.000302436
0.000302436
0.000302436
0.000302436
0.000302436
0.000302436
0.000302436
0.000302436
0.000302436
0.000302436
0.000302436
0.000302436
0.000302436
0.000302436
0.000302436
0.000302436
0.000302436
0.000302436
0.000302436
0.000302436
0.000302436
0.000302436
0.000302436
0.000302436
0.000302436
0.000302436
0.000302436
0.000302436
0.000302436
0.000302436
0.000302436
0.000302436
0.000302436
0.000302436
0.000302436
0.000302436
0.000302436
0.000302436
0.000300478
0.000300478
0.000300478
0.000300478
0.000300478
0.000300478
0.000300478
0.000300478
0.000300478
0.000300478
0.000300478
0.000300478
0.000300478
0.000300478
0.000300478
0.000300478
0.000300478
0.000300478
0.000300478
0.000300478
0.000300478
0.000300478
0.000300478
0.000300478
0.000300478
0.000300478
0.000300478
0.000300478
0.000300478
0.000300478
0.000300478
0.000300478
0.000300478
0.000300478
0.000300478
0.000300478
0.000300478
0.000300478
0.000300478
0.000300478
0.000300478
0.000300478
0.000300478
0.000300478
0.000300478
0.000300478
0.000300478
0.000300478
0.000300478
0.000300478
0.000300478
0.000300478
0.000300478
0.000300478
0.000300478
0.000300478
0.000300478
0.000300478
0.000300478
0.000300478
0.000300478
0.000300478
0.000300478
0.000300478
0.000300478
0.000300478
0.000300478
0.000300478
0.000300478
0.000300478
0.000300478
0.000300478
0.000300478
0.000300478
0.000300478
0.000300478
0.000300478
0.000300478
0.000300478
0.000300478
0.000300478
0.000300478
0.000300478
0.000300478
0.000300478
0.000300478
0.000300478
0.000300478
0.000300478
0.000300478
0.000300478
0.000300478
0.000300478
0.000300478
0.000300478
0.000300478
0.000300478
0.000300478
0.000300478
0.000300478
0.000302436
0.000302436
0.000302436
0.000302436
0.000302436
0.000302436
0.000302436
0.000302436
0.000302436
0.000302436
0.000302436
0.000302436
0.000302436
0.000302436
0.000302436
0.000302436
0.000302436
0.000302436
0.000302436
0.000302436
0.000302436
0.000302436
0.000302436
0.000302436
0.000302436
0.000302436
0.000302436
0.000302436
0.000302436
0.000302436
0.000302436
0.000302436
0.000302436
0.000302436
0.000302436
0.000302436
0.000302436
0.000302436
0.000302436
0.000302436
0.000302436
0.000302436
0.000302436
0.000302436
0.000302436
0.000302436
0.000302436
0.000302436
0.000302436
0.000302436
0.000302436
0.000302436
0.000302436
0.000302436
0.000302436
0.000302436
0.000302436
0.000302436
0.000302436
0.000302436
0.000302436
0.000302436
0.000302436
0.000302436
0.000302436
0.000302436
0.000302436
0.000302436
0.000302436
0.000302436
0.000302436
0.000302436
0.000302436
0.000302436
0.000302436
0.000302436
0.000302436
0.000302436
0.000302436
0.000302436
0.000302436
0.000302436
0.000302436
0.000302436
0.000302436
0.000302436
0.000302436
0.000302436
0.000302436
0.000302436
0.000302436
0.000302436
0.000302436
0.000302436
0.000302436
0.000302436
0.000302436
0.000302436
0.000302436
0.000302436
0.000301115
0.000301115
0.000301115
0.000301115
0.000301115
0.000301115
0.000301115
0.000301115
0.000301115
0.000301115
0.000301115
0.000301115
0.000301115
0.000301115
0.000301115
0.000301115
0.000301115
0.000301115
0.000301115
0.000301115
0.000301115
0.000301115
0.000301115
0.000301115
0.000301115
0.000301115
0.000301115
0.000301115
0.000301115
0.000301115
0.000301115
0.000301115
0.000301115
0.000301115
0.000301115
0.000301115
0.000301115
0.000301115
0.000301115
0.000301115
0.000301115
0.000301115
0.000301115
0.000301115
0.000301115
0.000301115
0.000301115
0.000301115
0.000301115
0.000301115
0.000301115
0.000301115
0.000301115
0.000301115
0.000301115
0.000301115
0.000301115
0.000301115
0.000301115
0.000301115
0.000301115
0.000301115
0.000301115
0.000301115
0.000301115
0.000301115
0.000301115
0.000301115
0.000301115
0.000301115
0.000301115
0.000301115
0.000301115
0.000301115
0.000301115
0.000301115
0.000301115
0.000301115
0.000301115
0.000301115
0.000301115
0.000301115
0.000301115
0.000301115
0.000301115
0.000301115
0.000301115
0.000301115
0.000301115
0.000301115
0.000301115
0.000301115
0.000301115
0.000301115
0.000301115
0.000301115
0.000301115
0.000301115
0.000301115
0.000301115
)
;
        source          uniform 0;
        Tnbr            T;
        kappaMethod     solidThermo;
        value           nonuniform List<scalar> 
500
(
351.235
351.243
351.246
351.248
351.248
351.248
351.248
351.246
351.243
351.235
347.783
347.795
347.802
347.806
347.807
347.807
347.805
347.802
347.795
347.783
344.472
344.484
344.492
344.497
344.499
344.499
344.497
344.493
344.485
344.472
341.378
341.39
341.398
341.403
341.405
341.405
341.404
341.399
341.391
341.378
338.573
338.585
338.592
338.597
338.599
338.599
338.598
338.594
338.586
338.573
336.124
336.136
336.143
336.148
336.149
336.149
336.148
336.144
336.136
336.124
334.09
334.101
334.109
334.112
334.113
334.113
334.112
334.108
334.101
334.089
332.517
332.528
332.535
332.538
332.539
332.538
332.537
332.533
332.525
332.514
331.441
331.453
331.46
331.463
331.464
331.463
331.462
331.458
331.45
331.439
330.889
330.901
330.908
330.912
330.913
330.913
330.912
330.908
330.9
330.888
351.235
351.249
351.254
351.258
351.259
351.259
351.259
351.257
351.255
351.252
347.783
347.808
347.82
347.827
347.83
347.832
347.832
347.829
347.825
347.817
344.473
344.5
344.516
344.526
344.531
344.533
344.534
344.531
344.525
344.515
341.379
341.408
341.425
341.435
341.441
341.445
341.445
341.443
341.437
341.426
338.574
338.602
338.619
338.63
338.636
338.64
338.642
338.64
338.635
338.624
336.125
336.152
336.169
336.18
336.187
336.191
336.194
336.193
336.188
336.179
334.09
334.115
334.133
334.144
334.151
334.157
334.16
334.16
334.157
334.149
332.515
332.54
332.558
332.57
332.579
332.585
332.589
332.59
332.587
332.581
331.44
331.465
331.486
331.5
331.508
331.514
331.519
331.52
331.517
331.512
330.889
330.915
330.939
330.954
330.963
330.97
330.974
330.975
330.973
330.967
351.253
351.256
351.257
351.258
351.258
351.258
351.258
351.257
351.256
351.253
347.817
347.822
347.824
347.825
347.826
347.826
347.825
347.824
347.822
347.817
344.513
344.519
344.522
344.524
344.525
344.525
344.524
344.522
344.519
344.513
341.424
341.43
341.434
341.437
341.438
341.438
341.437
341.434
341.43
341.424
338.623
338.629
338.633
338.636
338.638
338.638
338.636
338.633
338.629
338.623
336.178
336.184
336.188
336.192
336.193
336.193
336.19
336.187
336.184
336.178
334.147
334.153
334.158
334.161
334.162
334.162
334.16
334.156
334.153
334.148
332.579
332.585
332.589
332.592
332.593
332.593
332.591
332.588
332.585
332.58
331.51
331.516
331.52
331.523
331.524
331.524
331.521
331.519
331.516
331.512
330.966
330.972
330.976
330.979
330.98
330.98
330.977
330.975
330.972
330.968
351.236
351.249
351.255
351.258
351.259
351.259
351.259
351.257
351.255
351.252
347.784
347.808
347.821
347.828
347.831
347.832
347.832
347.829
347.825
347.817
344.473
344.501
344.517
344.527
344.532
344.534
344.534
344.531
344.525
344.515
341.379
341.407
341.425
341.436
341.442
341.445
341.446
341.443
341.437
341.426
338.574
338.601
338.619
338.63
338.637
338.641
338.642
338.64
338.634
338.624
336.125
336.152
336.168
336.18
336.187
336.192
336.194
336.192
336.187
336.179
334.091
334.116
334.132
334.144
334.152
334.158
334.16
334.159
334.155
334.148
332.517
332.542
332.559
332.571
332.58
332.586
332.589
332.588
332.585
332.58
331.442
331.467
331.486
331.499
331.509
331.515
331.519
331.518
331.515
331.511
330.89
330.915
330.937
330.953
330.963
330.97
330.974
330.973
330.97
330.966
330.89
330.915
330.937
330.952
330.963
330.97
330.974
330.973
330.97
330.966
330.902
330.926
330.944
330.959
330.968
330.975
330.979
330.978
330.976
330.972
330.909
330.933
330.949
330.963
330.972
330.978
330.981
330.981
330.98
330.977
330.913
330.936
330.952
330.965
330.973
330.979
330.982
330.983
330.983
330.98
330.914
330.937
330.953
330.965
330.973
330.978
330.982
330.983
330.984
330.981
330.914
330.938
330.953
330.965
330.973
330.978
330.983
330.984
330.983
330.98
330.913
330.938
330.954
330.966
330.973
330.979
330.982
330.983
330.982
330.978
330.909
330.934
330.952
330.964
330.971
330.976
330.98
330.981
330.979
330.975
330.901
330.927
330.946
330.96
330.968
330.973
330.977
330.979
330.977
330.972
330.889
330.915
330.939
330.954
330.963
330.969
330.974
330.975
330.973
330.967
)
;
    }
}


// ************************************************************************* //
