/*--------------------------------*- C++ -*----------------------------------*\
| =========                 |                                                 |
| \\      /  F ield         | OpenFOAM: The Open Source CFD Toolbox           |
|  \\    /   O peration     | Version:  2412                                  |
|   \\  /    A nd           | Website:  www.openfoam.com                      |
|    \\/     M anipulation  |                                                 |
\*---------------------------------------------------------------------------*/
FoamFile
{
    version     2.0;
    format      ascii;
    arch        "LSB;label=32;scalar=64";
    class       volScalarField;
    location    "2.4/solid";
    object      wallHeatFlux;
}
// * * * * * * * * * * * * * * * * * * * * * * * * * * * * * * * * * * * * * //

dimensions      [1 0 -3 0 0 0 0];

internalField   uniform 0;

boundaryField
{
    bodyBottom
    {
        type            calculated;
        value           nonuniform List<scalar> 
100
(
359980
358750
358135
357725
357725
357725
357930
358135
358750
359980
357930
357315
356905
356700
356700
356700
356700
356905
357315
358135
357110
356495
356290
356085
356085
356085
356085
356290
356495
357110
356495
356085
355880
355880
355880
355880
355880
355880
356085
356495
356290
355880
355675
355675
355675
355675
355675
355675
355880
356290
356085
355675
355675
355470
355470
355470
355470
355675
355675
356085
356290
355675
355675
355470
355470
355470
355470
355675
355675
356290
356290
355880
355675
355675
355470
355470
355675
355675
355880
356290
356700
356085
355880
355880
355880
355880
355880
355880
356085
356700
357315
356700
356495
356495
356290
356290
356495
356495
356700
357315
)
;
    }
    solid_to_fluid
    {
        type            calculated;
        value           nonuniform List<scalar> 
500
(
-1845
-1435
-1435
-1435
-1435
-1435
-1230
-1435
-1435
-1845
-2460
-2050
-1845
-1640
-1845
-1640
-1845
-1845
-2050
-2255
-2460
-2460
-2255
-2050
-2050
-2050
-2050
-2050
-2255
-2460
-2460
-2460
-2255
-2255
-2050
-2255
-2050
-2255
-2460
-2665
-2460
-2255
-2255
-2255
-2050
-2050
-2050
-2050
-2255
-2460
-2460
-2255
-2255
-2050
-2050
-2050
-2050
-2050
-2255
-2460
-2255
-2255
-2050
-2050
-2050
-2050
-2050
-2050
-2050
-2255
-2255
-2050
-2050
-2050
-1845
-1845
-2050
-2050
-2255
-2255
-2460
-2050
-2050
-2050
-2050
-2050
-2050
-2050
-2255
-2255
-2460
-2255
-2255
-2255
-2255
-2255
-2255
-2255
-2460
-2460
-1845
-820
-820
-615
-615
-820
-615
-1025
-1025
-1025
-2255
-820
-615
-615
-615
-615
-615
-820
-820
-1025
-2255
-1230
-820
-615
-615
-615
-615
-820
-820
-1025
-2460
-1025
-820
-820
-615
-615
-820
-820
-820
-1230
-2255
-1025
-820
-820
-820
-820
-820
-820
-820
-1230
-2255
-1025
-820
-820
-820
-820
-820
-820
-1025
-1230
-2050
-1230
-820
-820
-820
-820
-820
-1025
-820
-1230
-2050
-1230
-820
-820
-820
-820
-820
-820
-1025
-1025
-2050
-1435
-820
-820
-820
-820
-820
-820
-1025
-1025
-2255
-1640
-1025
-1025
-1025
-820
-1025
-1025
-1025
-1230
-820
-820
-820
-615
-820
-820
-615
-820
-820
-820
-1025
-1025
-1230
-1230
-1025
-1025
-1230
-1025
-1025
-1025
-1435
-1435
-1435
-1435
-1435
-1435
-1435
-1435
-1435
-1435
-1640
-1435
-1435
-1435
-1435
-1435
-1435
-1435
-1435
-1640
-1435
-1435
-1435
-1435
-1230
-1230
-1230
-1230
-1435
-1435
-1435
-1230
-1435
-1230
-1025
-1025
-1230
-1230
-1230
-1435
-1435
-1435
-1230
-1230
-1025
-1025
-1025
-1230
-1435
-1435
-1230
-1230
-1230
-1025
-1025
-820
-1025
-1025
-1230
-1230
-1230
-1025
-1025
-1025
-820
-820
-1025
-1025
-1230
-1025
-1230
-1025
-1230
-1025
-1025
-820
-1230
-1025
-1230
-1025
-1640
-1025
-615
-615
-615
-820
-615
-1025
-1025
-1025
-2255
-1025
-615
-615
-615
-615
-615
-820
-820
-1025
-2255
-1025
-820
-615
-615
-615
-615
-820
-1025
-1025
-2255
-1230
-820
-615
-615
-615
-615
-820
-820
-1230
-2255
-1230
-820
-820
-615
-820
-820
-820
-1025
-1230
-2255
-1025
-820
-820
-820
-820
-820
-820
-1025
-1230
-2050
-1230
-1025
-820
-820
-820
-1025
-820
-1025
-1230
-2255
-1230
-820
-1025
-820
-820
-1025
-1025
-1025
-1025
-2255
-1230
-820
-820
-820
-820
-820
-820
-1025
-1025
-2255
-1845
-1230
-1025
-1025
-1025
-1025
-1025
-1230
-1230
-2255
-1845
-1230
-1230
-1025
-1025
-1025
-1025
-1230
-1230
-2050
-1435
-1025
-820
-820
-820
-820
-820
-1025
-1025
-2050
-1025
-820
-820
-820
-820
-820
-820
-820
-1025
-2050
-1025
-820
-820
-820
-820
-820
-820
-820
-820
-2050
-1025
-820
-820
-820
-820
-820
-820
-820
-820
-2050
-1025
-1025
-820
-820
-820
-615
-820
-820
-820
-2050
-1025
-820
-820
-820
-615
-820
-820
-820
-1025
-2050
-1025
-820
-820
-820
-820
-615
-820
-1025
-1025
-2255
-1230
-1025
-820
-820
-820
-1025
-820
-1025
-1230
-2255
-1640
-1025
-1025
-1025
-1025
-1025
-1025
-1025
-1230
)
;
    }
}


// ************************************************************************* //
