/*--------------------------------*- C++ -*----------------------------------*\
| =========                 |                                                 |
| \\      /  F ield         | OpenFOAM: The Open Source CFD Toolbox           |
|  \\    /   O peration     | Version:  2412                                  |
|   \\  /    A nd           | Website:  www.openfoam.com                      |
|    \\/     M anipulation  |                                                 |
\*---------------------------------------------------------------------------*/
FoamFile
{
    version     2.0;
    format      ascii;
    arch        "LSB;label=32;scalar=64";
    class       volScalarField;
    location    "2.8/solid";
    object      T;
}
// * * * * * * * * * * * * * * * * * * * * * * * * * * * * * * * * * * * * * //

dimensions      [0 0 0 1 0 0 0];

internalField   nonuniform List<scalar> 
1000
(
351.566
351.575
351.58
351.583
351.584
351.584
351.584
351.583
351.582
351.579
351.572
351.579
351.583
351.585
351.586
351.587
351.587
351.586
351.584
351.582
351.575
351.581
351.584
351.586
351.587
351.587
351.587
351.587
351.586
351.583
351.576
351.582
351.584
351.586
351.587
351.588
351.588
351.587
351.586
351.583
351.577
351.582
351.585
351.586
351.587
351.588
351.588
351.588
351.586
351.583
351.577
351.582
351.585
351.586
351.587
351.588
351.588
351.588
351.586
351.583
351.576
351.582
351.584
351.586
351.587
351.588
351.588
351.587
351.586
351.583
351.575
351.581
351.584
351.586
351.587
351.587
351.587
351.587
351.586
351.583
351.572
351.579
351.583
351.585
351.586
351.587
351.587
351.586
351.584
351.582
351.566
351.575
351.58
351.583
351.584
351.584
351.584
351.583
351.582
351.579
348.751
348.769
348.781
348.788
348.791
348.793
348.793
348.791
348.787
348.78
348.762
348.775
348.785
348.791
348.794
348.796
348.796
348.794
348.791
348.785
348.768
348.78
348.787
348.792
348.796
348.797
348.798
348.796
348.793
348.787
348.771
348.782
348.789
348.794
348.797
348.798
348.799
348.798
348.795
348.789
348.773
348.783
348.79
348.794
348.797
348.799
348.799
348.798
348.795
348.789
348.772
348.783
348.79
348.794
348.797
348.799
348.799
348.798
348.795
348.789
348.771
348.782
348.789
348.794
348.797
348.798
348.799
348.798
348.795
348.789
348.768
348.779
348.787
348.793
348.796
348.797
348.798
348.796
348.793
348.787
348.761
348.775
348.784
348.79
348.794
348.796
348.796
348.794
348.791
348.785
348.75
348.769
348.78
348.787
348.791
348.793
348.793
348.791
348.787
348.78
346.051
346.074
346.089
346.099
346.104
346.107
346.107
346.105
346.099
346.09
346.064
346.081
346.094
346.102
346.107
346.11
346.11
346.108
346.104
346.095
346.071
346.086
346.097
346.104
346.109
346.112
346.112
346.111
346.107
346.099
346.076
346.09
346.099
346.106
346.11
346.113
346.114
346.113
346.109
346.101
346.077
346.091
346.1
346.107
346.111
346.113
346.115
346.113
346.109
346.102
346.077
346.09
346.1
346.107
346.111
346.113
346.115
346.113
346.109
346.102
346.076
346.089
346.099
346.106
346.11
346.113
346.114
346.112
346.109
346.101
346.071
346.086
346.097
346.104
346.109
346.112
346.112
346.11
346.106
346.099
346.064
346.081
346.093
346.101
346.107
346.11
346.11
346.108
346.104
346.095
346.051
346.073
346.088
346.098
346.103
346.106
346.107
346.104
346.099
346.09
343.53
343.553
343.57
343.581
343.588
343.591
343.592
343.59
343.584
343.574
343.542
343.56
343.575
343.585
343.591
343.595
343.596
343.594
343.589
343.58
343.55
343.566
343.578
343.587
343.593
343.597
343.598
343.596
343.592
343.584
343.555
343.57
343.581
343.589
343.594
343.598
343.599
343.598
343.594
343.587
343.557
343.571
343.582
343.59
343.595
343.599
343.6
343.599
343.595
343.588
343.557
343.571
343.582
343.59
343.595
343.599
343.6
343.599
343.595
343.588
343.555
343.57
343.581
343.589
343.595
343.598
343.599
343.598
343.594
343.587
343.551
343.567
343.579
343.588
343.593
343.596
343.598
343.596
343.592
343.584
343.543
343.561
343.575
343.585
343.591
343.594
343.596
343.594
343.589
343.58
343.53
343.553
343.57
343.581
343.587
343.591
343.592
343.59
343.584
343.574
341.243
341.267
341.284
341.296
341.304
341.308
341.31
341.308
341.302
341.293
341.255
341.274
341.289
341.3
341.307
341.312
341.313
341.312
341.307
341.299
341.263
341.279
341.292
341.303
341.309
341.313
341.315
341.314
341.31
341.303
341.268
341.283
341.295
341.305
341.311
341.315
341.317
341.316
341.313
341.306
341.27
341.285
341.297
341.306
341.311
341.315
341.318
341.317
341.314
341.308
341.27
341.285
341.297
341.306
341.311
341.315
341.318
341.317
341.314
341.307
341.269
341.284
341.296
341.305
341.311
341.315
341.317
341.317
341.313
341.306
341.264
341.281
341.294
341.303
341.31
341.313
341.315
341.314
341.31
341.303
341.257
341.275
341.29
341.3
341.307
341.311
341.313
341.311
341.307
341.299
341.244
341.267
341.285
341.296
341.303
341.308
341.31
341.308
341.302
341.293
339.248
339.271
339.288
339.301
339.309
339.314
339.317
339.315
339.31
339.302
339.26
339.278
339.293
339.304
339.312
339.318
339.32
339.318
339.315
339.308
339.268
339.284
339.296
339.307
339.315
339.32
339.322
339.321
339.319
339.313
339.272
339.287
339.299
339.31
339.317
339.321
339.324
339.324
339.321
339.316
339.274
339.288
339.3
339.31
339.317
339.321
339.324
339.324
339.322
339.317
339.274
339.289
339.301
339.31
339.317
339.321
339.324
339.324
339.322
339.317
339.273
339.288
339.3
339.31
339.316
339.321
339.324
339.324
339.321
339.315
339.268
339.284
339.298
339.308
339.315
339.319
339.322
339.321
339.318
339.312
339.26
339.279
339.294
339.305
339.312
339.317
339.319
339.319
339.315
339.308
339.248
339.271
339.289
339.301
339.308
339.314
339.316
339.315
339.311
339.302
337.59
337.612
337.629
337.643
337.652
337.658
337.661
337.659
337.655
337.649
337.602
337.62
337.634
337.646
337.655
337.661
337.664
337.663
337.66
337.655
337.609
337.625
337.638
337.65
337.658
337.664
337.666
337.666
337.664
337.659
337.613
337.628
337.64
337.652
337.66
337.665
337.668
337.668
337.667
337.662
337.615
337.629
337.641
337.652
337.66
337.665
337.668
337.669
337.667
337.663
337.615
337.629
337.641
337.652
337.659
337.665
337.668
337.669
337.667
337.663
337.613
337.628
337.641
337.651
337.659
337.664
337.668
337.668
337.666
337.661
337.609
337.625
337.638
337.649
337.657
337.662
337.666
337.666
337.663
337.658
337.601
337.619
337.635
337.646
337.654
337.66
337.663
337.663
337.661
337.655
337.589
337.612
337.63
337.642
337.65
337.657
337.66
337.66
337.657
337.649
336.307
336.329
336.347
336.361
336.371
336.377
336.381
336.38
336.377
336.371
336.319
336.337
336.352
336.365
336.375
336.381
336.385
336.384
336.382
336.377
336.326
336.342
336.356
336.368
336.378
336.384
336.387
336.386
336.386
336.382
336.33
336.345
336.358
336.371
336.379
336.385
336.388
336.389
336.388
336.385
336.331
336.346
336.359
336.371
336.379
336.385
336.388
336.39
336.389
336.386
336.33
336.345
336.359
336.371
336.378
336.385
336.389
336.39
336.389
336.385
336.329
336.344
336.358
336.37
336.378
336.384
336.389
336.389
336.387
336.383
336.325
336.341
336.355
336.368
336.376
336.382
336.386
336.386
336.385
336.38
336.317
336.335
336.351
336.364
336.373
336.379
336.384
336.384
336.382
336.377
336.305
336.328
336.346
336.36
336.37
336.377
336.381
336.381
336.378
336.372
335.429
335.452
335.472
335.487
335.497
335.505
335.509
335.508
335.505
335.5
335.441
335.46
335.477
335.491
335.502
335.509
335.512
335.512
335.51
335.506
335.449
335.466
335.481
335.495
335.505
335.511
335.515
335.515
335.514
335.511
335.453
335.47
335.485
335.498
335.507
335.513
335.516
335.517
335.517
335.514
335.454
335.471
335.485
335.498
335.507
335.513
335.517
335.518
335.518
335.514
335.453
335.471
335.486
335.498
335.506
335.513
335.517
335.518
335.517
335.514
335.452
335.47
335.486
335.498
335.506
335.512
335.517
335.517
335.516
335.512
335.447
335.466
335.483
335.496
335.504
335.51
335.514
335.514
335.513
335.509
335.439
335.459
335.477
335.492
335.501
335.507
335.512
335.513
335.511
335.506
335.427
335.451
335.472
335.487
335.497
335.504
335.508
335.509
335.507
335.501
334.976
335.002
335.024
335.041
335.052
335.06
335.064
335.064
335.061
335.056
334.989
335.012
335.031
335.047
335.057
335.065
335.069
335.069
335.066
335.062
334.997
335.019
335.036
335.051
335.061
335.068
335.072
335.072
335.071
335.067
335.002
335.023
335.04
335.054
335.063
335.07
335.073
335.074
335.074
335.07
335.003
335.024
335.041
335.054
335.063
335.07
335.074
335.075
335.075
335.071
335.003
335.024
335.042
335.055
335.063
335.07
335.074
335.075
335.074
335.071
335.002
335.024
335.041
335.055
335.063
335.069
335.074
335.074
335.073
335.069
334.997
335.019
335.038
335.052
335.061
335.067
335.071
335.072
335.07
335.066
334.988
335.012
335.033
335.048
335.057
335.063
335.068
335.069
335.067
335.062
334.975
335.001
335.025
335.042
335.052
335.06
335.064
335.065
335.063
335.057
)
;

boundaryField
{
    bodyBottom
    {
        type            fixedValue;
        value           uniform 353;
    }
    solid_to_fluid
    {
        type            compressible::turbulentTemperatureCoupledBaffleMixed;
        refValue        nonuniform List<scalar> 
500
(
322.156
326.604
328.528
329.65
330.207
330.207
329.65
328.528
326.604
322.157
311.34
315.811
319.492
321.461
322.323
322.323
321.461
319.492
315.812
311.34
306.47
309.822
312.646
314.148
314.804
314.804
314.148
312.646
309.822
306.47
305.036
307.961
310.364
311.585
312.103
312.103
311.585
310.364
307.961
305.036
304.446
307.219
309.458
310.567
311.037
311.037
310.567
309.458
307.219
304.446
304.192
306.922
309.126
310.201
310.658
310.658
310.201
309.126
306.922
304.192
303.947
306.602
308.769
309.808
310.248
310.248
309.808
308.768
306.602
303.947
303.347
305.782
307.794
308.737
309.128
309.127
308.737
307.794
305.782
303.346
302.139
304.151
305.844
306.629
306.949
306.949
306.628
305.843
304.15
302.138
300.674
302.134
303.389
303.951
304.171
304.171
303.951
303.388
302.133
300.673
323.222
337.021
339.848
342.674
341.362
340.892
339.785
338.516
337.197
336.096
314.312
335.42
339.79
341.843
341.251
340.687
339.48
337.987
336.438
334.266
309.856
331.487
337.719
339.5
339.07
338.713
337.654
336.313
334.648
330.271
308.28
329.584
335.451
336.812
336.554
336.542
335.639
334.588
332.853
327.245
307.495
328.022
333.083
334.26
333.963
334.128
333.387
332.66
330.983
325.542
307.05
326.67
331.158
332.211
331.904
332.096
331.46
330.912
329.459
324.551
306.667
325.204
329.655
330.53
330.272
330.434
329.836
329.292
328.205
324.015
306.062
323.489
328.72
329.53
329.369
329.274
328.761
328.111
327.153
323.852
305.058
320.577
327.68
328.5
328.596
328.229
327.846
327.181
325.883
323.712
303.7
313.891
323.983
326.567
326.385
326.97
326.698
325.646
324.525
322.657
340.231
340.563
340.111
339.74
339.592
339.635
339.817
340.197
340.634
340.256
331.844
332.675
332.069
331.335
330.949
331.047
331.491
332.24
332.812
331.925
324.383
325.202
324.746
324.379
324.575
324.653
324.531
324.922
325.349
324.476
321.572
322.658
322.821
323.395
324.628
324.698
323.59
323.044
322.832
321.675
320.944
322.295
322.83
323.952
325.764
325.846
324.201
323.097
322.48
321.039
320.8
322.309
323.13
324.657
326.831
326.93
324.961
323.445
322.511
320.896
321.075
322.646
323.624
325.347
327.611
327.725
325.675
323.962
322.851
321.165
321.768
323.26
324.189
325.855
327.884
327.987
326.16
324.511
323.443
321.836
322.804
323.948
324.509
325.841
327.613
327.74
326.094
324.773
324.077
322.822
323.358
323.79
323.671
324.489
325.988
326.107
324.697
323.867
323.849
323.309
323.222
337.022
339.85
342.674
341.361
340.886
339.774
338.502
337.184
336.099
314.312
335.424
339.795
341.846
341.256
340.689
339.478
337.981
336.434
334.268
309.856
331.494
337.73
339.514
339.087
338.728
337.667
336.32
334.653
330.276
308.28
329.594
335.468
336.836
336.581
336.565
335.662
334.606
332.875
327.251
307.495
328.035
333.106
334.29
333.997
334.16
333.418
332.686
331.015
325.558
307.05
326.683
331.183
332.242
331.94
332.131
331.495
330.944
329.497
324.576
306.667
325.216
329.68
330.564
330.311
330.472
329.875
329.329
328.247
324.051
306.063
323.5
328.745
329.568
329.413
329.318
328.805
328.154
327.2
323.905
305.058
320.578
327.696
328.538
328.646
328.286
327.905
327.247
325.948
323.778
303.7
313.886
323.951
326.578
326.421
327.008
326.776
325.729
324.588
322.744
303.762
314.182
322.949
324.833
325.129
325.727
325.897
325.451
324.495
322.46
305.139
321.35
327.45
328.693
328.67
328.695
328.531
327.937
326.625
324.236
306.121
324.35
328.818
330.118
330.051
329.813
329.405
328.719
327.45
325.389
306.597
325.464
328.347
329.669
329.882
329.89
329.63
329.123
328.427
326.315
306.805
326.293
327.864
329.044
329.508
329.71
329.699
329.573
329.343
327.5
306.803
326.271
327.881
329.069
329.526
329.71
329.691
329.554
329.318
327.515
306.595
325.469
328.403
329.74
329.934
329.934
329.651
329.112
328.397
326.337
306.118
324.34
328.841
330.119
330.042
329.801
329.386
328.693
327.416
325.376
305.136
321.309
327.398
328.637
328.621
328.653
328.49
327.9
326.587
324.166
303.759
314.153
322.853
324.783
325.088
325.69
325.845
325.395
324.439
322.399
)
;
        refGradient     uniform 0;
        valueFraction   nonuniform List<scalar> 
500
(
0.000301416
0.000301416
0.000301416
0.000301416
0.000301416
0.000301416
0.000301416
0.000301416
0.000301416
0.000301416
0.000301416
0.000301416
0.000301416
0.000301416
0.000301416
0.000301416
0.000301416
0.000301416
0.000301416
0.000301416
0.000301416
0.000301416
0.000301416
0.000301416
0.000301416
0.000301416
0.000301416
0.000301416
0.000301416
0.000301416
0.000301416
0.000301416
0.000301416
0.000301416
0.000301416
0.000301416
0.000301416
0.000301416
0.000301416
0.000301416
0.000301416
0.000301416
0.000301416
0.000301416
0.000301416
0.000301416
0.000301416
0.000301416
0.000301416
0.000301416
0.000301416
0.000301416
0.000301416
0.000301416
0.000301416
0.000301416
0.000301416
0.000301416
0.000301416
0.000301416
0.000301416
0.000301416
0.000301416
0.000301416
0.000301416
0.000301416
0.000301416
0.000301416
0.000301416
0.000301416
0.000301416
0.000301416
0.000301416
0.000301416
0.000301416
0.000301416
0.000301416
0.000301416
0.000301416
0.000301416
0.000301416
0.000301416
0.000301416
0.000301416
0.000301416
0.000301416
0.000301416
0.000301416
0.000301416
0.000301416
0.000301416
0.000301416
0.000301416
0.000301416
0.000301416
0.000301416
0.000301416
0.000301416
0.000301416
0.000301416
0.000302436
0.000302436
0.000302436
0.000302436
0.000302436
0.000302436
0.000302436
0.000302436
0.000302436
0.000302436
0.000302436
0.000302436
0.000302436
0.000302436
0.000302436
0.000302436
0.000302436
0.000302436
0.000302436
0.000302436
0.000302436
0.000302436
0.000302436
0.000302436
0.000302436
0.000302436
0.000302436
0.000302436
0.000302436
0.000302436
0.000302436
0.000302436
0.000302436
0.000302436
0.000302436
0.000302436
0.000302436
0.000302436
0.000302436
0.000302436
0.000302436
0.000302436
0.000302436
0.000302436
0.000302436
0.000302436
0.000302436
0.000302436
0.000302436
0.000302436
0.000302436
0.000302436
0.000302436
0.000302436
0.000302436
0.000302436
0.000302436
0.000302436
0.000302436
0.000302436
0.000302436
0.000302436
0.000302436
0.000302436
0.000302436
0.000302436
0.000302436
0.000302436
0.000302436
0.000302436
0.000302436
0.000302436
0.000302436
0.000302436
0.000302436
0.000302436
0.000302436
0.000302436
0.000302436
0.000302436
0.000302436
0.000302436
0.000302436
0.000302436
0.000302436
0.000302436
0.000302436
0.000302436
0.000302436
0.000302436
0.000302436
0.000302436
0.000302436
0.000302436
0.000302436
0.000302436
0.000302436
0.000302436
0.000302436
0.000302436
0.000300478
0.000300478
0.000300478
0.000300478
0.000300478
0.000300478
0.000300478
0.000300478
0.000300478
0.000300478
0.000300478
0.000300478
0.000300478
0.000300478
0.000300478
0.000300478
0.000300478
0.000300478
0.000300478
0.000300478
0.000300478
0.000300478
0.000300478
0.000300478
0.000300478
0.000300478
0.000300478
0.000300478
0.000300478
0.000300478
0.000300478
0.000300478
0.000300478
0.000300478
0.000300478
0.000300478
0.000300478
0.000300478
0.000300478
0.000300478
0.000300478
0.000300478
0.000300478
0.000300478
0.000300478
0.000300478
0.000300478
0.000300478
0.000300478
0.000300478
0.000300478
0.000300478
0.000300478
0.000300478
0.000300478
0.000300478
0.000300478
0.000300478
0.000300478
0.000300478
0.000300478
0.000300478
0.000300478
0.000300478
0.000300478
0.000300478
0.000300478
0.000300478
0.000300478
0.000300478
0.000300478
0.000300478
0.000300478
0.000300478
0.000300478
0.000300478
0.000300478
0.000300478
0.000300478
0.000300478
0.000300478
0.000300478
0.000300478
0.000300478
0.000300478
0.000300478
0.000300478
0.000300478
0.000300478
0.000300478
0.000300478
0.000300478
0.000300478
0.000300478
0.000300478
0.000300478
0.000300478
0.000300478
0.000300478
0.000300478
0.000302436
0.000302436
0.000302436
0.000302436
0.000302436
0.000302436
0.000302436
0.000302436
0.000302436
0.000302436
0.000302436
0.000302436
0.000302436
0.000302436
0.000302436
0.000302436
0.000302436
0.000302436
0.000302436
0.000302436
0.000302436
0.000302436
0.000302436
0.000302436
0.000302436
0.000302436
0.000302436
0.000302436
0.000302436
0.000302436
0.000302436
0.000302436
0.000302436
0.000302436
0.000302436
0.000302436
0.000302436
0.000302436
0.000302436
0.000302436
0.000302436
0.000302436
0.000302436
0.000302436
0.000302436
0.000302436
0.000302436
0.000302436
0.000302436
0.000302436
0.000302436
0.000302436
0.000302436
0.000302436
0.000302436
0.000302436
0.000302436
0.000302436
0.000302436
0.000302436
0.000302436
0.000302436
0.000302436
0.000302436
0.000302436
0.000302436
0.000302436
0.000302436
0.000302436
0.000302436
0.000302436
0.000302436
0.000302436
0.000302436
0.000302436
0.000302436
0.000302436
0.000302436
0.000302436
0.000302436
0.000302436
0.000302436
0.000302436
0.000302436
0.000302436
0.000302436
0.000302436
0.000302436
0.000302436
0.000302436
0.000302436
0.000302436
0.000302436
0.000302436
0.000302436
0.000302436
0.000302436
0.000302436
0.000302436
0.000302436
0.000301115
0.000301115
0.000301115
0.000301115
0.000301115
0.000301115
0.000301115
0.000301115
0.000301115
0.000301115
0.000301115
0.000301115
0.000301115
0.000301115
0.000301115
0.000301115
0.000301115
0.000301115
0.000301115
0.000301115
0.000301115
0.000301115
0.000301115
0.000301115
0.000301115
0.000301115
0.000301115
0.000301115
0.000301115
0.000301115
0.000301115
0.000301115
0.000301115
0.000301115
0.000301115
0.000301115
0.000301115
0.000301115
0.000301115
0.000301115
0.000301115
0.000301115
0.000301115
0.000301115
0.000301115
0.000301115
0.000301115
0.000301115
0.000301115
0.000301115
0.000301115
0.000301115
0.000301115
0.000301115
0.000301115
0.000301115
0.000301115
0.000301115
0.000301115
0.000301115
0.000301115
0.000301115
0.000301115
0.000301115
0.000301115
0.000301115
0.000301115
0.000301115
0.000301115
0.000301115
0.000301115
0.000301115
0.000301115
0.000301115
0.000301115
0.000301115
0.000301115
0.000301115
0.000301115
0.000301115
0.000301115
0.000301115
0.000301115
0.000301115
0.000301115
0.000301115
0.000301115
0.000301115
0.000301115
0.000301115
0.000301115
0.000301115
0.000301115
0.000301115
0.000301115
0.000301115
0.000301115
0.000301115
0.000301115
0.000301115
)
;
        source          uniform 0;
        Tnbr            T;
        kappaMethod     solidThermo;
        value           nonuniform List<scalar> 
500
(
351.557
351.564
351.568
351.569
351.57
351.57
351.569
351.568
351.564
351.557
348.739
348.751
348.758
348.763
348.764
348.764
348.762
348.758
348.751
348.739
346.039
346.052
346.06
346.065
346.067
346.067
346.065
346.061
346.052
346.039
343.517
343.53
343.539
343.544
343.546
343.546
343.544
343.54
343.531
343.517
341.231
341.244
341.252
341.258
341.26
341.26
341.258
341.254
341.245
341.232
339.236
339.249
339.257
339.262
339.264
339.264
339.262
339.258
339.249
339.236
337.578
337.591
337.599
337.603
337.605
337.605
337.603
337.599
337.59
337.577
336.295
336.308
336.316
336.32
336.321
336.32
336.319
336.314
336.306
336.293
335.417
335.43
335.438
335.442
335.443
335.443
335.441
335.437
335.428
335.415
334.964
334.977
334.986
334.991
334.992
334.992
334.99
334.986
334.976
334.963
351.557
351.57
351.576
351.58
351.581
351.581
351.581
351.579
351.577
351.574
348.74
348.764
348.777
348.785
348.788
348.79
348.789
348.787
348.782
348.775
346.04
346.068
346.085
346.095
346.1
346.103
346.104
346.101
346.095
346.084
343.518
343.548
343.567
343.578
343.584
343.588
343.589
343.586
343.58
343.568
341.233
341.262
341.281
341.293
341.3
341.304
341.306
341.304
341.298
341.287
339.237
339.266
339.285
339.297
339.305
339.31
339.312
339.311
339.306
339.296
337.578
337.606
337.625
337.638
337.647
337.653
337.656
337.656
337.652
337.643
336.294
336.322
336.342
336.356
336.366
336.373
336.377
336.377
336.374
336.366
335.416
335.444
335.467
335.483
335.493
335.5
335.504
335.505
335.502
335.496
334.964
334.993
335.02
335.037
335.048
335.055
335.06
335.06
335.057
335.051
351.575
351.578
351.579
351.58
351.58
351.58
351.58
351.579
351.578
351.575
348.774
348.779
348.782
348.783
348.783
348.783
348.783
348.782
348.779
348.774
346.083
346.088
346.092
346.094
346.095
346.095
346.094
346.092
346.088
346.083
343.567
343.573
343.577
343.58
343.581
343.581
343.58
343.577
343.573
343.567
341.286
341.292
341.296
341.3
341.302
341.302
341.3
341.296
341.292
341.286
339.295
339.302
339.306
339.31
339.312
339.311
339.309
339.305
339.302
339.295
337.642
337.649
337.653
337.657
337.659
337.658
337.656
337.652
337.649
337.643
336.365
336.371
336.376
336.38
336.381
336.381
336.378
336.375
336.372
336.366
335.495
335.501
335.505
335.509
335.51
335.51
335.507
335.504
335.501
335.495
335.051
335.057
335.061
335.065
335.066
335.066
335.064
335.06
335.057
335.051
351.557
351.571
351.576
351.58
351.581
351.581
351.581
351.579
351.577
351.574
348.74
348.765
348.778
348.785
348.788
348.79
348.789
348.787
348.782
348.775
346.04
346.069
346.086
346.096
346.101
346.104
346.104
346.101
346.095
346.084
343.518
343.548
343.567
343.578
343.585
343.588
343.589
343.586
343.58
343.568
341.232
341.262
341.281
341.293
341.3
341.305
341.306
341.304
341.298
341.287
339.237
339.266
339.284
339.297
339.305
339.311
339.313
339.311
339.305
339.296
337.579
337.607
337.625
337.639
337.648
337.654
337.657
337.655
337.651
337.643
336.296
336.324
336.343
336.357
336.367
336.374
336.377
336.376
336.372
336.366
335.418
335.446
335.467
335.483
335.494
335.501
335.504
335.504
335.5
335.495
334.965
334.993
335.019
335.036
335.048
335.056
335.06
335.059
335.056
335.05
334.965
334.993
335.018
335.036
335.047
335.055
335.06
335.059
335.056
335.05
334.978
335.006
335.027
335.043
335.054
335.061
335.065
335.065
335.062
335.057
334.987
335.013
335.032
335.048
335.058
335.065
335.068
335.068
335.066
335.062
334.991
335.018
335.036
335.05
335.06
335.066
335.07
335.07
335.07
335.065
334.993
335.019
335.037
335.051
335.06
335.066
335.07
335.071
335.071
335.067
334.993
335.02
335.037
335.051
335.06
335.066
335.071
335.072
335.071
335.066
334.991
335.019
335.037
335.051
335.06
335.066
335.07
335.071
335.069
335.064
334.986
335.014
335.034
335.049
335.058
335.063
335.067
335.068
335.066
335.061
334.977
335.006
335.028
335.044
335.053
335.06
335.064
335.065
335.063
335.057
334.964
334.993
335.02
335.037
335.047
335.055
335.06
335.06
335.057
335.051
)
;
    }
}


// ************************************************************************* //
