/*--------------------------------*- C++ -*----------------------------------*\
| =========                 |                                                 |
| \\      /  F ield         | OpenFOAM: The Open Source CFD Toolbox           |
|  \\    /   O peration     | Version:  2412                                  |
|   \\  /    A nd           | Website:  www.openfoam.com                      |
|    \\/     M anipulation  |                                                 |
\*---------------------------------------------------------------------------*/
FoamFile
{
    version     2.0;
    format      ascii;
    arch        "LSB;label=32;scalar=64";
    class       volScalarField;
    location    "2.8/solid";
    object      wallHeatFlux;
}
// * * * * * * * * * * * * * * * * * * * * * * * * * * * * * * * * * * * * * //

dimensions      [1 0 -3 0 0 0 0];

internalField   uniform 0;

boundaryField
{
    bodyBottom
    {
        type            calculated;
        value           nonuniform List<scalar> 
100
(
293970
292740
292125
291920
291715
291715
291920
292125
292740
293970
292125
291305
290895
290690
290690
290690
290690
290895
291305
292125
291100
290485
290280
290280
290075
290075
290280
290280
290485
291100
290485
290075
289870
289870
289870
289870
289870
289870
290075
290485
290280
289870
289665
289665
289665
289665
289665
289665
289870
290280
290280
289665
289665
289460
289460
289460
289460
289665
289665
290280
290280
289665
289665
289460
289460
289460
289460
289665
289665
290280
290485
289870
289665
289665
289460
289460
289665
289665
289870
290485
290690
290280
289870
289870
289870
289870
289870
289870
290280
290690
291305
290690
290485
290485
290485
290485
290485
290485
290690
291305
)
;
    }
    solid_to_fluid
    {
        type            calculated;
        value           nonuniform List<scalar> 
500
(
-1845
-1640
-1435
-1435
-1435
-1435
-1435
-1435
-1640
-1845
-2460
-2255
-2050
-1640
-1845
-1640
-1845
-2050
-2050
-2255
-2460
-2460
-2255
-2255
-2050
-2050
-2255
-2050
-2460
-2460
-2665
-2460
-2255
-2255
-2255
-2255
-2255
-2255
-2460
-2665
-2460
-2255
-2255
-2050
-2050
-2050
-2255
-2050
-2460
-2460
-2460
-2255
-2255
-2050
-2050
-2050
-2255
-2050
-2255
-2460
-2460
-2255
-2050
-2050
-2050
-2050
-2050
-2050
-2255
-2460
-2460
-2255
-2050
-2050
-2050
-2050
-2050
-2255
-2255
-2460
-2460
-2255
-2255
-2255
-2255
-2050
-2255
-2050
-2255
-2460
-2460
-2460
-2255
-2255
-2255
-2255
-2460
-2255
-2460
-2460
-1845
-1025
-820
-615
-615
-615
-615
-820
-1025
-1025
-2050
-1025
-615
-410
-615
-615
-820
-820
-1025
-1025
-2255
-1025
-615
-615
-615
-615
-615
-615
-820
-1230
-2460
-1025
-615
-615
-615
-615
-615
-820
-820
-1230
-2255
-1025
-820
-615
-615
-820
-820
-820
-820
-1230
-2255
-1025
-820
-820
-615
-820
-820
-820
-1025
-1230
-2255
-1230
-1025
-820
-615
-820
-820
-820
-1025
-1230
-2255
-1230
-820
-820
-820
-820
-820
-820
-820
-1230
-2255
-1435
-1025
-820
-820
-820
-820
-820
-1025
-1025
-2255
-1640
-1025
-1025
-820
-1025
-820
-1025
-1230
-1230
-820
-820
-820
-615
-615
-615
-615
-820
-820
-820
-1230
-1230
-1025
-1230
-1230
-1230
-1230
-1025
-1230
-1230
-1435
-1435
-1435
-1435
-1435
-1435
-1435
-1435
-1435
-1435
-1435
-1435
-1435
-1435
-1435
-1435
-1435
-1435
-1435
-1435
-1435
-1435
-1435
-1230
-1230
-1025
-1230
-1435
-1435
-1435
-1435
-1230
-1435
-1230
-1025
-1230
-1230
-1435
-1230
-1435
-1435
-1230
-1230
-1025
-820
-1025
-1025
-1230
-1230
-1230
-1230
-1230
-1230
-1025
-1025
-820
-1025
-1025
-1025
-1230
-1025
-1025
-1230
-1025
-820
-820
-1025
-1025
-1025
-1230
-1025
-1025
-1230
-1025
-1025
-1025
-1025
-1230
-1025
-1230
-1845
-820
-820
-615
-615
-615
-615
-820
-1025
-1025
-2255
-820
-615
-615
-615
-615
-820
-820
-1025
-1025
-2255
-1025
-615
-615
-615
-615
-615
-820
-820
-1230
-2460
-1025
-615
-615
-615
-615
-615
-820
-820
-1230
-2255
-1025
-615
-615
-820
-615
-820
-820
-820
-1230
-2255
-1025
-820
-820
-820
-615
-820
-820
-1025
-1230
-2255
-1025
-820
-820
-820
-820
-820
-820
-820
-1230
-2255
-1025
-820
-820
-820
-615
-820
-820
-1025
-1025
-2255
-1230
-1025
-820
-615
-820
-1025
-820
-1025
-1025
-2255
-1845
-1025
-1025
-820
-820
-820
-1025
-1025
-1230
-2255
-1845
-1230
-1025
-1025
-1025
-820
-1025
-1025
-1230
-2255
-1230
-820
-820
-615
-820
-820
-820
-820
-1025
-2050
-1230
-820
-615
-615
-615
-820
-820
-1025
-1025
-2255
-1025
-820
-820
-615
-820
-615
-820
-820
-1025
-2050
-1025
-820
-615
-615
-820
-820
-820
-820
-820
-2050
-820
-1025
-820
-615
-820
-615
-615
-615
-1025
-2255
-1025
-820
-820
-615
-615
-820
-615
-820
-1025
-2255
-1025
-820
-615
-615
-820
-820
-820
-820
-1025
-2255
-1230
-1025
-820
-820
-615
-820
-820
-820
-1025
-2255
-1640
-1025
-1025
-1025
-1025
-820
-1025
-1230
-1230
)
;
    }
}


// ************************************************************************* //
